Trip ID,User ID,Destination,Departure Date,Return Date,Travel Type,Transportation Mode,Hotel Rating,Total Cost ($),Customer_Satisfaction
TRIP001,USER6303,Sydney,28-07-2024,14-09-2024,Cultural,Bus,4,2297.38,1
TRIP002,USER1398,Tokyo,04-01-2025,20-02-2025,Leisure,Flight,3,4171.03,1
TRIP003,USER8452,New York,14-09-2024,06-03-2025,Business,Cruise,4,695.11,3
TRIP004,USER5289,Sydney,06-07-2024,14-08-2024,Adventure,Flight,2,1371.81,3
TRIP005,USER9783,New York,26-08-2024,25-11-2024,Cultural,Bus,2,691.52,7
TRIP006,USER1457,Sydney,27-04-2024,11-08-2024,Beach,Train,2,2651.58,9
TRIP007,USER4699,Bangkok,22-04-2024,09-11-2024,Family,Train,1,4744.11,10
TRIP008,USER8584,Paris,17-02-2025,10-04-2025,Beach,Car,1,2926.97,3
TRIP009,USER5911,Dubai,28-12-2024,03-02-2025,Adventure,Train,3,2872.18,1
TRIP010,USER4150,Paris,01-02-2025,23-02-2025,Business,Flight,2,3524.44,4
TRIP011,USER2233,Paris,05-05-2024,04-01-2025,Family,Flight,1,2949.95,4
TRIP012,USER3324,Bangkok,06-10-2024,02-11-2024,Business,Train,5,2536.78,2
TRIP013,USER8950,Istanbul,16-09-2024,14-03-2025,Adventure,Flight,3,3510.53,9
TRIP014,USER7785,Sydney,05-01-2025,31-01-2025,Family,Cruise,4,3436.77,10
TRIP015,USER8018,Barcelona,15-06-2024,19-10-2024,Beach,Bus,4,2517.63,2
TRIP016,USER9175,London,19-01-2025,24-03-2025,Leisure,Bus,2,1154,10
TRIP017,USER4480,Istanbul,01-09-2024,12-04-2025,Family,Flight,2,1167.67,3
TRIP018,USER4399,Sydney,22-12-2024,13-03-2025,Leisure,Bus,4,3319.69,2
TRIP019,USER9699,New York,10-03-2025,23-03-2025,Family,Car,2,4769.4,7
TRIP020,USER1829,Dubai,24-08-2024,22-11-2024,Adventure,Bus,1,1643.26,9
TRIP021,USER9754,Paris,14-02-2025,04-04-2025,Family,Car,4,518.54,4
TRIP022,USER3027,New York,21-01-2025,28-03-2025,Cultural,Bus,4,768.93,10
TRIP023,USER6315,Dubai,26-06-2024,10-04-2025,Adventure,Car,5,1188.12,6
TRIP024,USER8900,Dubai,26-10-2024,23-01-2025,Adventure,Bus,3,2085.6,5
TRIP025,USER7422,Paris,30-10-2024,11-11-2024,Cultural,Car,4,735.1,2
TRIP026,USER2075,Bangkok,02-03-2025,31-03-2025,Beach,Train,2,4184.29,1
TRIP027,USER6127,Dubai,06-09-2024,16-11-2024,Cultural,Cruise,4,4772.18,10
TRIP028,USER4034,Bangkok,21-05-2024,10-04-2025,Family,Flight,4,3775.5,8
TRIP029,USER5975,Bangkok,03-06-2024,28-11-2024,Adventure,Flight,4,646,4
TRIP030,USER9379,Dubai,23-07-2024,25-02-2025,Leisure,Train,2,2915.83,2
TRIP031,USER2893,Istanbul,10-12-2024,18-12-2024,Leisure,Car,4,2974.18,8
TRIP032,USER8648,London,19-05-2024,22-06-2024,Leisure,Car,2,4917.42,3
TRIP033,USER4653,Sydney,21-12-2024,09-03-2025,Business,Bus,5,4952.64,3
TRIP034,USER4876,London,08-07-2024,19-01-2025,Family,Car,4,2277.98,4
TRIP035,USER2580,Sydney,26-07-2024,11-04-2025,Beach,Cruise,3,2315.88,9
TRIP036,USER2591,Paris,06-08-2024,09-10-2024,Cultural,Car,1,3471.06,7
TRIP037,USER4975,Paris,28-10-2024,08-02-2025,Business,Bus,5,2648.3,8
TRIP038,USER2953,New York,16-10-2024,04-11-2024,Family,Car,1,3072.58,4
TRIP039,USER4877,Istanbul,10-07-2024,20-11-2024,Family,Car,5,3036.09,6
TRIP040,USER2855,Sydney,12-05-2024,07-11-2024,Adventure,Train,5,4967.46,7
TRIP041,USER9758,London,29-12-2024,23-02-2025,Family,Car,5,2376.02,8
TRIP042,USER4365,Barcelona,22-11-2024,20-12-2024,Family,Car,5,3665.41,8
TRIP043,USER1862,Rome,16-06-2024,12-08-2024,Family,Train,3,974.52,4
TRIP044,USER7953,Rome,23-10-2024,13-04-2025,Family,Flight,5,4955.47,10
TRIP045,USER9545,London,02-06-2024,15-01-2025,Beach,Bus,3,2035.39,4
TRIP046,USER2621,Dubai,24-03-2024,28-07-2024,Beach,Cruise,2,4293.59,4
TRIP047,USER2742,London,24-09-2024,15-02-2025,Beach,Train,5,2330.67,6
TRIP048,USER6673,Sydney,25-09-2024,27-02-2025,Family,Cruise,1,2483.74,10
TRIP049,USER7882,London,25-01-2025,30-01-2025,Cultural,Train,4,1136.61,2
TRIP050,USER3178,Tokyo,21-04-2024,26-07-2024,Business,Bus,2,3794.57,9
TRIP051,USER3493,Tokyo,01-05-2024,02-11-2024,Family,Flight,3,1319.79,6
TRIP052,USER3332,Istanbul,11-04-2024,29-09-2024,Business,Train,3,3746.65,5
TRIP053,USER9825,Bangkok,07-08-2024,25-08-2024,Leisure,Cruise,3,3644.71,2
TRIP054,USER4124,Tokyo,30-01-2025,13-03-2025,Cultural,Car,4,3183.73,9
TRIP055,USER4816,London,15-10-2024,14-04-2025,Beach,Cruise,5,4167.08,7
TRIP056,USER7766,Bangkok,27-03-2024,08-12-2024,Family,Cruise,3,1776.08,1
TRIP057,USER8065,Dubai,17-09-2024,01-12-2024,Leisure,Cruise,2,3750.08,7
TRIP058,USER3024,Rome,21-09-2024,09-11-2024,Leisure,Flight,5,2693.85,3
TRIP059,USER5990,Barcelona,04-10-2024,31-10-2024,Beach,Cruise,3,4541.86,7
TRIP060,USER4688,Istanbul,02-01-2025,29-01-2025,Business,Flight,5,4910.64,4
TRIP061,USER4981,New York,24-10-2024,21-03-2025,Beach,Train,3,2800.83,5
TRIP062,USER9793,Barcelona,29-08-2024,08-03-2025,Business,Train,2,2668.71,10
TRIP063,USER2016,Istanbul,24-01-2025,04-02-2025,Cultural,Train,2,4583.77,4
TRIP064,USER2793,Rome,04-02-2025,09-04-2025,Business,Flight,1,3068.17,10
TRIP065,USER6131,Dubai,21-08-2024,02-12-2024,Family,Car,3,796.89,10
TRIP066,USER4372,Rome,25-05-2024,28-08-2024,Adventure,Flight,3,3467.2,2
TRIP067,USER8936,London,10-03-2025,06-04-2025,Leisure,Cruise,5,1815.09,10
TRIP068,USER5095,Barcelona,22-08-2024,25-09-2024,Beach,Train,3,2730.42,9
TRIP069,USER3226,Dubai,15-01-2025,15-02-2025,Leisure,Train,3,2396.85,1
TRIP070,USER6837,Dubai,14-12-2024,04-01-2025,Adventure,Train,3,3834.88,4
TRIP071,USER7929,Sydney,24-08-2024,07-01-2025,Family,Cruise,5,3900.44,8
TRIP072,USER7508,Sydney,15-08-2024,27-10-2024,Leisure,Train,2,2778.83,6
TRIP073,USER1647,Bangkok,21-08-2024,10-04-2025,Beach,Cruise,3,2678.68,4
TRIP074,USER9169,Rome,08-05-2024,28-08-2024,Beach,Car,5,3689.16,4
TRIP075,USER5876,New York,28-02-2025,02-03-2025,Business,Bus,1,3569.02,5
TRIP076,USER4079,Dubai,29-11-2024,27-12-2024,Leisure,Bus,2,1296.3,7
TRIP077,USER5059,Bangkok,21-05-2024,18-06-2024,Adventure,Cruise,2,4893.83,2
TRIP078,USER5940,Dubai,21-06-2024,08-02-2025,Adventure,Flight,3,1065.62,7
TRIP079,USER8349,Paris,01-09-2024,20-11-2024,Adventure,Bus,5,652.87,10
TRIP080,USER3415,Tokyo,18-07-2024,05-03-2025,Family,Cruise,3,629.63,10
TRIP081,USER7280,Rome,18-08-2024,24-03-2025,Adventure,Flight,3,1765.08,6
TRIP082,USER9401,New York,28-05-2024,23-08-2024,Adventure,Cruise,3,4695.99,8
TRIP083,USER7653,Dubai,23-10-2024,24-02-2025,Leisure,Flight,1,3729.44,10
TRIP084,USER5235,Barcelona,01-08-2024,08-04-2025,Cultural,Flight,5,4037.08,6
TRIP085,USER9154,Rome,16-05-2024,10-09-2024,Cultural,Flight,5,4639.56,1
TRIP086,USER1482,New York,15-08-2024,08-10-2024,Adventure,Cruise,2,1303.59,5
TRIP087,USER6197,Bangkok,19-09-2024,11-04-2025,Family,Car,1,2025.46,1
TRIP088,USER9981,Tokyo,16-12-2024,16-12-2024,Adventure,Car,4,2971.01,4
TRIP089,USER7482,Sydney,06-12-2024,14-03-2025,Beach,Flight,4,1909.69,1
TRIP090,USER3686,Sydney,28-03-2024,17-04-2024,Cultural,Cruise,3,2422,4
TRIP091,USER8381,Dubai,10-04-2024,05-09-2024,Family,Cruise,4,2994.96,2
TRIP092,USER8635,Dubai,26-10-2024,20-03-2025,Cultural,Car,1,1151.35,8
TRIP093,USER6594,Tokyo,25-11-2024,30-11-2024,Leisure,Cruise,3,4082.11,5
TRIP094,USER8639,Barcelona,04-09-2024,02-01-2025,Leisure,Flight,3,1338.96,2
TRIP095,USER4430,Barcelona,15-08-2024,08-11-2024,Cultural,Train,1,3670.96,3
TRIP096,USER9392,Barcelona,26-02-2025,13-04-2025,Adventure,Cruise,3,4871.49,8
TRIP097,USER4239,New York,30-10-2024,03-11-2024,Leisure,Bus,3,4554.45,2
TRIP098,USER4062,Barcelona,17-10-2024,18-02-2025,Family,Cruise,1,3874.43,3
TRIP099,USER2720,London,06-07-2024,24-07-2024,Cultural,Bus,2,2525.58,4
TRIP100,USER5218,Paris,26-10-2024,01-12-2024,Family,Flight,2,3848.59,9
TRIP00101,USER8577,Rome,02-11-2024,21-12-2024,Leisure,Bus,4,2591.15,6
TRIP00102,USER9783,Tokyo,08-12-2024,19-01-2025,Leisure,Flight,5,1194.44,9
TRIP00103,USER7163,London,16-02-2025,20-03-2025,Beach,Car,4,561.15,8
TRIP00104,USER8244,Tokyo,16-08-2024,28-09-2024,Adventure,Bus,4,4643,5
TRIP00105,USER6386,Barcelona,21-10-2024,13-01-2025,Adventure,Train,2,2105.61,6
TRIP00106,USER2321,Rome,27-02-2025,05-04-2025,Leisure,Cruise,4,2346.59,6
TRIP00107,USER1150,New York,02-10-2024,19-03-2025,Leisure,Car,3,1483.81,4
TRIP00108,USER1402,Bangkok,22-06-2024,25-01-2025,Business,Cruise,3,769.69,8
TRIP00109,USER7097,Istanbul,24-07-2024,03-11-2024,Family,Car,1,4433.07,5
TRIP00110,USER6602,Barcelona,19-03-2024,29-07-2024,Beach,Flight,5,4365.2,6
TRIP00111,USER9858,New York,21-08-2024,22-09-2024,Adventure,Bus,3,722.75,2
TRIP00112,USER1807,London,21-10-2024,04-03-2025,Family,Train,5,2761.55,5
TRIP00113,USER8777,Sydney,07-05-2024,07-07-2024,Cultural,Flight,5,2589.65,5
TRIP00114,USER1073,Tokyo,05-04-2024,06-12-2024,Beach,Car,3,4319.55,6
TRIP00115,USER9098,Barcelona,02-07-2024,14-01-2025,Family,Train,1,4094.41,2
TRIP00116,USER6390,Sydney,18-03-2024,04-06-2024,Family,Flight,1,757.31,1
TRIP00117,USER7566,Dubai,04-08-2024,14-09-2024,Cultural,Bus,5,2241.6,2
TRIP00118,USER9609,Dubai,14-06-2024,27-10-2024,Business,Train,4,676.88,2
TRIP00119,USER3027,Tokyo,08-10-2024,03-03-2025,Beach,Flight,1,4723.42,6
TRIP00120,USER1909,Dubai,29-04-2024,03-09-2024,Family,Car,1,1685.14,1
TRIP00121,USER9334,Paris,29-08-2024,26-02-2025,Cultural,Car,1,1656.63,10
TRIP00122,USER5105,Paris,03-07-2024,23-07-2024,Beach,Train,1,3319.26,6
TRIP00123,USER7927,Sydney,20-11-2024,11-12-2024,Adventure,Car,5,1961.02,9
TRIP00124,USER1654,Dubai,12-03-2025,01-04-2025,Leisure,Flight,2,2044.66,6
TRIP00125,USER9849,Paris,09-03-2025,11-04-2025,Business,Train,2,2165.02,7
TRIP00126,USER3254,Rome,20-10-2024,03-04-2025,Business,Flight,5,1373.89,1
TRIP00127,USER3094,Sydney,05-03-2025,22-03-2025,Family,Bus,4,3246.05,8
TRIP00128,USER2808,Sydney,29-09-2024,27-10-2024,Beach,Cruise,3,4836.79,10
TRIP00129,USER5372,Paris,14-04-2024,25-02-2025,Adventure,Train,2,2727.09,4
TRIP00130,USER8805,Barcelona,06-06-2024,15-03-2025,Leisure,Cruise,1,1698.31,4
TRIP00131,USER7659,Sydney,04-09-2024,09-04-2025,Family,Flight,5,3064.54,2
TRIP00132,USER2847,Dubai,06-06-2024,15-06-2024,Beach,Bus,3,1000.65,2
TRIP00133,USER9031,Tokyo,08-09-2024,25-01-2025,Leisure,Bus,4,3022.35,3
TRIP00134,USER4902,Rome,27-09-2024,11-11-2024,Beach,Flight,2,4296.24,10
TRIP00135,USER8380,Tokyo,28-02-2025,11-04-2025,Family,Bus,2,748.25,9
TRIP00136,USER1964,Rome,23-09-2024,07-12-2024,Adventure,Flight,1,1101,6
TRIP00137,USER6318,Paris,15-06-2024,13-10-2024,Family,Flight,4,851.37,1
TRIP00138,USER7654,New York,29-08-2024,06-11-2024,Business,Car,5,4932.76,5
TRIP00139,USER1032,New York,14-09-2024,28-10-2024,Adventure,Train,5,935,10
TRIP00140,USER4144,New York,31-07-2024,11-09-2024,Beach,Train,2,4065.04,2
TRIP00141,USER2648,Bangkok,14-08-2024,26-12-2024,Adventure,Car,4,4557.23,7
TRIP00142,USER9481,Dubai,22-08-2024,22-03-2025,Family,Cruise,1,3524.6,4
TRIP00143,USER9563,Istanbul,04-03-2025,13-03-2025,Adventure,Train,4,1902.53,8
TRIP00144,USER9408,Dubai,27-03-2024,24-05-2024,Family,Train,5,1423.4,8
TRIP00145,USER5826,Bangkok,22-03-2024,12-09-2024,Leisure,Train,3,4493.91,5
TRIP00146,USER1705,Sydney,12-10-2024,28-11-2024,Business,Cruise,4,1601.37,1
TRIP00147,USER9803,London,23-11-2024,21-03-2025,Leisure,Flight,4,1170.1,6
TRIP00148,USER5450,Rome,31-03-2024,07-07-2024,Family,Car,5,766.09,10
TRIP00149,USER4545,Dubai,03-12-2024,18-02-2025,Cultural,Flight,4,4474.51,10
TRIP00150,USER7869,Dubai,15-02-2025,26-03-2025,Business,Cruise,5,2517.14,1
TRIP00151,USER6867,New York,09-04-2024,13-05-2024,Cultural,Bus,5,4426.74,1
TRIP00152,USER6430,Dubai,16-01-2025,27-03-2025,Family,Bus,5,1434.31,6
TRIP00153,USER4377,Rome,30-01-2025,02-03-2025,Business,Bus,2,3763.66,8
TRIP00154,USER6447,Paris,28-10-2024,05-11-2024,Leisure,Flight,4,3021.69,9
TRIP00155,USER4413,Barcelona,01-01-2025,27-03-2025,Family,Flight,5,2666.95,5
TRIP00156,USER8991,Sydney,03-07-2024,28-08-2024,Cultural,Bus,2,3888.04,10
TRIP00157,USER5233,Barcelona,15-10-2024,01-02-2025,Business,Flight,1,618.86,7
TRIP00158,USER7177,Tokyo,13-04-2024,08-06-2024,Business,Car,5,1886.54,4
TRIP00159,USER2309,London,17-12-2024,18-01-2025,Business,Car,1,1441.48,3
TRIP00160,USER1059,New York,22-09-2024,25-01-2025,Family,Train,4,4731.93,8
TRIP00161,USER1227,New York,14-02-2025,30-03-2025,Adventure,Train,5,4730.75,1
TRIP00162,USER9980,New York,26-12-2024,20-02-2025,Leisure,Cruise,2,2236.29,6
TRIP00163,USER6778,Tokyo,16-09-2024,23-03-2025,Leisure,Car,5,1652.67,9
TRIP00164,USER1898,Istanbul,26-05-2024,05-08-2024,Adventure,Train,2,2438.5,7
TRIP00165,USER5547,London,27-06-2024,03-01-2025,Adventure,Cruise,1,819.93,1
TRIP00166,USER8591,New York,12-07-2024,27-03-2025,Leisure,Bus,1,975.16,9
TRIP00167,USER8756,Paris,27-06-2024,13-09-2024,Business,Car,5,4579.98,7
TRIP00168,USER9953,New York,19-01-2025,27-03-2025,Family,Flight,4,2232.56,8
TRIP00169,USER9096,Bangkok,18-05-2024,06-03-2025,Leisure,Bus,3,2800.08,3
TRIP00170,USER4318,Dubai,15-09-2024,09-04-2025,Business,Car,4,2747.71,3
TRIP00171,USER1683,Barcelona,04-12-2024,22-03-2025,Leisure,Flight,2,560.3,5
TRIP00172,USER3433,Bangkok,08-10-2024,18-10-2024,Adventure,Cruise,2,1175.03,1
TRIP00173,USER5866,London,13-02-2025,01-04-2025,Beach,Train,4,4604.58,8
TRIP00174,USER9185,Barcelona,17-09-2024,21-10-2024,Adventure,Flight,5,1977.49,1
TRIP00175,USER5090,New York,30-06-2024,27-07-2024,Family,Cruise,2,1253.23,7
TRIP00176,USER7250,London,29-10-2024,29-01-2025,Leisure,Flight,3,1252.24,4
TRIP00177,USER5988,New York,11-09-2024,04-03-2025,Business,Bus,2,1799.44,2
TRIP00178,USER1698,Bangkok,13-06-2024,09-07-2024,Cultural,Train,2,2944.91,10
TRIP00179,USER7110,Dubai,10-08-2024,02-04-2025,Business,Car,2,573.41,8
TRIP00180,USER4578,Sydney,11-01-2025,10-04-2025,Cultural,Train,4,1957.73,9
TRIP00181,USER7796,Tokyo,02-03-2025,28-03-2025,Cultural,Flight,1,637.89,3
TRIP00182,USER7971,Tokyo,06-01-2025,28-03-2025,Cultural,Flight,3,2293.01,1
TRIP00183,USER8765,Dubai,31-08-2024,12-12-2024,Leisure,Cruise,5,1943.62,2
TRIP00184,USER3340,New York,25-05-2024,05-01-2025,Cultural,Bus,2,3028.55,5
TRIP00185,USER9335,Tokyo,25-08-2024,30-12-2024,Family,Cruise,4,1856.1,4
TRIP00186,USER7374,Istanbul,08-12-2024,11-01-2025,Business,Cruise,3,4419.45,9
TRIP00187,USER9613,Dubai,09-07-2024,29-03-2025,Business,Flight,4,737.79,1
TRIP00188,USER4312,London,20-04-2024,27-04-2024,Leisure,Bus,1,2931.25,1
TRIP00189,USER3195,London,24-09-2024,30-12-2024,Adventure,Bus,4,3898.53,10
TRIP00190,USER6263,Rome,09-05-2024,21-12-2024,Leisure,Car,4,1594.97,8
TRIP00191,USER6392,Paris,17-12-2024,21-12-2024,Adventure,Bus,1,3980.11,5
TRIP00192,USER5456,Istanbul,15-09-2024,13-02-2025,Business,Train,3,1162.83,1
TRIP00193,USER8484,Rome,21-07-2024,28-07-2024,Business,Train,1,4006.9,10
TRIP00194,USER8541,Barcelona,05-05-2024,11-04-2025,Family,Car,5,4999.43,8
TRIP00195,USER8467,Rome,29-08-2024,13-03-2025,Cultural,Flight,4,1238.35,1
TRIP00196,USER9880,Barcelona,30-09-2024,08-10-2024,Cultural,Bus,3,3427.07,4
TRIP00197,USER1214,New York,10-02-2025,14-03-2025,Family,Train,1,2115.5,9
TRIP00198,USER6115,Paris,21-12-2024,05-02-2025,Cultural,Bus,3,4801.62,2
TRIP00199,USER5705,Sydney,07-11-2024,20-02-2025,Leisure,Flight,5,2975.55,3
TRIP00200,USER2244,Bangkok,30-12-2024,08-01-2025,Cultural,Train,1,2705.43,1
TRIP00201,USER6562,Istanbul,23-12-2024,28-02-2025,Leisure,Bus,2,2777.14,2
TRIP00202,USER7355,Bangkok,20-04-2024,14-10-2024,Cultural,Train,5,4862.32,4
TRIP00203,USER2399,Bangkok,08-08-2024,08-04-2025,Beach,Bus,1,2824.2,1
TRIP00204,USER7090,Bangkok,20-01-2025,10-03-2025,Leisure,Flight,1,4968.35,3
TRIP00205,USER2350,Istanbul,14-11-2024,26-11-2024,Adventure,Train,3,1757.06,9
TRIP00206,USER8523,Rome,05-10-2024,14-04-2025,Family,Bus,5,531.79,9
TRIP00207,USER7010,Barcelona,04-09-2024,29-09-2024,Beach,Train,4,2218.49,8
TRIP00208,USER3442,Rome,05-04-2024,01-07-2024,Beach,Cruise,2,4462.95,2
TRIP00209,USER4991,Bangkok,01-08-2024,21-03-2025,Cultural,Cruise,4,2280.59,10
TRIP00210,USER9977,Paris,11-07-2024,22-12-2024,Family,Car,3,907.94,5
TRIP00211,USER7139,Paris,12-05-2024,04-02-2025,Family,Flight,5,2645.9,1
TRIP00212,USER6865,Tokyo,23-05-2024,19-10-2024,Leisure,Car,1,4251.51,4
TRIP00213,USER8714,Rome,18-09-2024,01-01-2025,Cultural,Flight,5,4227.82,7
TRIP00214,USER2335,London,30-04-2024,22-02-2025,Family,Train,5,1778.53,10
TRIP00215,USER2056,Barcelona,17-08-2024,28-08-2024,Business,Car,3,1273.15,8
TRIP00216,USER5181,Rome,28-10-2024,09-11-2024,Beach,Train,3,4227.14,1
TRIP00217,USER3138,Dubai,30-01-2025,07-02-2025,Adventure,Bus,4,2615.24,8
TRIP00218,USER6471,Sydney,19-09-2024,06-10-2024,Adventure,Car,2,2387.37,2
TRIP00219,USER3453,Bangkok,12-04-2024,15-09-2024,Family,Flight,3,1588,2
TRIP00220,USER6702,Tokyo,28-02-2025,20-03-2025,Cultural,Train,2,639.62,1
TRIP00221,USER2939,Tokyo,26-04-2024,01-09-2024,Adventure,Bus,1,4556.33,10
TRIP00222,USER9092,Paris,08-04-2024,21-09-2024,Family,Car,5,2831.89,9
TRIP00223,USER3271,New York,01-04-2024,24-02-2025,Business,Bus,4,1620.92,5
TRIP00224,USER1165,Tokyo,12-02-2025,26-02-2025,Adventure,Train,5,1241.18,6
TRIP00225,USER1909,Dubai,11-08-2024,02-02-2025,Business,Train,1,3665.01,9
TRIP00226,USER8109,Sydney,10-05-2024,03-01-2025,Beach,Car,2,4488.66,2
TRIP00227,USER3231,New York,19-01-2025,10-03-2025,Leisure,Train,1,3366.2,1
TRIP00228,USER8478,New York,17-07-2024,07-04-2025,Cultural,Flight,1,1360.03,4
TRIP00229,USER2240,London,18-12-2024,25-01-2025,Beach,Bus,4,3329.44,3
TRIP00230,USER1389,Tokyo,29-07-2024,07-08-2024,Family,Flight,3,1573.51,1
TRIP00231,USER1240,Barcelona,15-11-2024,25-01-2025,Business,Car,1,2524.92,7
TRIP00232,USER2386,Tokyo,30-06-2024,22-02-2025,Adventure,Bus,4,828.28,4
TRIP00233,USER9872,Paris,03-07-2024,07-01-2025,Cultural,Car,2,618.1,10
TRIP00234,USER4901,Barcelona,29-04-2024,08-05-2024,Business,Flight,1,2335.51,10
TRIP00235,USER7208,Sydney,28-05-2024,05-01-2025,Cultural,Train,4,1476.79,10
TRIP00236,USER9665,Tokyo,23-11-2024,22-01-2025,Adventure,Bus,3,4834.36,10
TRIP00237,USER6701,Bangkok,15-02-2025,12-04-2025,Cultural,Cruise,5,4162.24,4
TRIP00238,USER3945,Barcelona,17-08-2024,12-04-2025,Adventure,Flight,3,948.5,8
TRIP00239,USER4592,Bangkok,22-04-2024,06-11-2024,Leisure,Cruise,4,2489.91,6
TRIP00240,USER6842,Tokyo,06-07-2024,24-09-2024,Leisure,Bus,4,3770.11,6
TRIP00241,USER4545,Paris,07-12-2024,10-12-2024,Family,Car,3,1457.46,10
TRIP00242,USER4078,Barcelona,18-02-2025,06-03-2025,Cultural,Train,2,3489.1,1
TRIP00243,USER5218,Barcelona,30-01-2025,09-04-2025,Cultural,Flight,5,3478.61,3
TRIP00244,USER4224,Istanbul,27-08-2024,05-03-2025,Beach,Bus,2,3963.96,3
TRIP00245,USER6831,Bangkok,21-11-2024,20-12-2024,Family,Cruise,5,2390.32,4
TRIP00246,USER7775,London,31-01-2025,11-04-2025,Leisure,Car,4,1239.96,6
TRIP00247,USER5366,London,09-11-2024,16-11-2024,Cultural,Train,3,960.67,5
TRIP00248,USER8938,Sydney,01-08-2024,10-01-2025,Beach,Car,4,1971,7
TRIP00249,USER5629,Tokyo,07-05-2024,15-06-2024,Cultural,Train,3,4218.29,10
TRIP00250,USER7956,Barcelona,14-02-2025,26-02-2025,Cultural,Car,3,4278.2,6
TRIP00251,USER2507,Rome,14-05-2024,25-06-2024,Adventure,Bus,5,542.96,2
TRIP00252,USER2331,Istanbul,02-09-2024,04-11-2024,Adventure,Train,4,736.6,1
TRIP00253,USER6518,Paris,21-03-2024,05-02-2025,Leisure,Bus,3,3790.35,1
TRIP00254,USER9072,Bangkok,20-01-2025,25-02-2025,Business,Cruise,5,1006.73,4
TRIP00255,USER3244,New York,17-07-2024,25-02-2025,Leisure,Train,3,2764.42,4
TRIP00256,USER1710,London,24-12-2024,18-02-2025,Business,Car,2,1427.17,3
TRIP00257,USER5856,Rome,22-10-2024,23-10-2024,Cultural,Car,2,3460.91,6
TRIP00258,USER3537,Barcelona,24-12-2024,19-01-2025,Family,Bus,3,3056.59,6
TRIP00259,USER6710,Barcelona,07-10-2024,24-03-2025,Adventure,Train,5,4648.83,9
TRIP00260,USER7527,Tokyo,17-02-2025,17-02-2025,Leisure,Flight,1,3148.01,4
TRIP00261,USER4664,Istanbul,05-04-2024,22-11-2024,Family,Flight,4,1832.1,7
TRIP00262,USER9213,Sydney,31-08-2024,15-10-2024,Beach,Cruise,3,1187.16,4
TRIP00263,USER5578,Barcelona,10-08-2024,29-03-2025,Business,Car,3,3208.53,8
TRIP00264,USER8134,Sydney,15-06-2024,11-08-2024,Cultural,Flight,4,3045.2,4
TRIP00265,USER5321,Istanbul,08-02-2025,13-02-2025,Adventure,Car,3,3915.39,10
TRIP00266,USER6388,Tokyo,19-06-2024,10-01-2025,Family,Bus,1,3477.74,10
TRIP00267,USER1450,Tokyo,28-09-2024,11-02-2025,Leisure,Flight,3,3877.81,5
TRIP00268,USER8463,Dubai,13-05-2024,29-10-2024,Cultural,Train,4,3069.24,4
TRIP00269,USER4504,New York,02-08-2024,01-12-2024,Adventure,Bus,4,2612.59,1
TRIP00270,USER4023,Sydney,02-06-2024,19-12-2024,Family,Flight,5,1363.55,3
TRIP00271,USER4742,Tokyo,11-07-2024,21-02-2025,Adventure,Cruise,1,1709.24,2
TRIP00272,USER5270,Bangkok,19-04-2024,18-09-2024,Leisure,Bus,2,3535.54,6
TRIP00273,USER3630,Paris,08-05-2024,14-07-2024,Cultural,Train,1,1935.25,7
TRIP00274,USER6503,Istanbul,06-05-2024,20-07-2024,Beach,Flight,2,1511.74,5
TRIP00275,USER3313,Rome,21-02-2025,18-03-2025,Business,Cruise,2,3342.27,7
TRIP00276,USER3458,Barcelona,04-07-2024,02-11-2024,Adventure,Flight,2,2509.78,1
TRIP00277,USER6320,Paris,14-03-2025,02-04-2025,Family,Cruise,1,4792.24,6
TRIP00278,USER4903,Paris,29-08-2024,06-02-2025,Cultural,Train,2,3069.18,4
TRIP00279,USER6192,Tokyo,01-05-2024,26-05-2024,Business,Train,5,3411.08,1
TRIP00280,USER1652,London,19-03-2024,21-03-2024,Adventure,Flight,1,4256.89,3
TRIP00281,USER4222,Barcelona,07-09-2024,27-01-2025,Business,Car,1,3785.41,9
TRIP00282,USER3200,Barcelona,28-05-2024,30-05-2024,Business,Cruise,3,2471.5,3
TRIP00283,USER8228,Tokyo,18-04-2024,19-08-2024,Beach,Bus,4,3583.77,7
TRIP00284,USER2230,Paris,11-05-2024,09-06-2024,Leisure,Train,3,4826.49,6
TRIP00285,USER6516,Dubai,05-12-2024,21-02-2025,Adventure,Car,5,4968.75,4
TRIP00286,USER2231,Sydney,09-03-2025,11-04-2025,Business,Train,3,4942.43,6
TRIP00287,USER2791,Istanbul,01-03-2025,12-04-2025,Beach,Car,3,2378.96,9
TRIP00288,USER9595,Bangkok,22-11-2024,01-04-2025,Family,Train,5,3845.15,6
TRIP00289,USER3379,Bangkok,06-08-2024,29-12-2024,Business,Train,5,3356.06,3
TRIP00290,USER2021,Sydney,14-05-2024,16-08-2024,Leisure,Train,2,1773.39,3
TRIP00291,USER9276,London,18-08-2024,08-04-2025,Leisure,Car,5,4266.82,10
TRIP00292,USER2596,Istanbul,02-07-2024,08-07-2024,Adventure,Train,3,3937.37,2
TRIP00293,USER2549,Paris,20-06-2024,30-06-2024,Family,Train,5,4641.4,2
TRIP00294,USER2792,New York,15-05-2024,25-10-2024,Beach,Car,2,1285.83,8
TRIP00295,USER5367,Istanbul,26-11-2024,14-01-2025,Family,Train,4,3448.26,6
TRIP00296,USER8964,Sydney,09-12-2024,11-01-2025,Adventure,Bus,3,3445.52,5
TRIP00297,USER6181,Barcelona,06-06-2024,12-08-2024,Leisure,Train,1,4768.69,10
TRIP00298,USER9076,Tokyo,28-07-2024,05-10-2024,Beach,Bus,3,4417.2,7
TRIP00299,USER4770,Dubai,18-06-2024,08-12-2024,Family,Car,1,3477.77,2
TRIP00300,USER3200,Sydney,15-02-2025,07-03-2025,Adventure,Car,1,1317.75,1
TRIP00301,USER4987,New York,28-12-2024,18-01-2025,Cultural,Train,2,737.05,3
TRIP00302,USER4972,Paris,01-07-2024,16-03-2025,Leisure,Flight,1,1065.52,7
TRIP00303,USER5832,Bangkok,10-02-2025,20-03-2025,Business,Car,3,1192.39,3
TRIP00304,USER4095,Barcelona,10-02-2025,06-03-2025,Leisure,Cruise,5,2141.5,2
TRIP00305,USER7288,Dubai,13-07-2024,24-01-2025,Beach,Train,1,2656.41,9
TRIP00306,USER2919,Paris,22-03-2024,18-06-2024,Leisure,Train,1,3467.51,9
TRIP00307,USER4880,Barcelona,10-06-2024,06-10-2024,Business,Train,2,2729.18,9
TRIP00308,USER9001,Bangkok,13-07-2024,02-09-2024,Beach,Cruise,5,622.3,3
TRIP00309,USER1764,New York,30-09-2024,01-12-2024,Adventure,Train,1,3797.51,3
TRIP00310,USER3250,London,23-07-2024,30-07-2024,Beach,Cruise,4,1347.84,8
TRIP00311,USER1638,Barcelona,13-11-2024,24-02-2025,Leisure,Cruise,2,1394.03,10
TRIP00312,USER1668,Bangkok,23-02-2025,28-03-2025,Business,Train,1,1640.15,10
TRIP00313,USER9099,Rome,27-09-2024,23-11-2024,Business,Bus,3,1748.95,7
TRIP00314,USER7576,New York,04-06-2024,09-02-2025,Beach,Flight,3,3968,9
TRIP00315,USER8338,Rome,21-05-2024,21-09-2024,Adventure,Cruise,2,2721.78,6
TRIP00316,USER7207,Paris,01-07-2024,12-08-2024,Beach,Bus,4,4112.86,4
TRIP00317,USER2704,New York,22-11-2024,28-12-2024,Family,Bus,3,1624.74,8
TRIP00318,USER4265,Dubai,12-04-2024,16-08-2024,Leisure,Flight,4,1622.43,7
TRIP00319,USER5813,Istanbul,11-06-2024,16-09-2024,Business,Flight,2,4633.34,2
TRIP00320,USER9989,Istanbul,10-01-2025,18-03-2025,Beach,Cruise,5,2978.7,4
TRIP00321,USER3459,Tokyo,26-11-2024,06-01-2025,Leisure,Train,3,4792.26,9
TRIP00322,USER4399,Paris,02-06-2024,04-11-2024,Cultural,Flight,5,2786.17,5
TRIP00324,USER5495,Dubai,18-04-2024,29-09-2024,Cultural,Car,3,4883.04,3
TRIP00325,USER6310,London,30-05-2024,10-12-2024,Business,Bus,3,2929.25,10
TRIP00326,USER4553,Tokyo,29-04-2024,16-03-2025,Family,Bus,2,1930.26,4
TRIP00327,USER9862,Bangkok,25-06-2024,26-12-2024,Adventure,Cruise,4,1023.89,4
TRIP00328,USER1753,Dubai,10-06-2024,25-01-2025,Adventure,Train,5,1020.47,9
TRIP00329,USER5238,Paris,08-06-2024,02-08-2024,Leisure,Cruise,1,2306.76,6
TRIP00330,USER4597,Bangkok,28-02-2025,23-03-2025,Adventure,Flight,3,882.44,5
TRIP00331,USER7850,Bangkok,14-08-2024,25-11-2024,Business,Car,4,1368.9,5
TRIP00332,USER1516,Bangkok,14-05-2024,14-09-2024,Adventure,Car,3,937.95,4
TRIP00333,USER7067,Tokyo,23-09-2024,05-11-2024,Family,Bus,5,2501.98,1
TRIP00334,USER7930,Dubai,01-02-2025,02-03-2025,Business,Train,5,3447.45,3
TRIP00335,USER6419,Dubai,09-06-2024,05-02-2025,Family,Bus,5,2742.91,7
TRIP00336,USER4600,Bangkok,30-07-2024,11-10-2024,Adventure,Bus,5,2186.46,3
TRIP00337,USER9045,Sydney,15-11-2024,31-03-2025,Beach,Cruise,2,1634.36,6
TRIP00338,USER8748,Sydney,14-08-2024,01-10-2024,Cultural,Train,1,3086.39,3
TRIP00339,USER1068,Rome,17-03-2024,27-08-2024,Leisure,Bus,1,4007.85,10
TRIP00340,USER8655,London,16-01-2025,02-03-2025,Leisure,Cruise,2,1303.42,6
TRIP00341,USER6071,Bangkok,07-08-2024,07-08-2024,Leisure,Bus,3,4337.05,3
TRIP00342,USER8759,Bangkok,03-01-2025,19-02-2025,Beach,Train,3,4466.1,8
TRIP00343,USER8029,Sydney,21-04-2024,09-03-2025,Business,Flight,3,1271.34,8
TRIP00344,USER4415,Sydney,25-08-2024,29-03-2025,Family,Bus,5,3673.59,8
TRIP00345,USER5873,Barcelona,07-11-2024,04-12-2024,Adventure,Train,5,2885.55,1
TRIP00346,USER4617,Tokyo,03-01-2025,05-03-2025,Beach,Car,2,1132.61,3
TRIP00347,USER5867,Dubai,16-03-2024,29-09-2024,Family,Cruise,5,1287.81,5
TRIP00348,USER3590,London,13-04-2024,10-07-2024,Business,Bus,3,1153.95,10
TRIP00349,USER2386,Bangkok,22-10-2024,02-02-2025,Leisure,Bus,1,641.75,10
TRIP00350,USER5811,Paris,15-07-2024,02-03-2025,Cultural,Cruise,1,3432.93,8
TRIP00351,USER5054,Sydney,14-02-2025,06-04-2025,Adventure,Flight,1,2180.77,8
TRIP00352,USER2988,Sydney,16-10-2024,05-03-2025,Leisure,Flight,2,3918.76,6
TRIP00353,USER2431,Dubai,14-01-2025,23-02-2025,Business,Cruise,5,4344.33,3
TRIP00354,USER6426,London,09-07-2024,03-03-2025,Cultural,Train,4,3469.72,4
TRIP00355,USER7721,Tokyo,23-09-2024,02-10-2024,Beach,Cruise,2,4043.63,2
TRIP00356,USER2064,New York,08-09-2024,10-12-2024,Leisure,Train,3,816.65,4
TRIP00357,USER8002,New York,26-10-2024,06-04-2025,Leisure,Bus,2,3352.58,1
TRIP00358,USER3247,Rome,18-08-2024,18-08-2024,Adventure,Bus,3,3773.54,8
TRIP00359,USER4261,Istanbul,26-05-2024,24-12-2024,Leisure,Train,3,2106.16,3
TRIP00360,USER1475,Dubai,10-02-2025,14-04-2025,Family,Cruise,4,1052.1,3
TRIP00361,USER3972,Sydney,07-07-2024,03-02-2025,Leisure,Cruise,2,3792.54,9
TRIP00362,USER6603,New York,12-01-2025,07-03-2025,Family,Train,1,2079.93,7
TRIP00363,USER4984,Barcelona,06-08-2024,08-02-2025,Adventure,Cruise,2,4305.98,4
TRIP00364,USER8005,Bangkok,15-09-2024,27-12-2024,Business,Bus,1,3891.85,2
TRIP00365,USER3625,London,22-05-2024,15-02-2025,Cultural,Train,1,1435.94,10
TRIP00366,USER2339,Paris,24-02-2025,12-04-2025,Adventure,Bus,3,3543.51,3
TRIP00367,USER4349,Paris,19-11-2024,25-12-2024,Business,Bus,3,802.88,8
TRIP00368,USER9246,Tokyo,29-05-2024,02-10-2024,Adventure,Train,2,4784.09,6
TRIP00369,USER8746,Bangkok,05-06-2024,16-03-2025,Business,Car,5,978.53,2
TRIP00370,USER1681,Barcelona,23-05-2024,24-11-2024,Business,Train,1,4220.8,9
TRIP00371,USER7574,Bangkok,20-11-2024,21-01-2025,Leisure,Flight,1,4555.5,9
TRIP00372,USER6901,Sydney,01-06-2024,08-09-2024,Cultural,Flight,1,4746.69,4
TRIP00373,USER2576,Rome,22-01-2025,26-03-2025,Leisure,Car,2,4440.18,9
TRIP00374,USER8654,Dubai,27-08-2024,05-09-2024,Leisure,Car,4,1912.62,1
TRIP00375,USER3735,Barcelona,07-01-2025,06-03-2025,Business,Cruise,3,1372.99,5
TRIP00376,USER5790,Rome,26-05-2024,23-01-2025,Cultural,Car,3,1028.84,8
TRIP00377,USER9776,Bangkok,20-08-2024,20-03-2025,Leisure,Flight,5,3912.08,7
TRIP00378,USER9082,Barcelona,02-08-2024,16-09-2024,Cultural,Bus,2,2214.71,8
TRIP00379,USER5002,Istanbul,16-06-2024,06-12-2024,Business,Car,4,3535.88,9
TRIP00380,USER8389,Istanbul,16-04-2024,10-10-2024,Business,Bus,1,1744.43,5
TRIP00381,USER8253,Bangkok,08-04-2024,30-05-2024,Business,Flight,2,4095.26,3
TRIP00382,USER9182,Rome,13-12-2024,31-12-2024,Family,Cruise,5,3843.44,3
TRIP00383,USER5755,Dubai,14-01-2025,23-01-2025,Leisure,Flight,2,1238.04,10
TRIP00384,USER8071,Tokyo,21-06-2024,05-02-2025,Business,Car,5,2153.33,5
TRIP00385,USER8240,Istanbul,15-03-2025,25-03-2025,Beach,Cruise,1,3393.38,6
TRIP00387,USER6319,Tokyo,01-05-2024,16-10-2024,Family,Bus,4,1761.14,5
TRIP00388,USER4914,New York,01-03-2025,07-04-2025,Leisure,Cruise,2,1846,1
TRIP00389,USER6180,Sydney,29-04-2024,13-11-2024,Family,Flight,2,3761.28,2
TRIP00390,USER6523,Barcelona,20-01-2025,17-02-2025,Beach,Car,1,2920.67,3
TRIP00391,USER1970,Barcelona,14-07-2024,06-04-2025,Family,Car,1,2616.07,1
TRIP00392,USER4324,New York,14-02-2025,04-03-2025,Business,Train,1,3436.02,7
TRIP00393,USER8915,Sydney,03-02-2025,14-04-2025,Business,Bus,3,2374.11,3
TRIP00394,USER6772,Paris,07-12-2024,03-02-2025,Beach,Car,3,4447.66,2
TRIP00395,USER3915,Istanbul,13-10-2024,22-11-2024,Business,Flight,1,3146.77,5
TRIP00396,USER5201,Bangkok,14-01-2025,27-01-2025,Beach,Cruise,1,4140.91,6
TRIP00397,USER9285,Istanbul,11-04-2024,04-11-2024,Leisure,Flight,1,3770.38,9
TRIP00398,USER6163,Paris,08-05-2024,22-05-2024,Business,Flight,3,1463.58,2
TRIP00399,USER2059,Dubai,07-05-2024,18-03-2025,Family,Cruise,3,4092.43,8
TRIP00400,USER5737,Paris,20-07-2024,15-10-2024,Cultural,Cruise,2,1010.7,9
TRIP00401,USER8941,Paris,25-11-2024,25-02-2025,Business,Car,1,4343.16,6
TRIP00402,USER3004,Rome,19-08-2024,23-08-2024,Business,Flight,4,4761.21,8
TRIP00403,USER8958,Sydney,21-01-2025,12-02-2025,Business,Bus,2,2037.78,1
TRIP00404,USER8128,Paris,16-10-2024,05-12-2024,Beach,Flight,4,1264.53,8
TRIP00405,USER7786,Paris,14-07-2024,01-11-2024,Cultural,Flight,4,3352.12,2
TRIP00406,USER3552,Barcelona,24-09-2024,22-12-2024,Cultural,Bus,4,1253.29,6
TRIP00407,USER3447,London,26-09-2024,12-03-2025,Family,Cruise,5,1858.18,8
TRIP00408,USER7994,London,17-04-2024,18-05-2024,Leisure,Train,1,3811.57,1
TRIP00409,USER7134,Bangkok,14-07-2024,29-09-2024,Cultural,Car,2,2115.34,7
TRIP00410,USER8817,Rome,09-05-2024,20-09-2024,Family,Flight,2,1181.74,8
TRIP00411,USER8781,Rome,28-08-2024,04-01-2025,Family,Flight,5,3371.68,5
TRIP00412,USER5327,Paris,12-06-2024,23-11-2024,Family,Flight,3,1680.23,1
TRIP00413,USER9541,Istanbul,30-11-2024,21-03-2025,Beach,Cruise,5,4837.48,4
TRIP00414,USER5969,New York,25-12-2024,05-04-2025,Business,Flight,5,4293.42,5
TRIP00415,USER1892,Dubai,06-04-2024,15-04-2025,Business,Cruise,3,4510.75,2
TRIP00416,USER5318,New York,27-08-2024,04-11-2024,Beach,Bus,4,3597.77,3
TRIP00417,USER3686,Paris,02-12-2024,10-02-2025,Adventure,Flight,3,1781.45,9
TRIP00418,USER4750,Istanbul,11-04-2024,10-05-2024,Beach,Flight,1,3612.93,1
TRIP00419,USER6774,Dubai,11-05-2024,04-03-2025,Leisure,Car,2,2655.4,4
TRIP00420,USER6505,Sydney,05-01-2025,07-03-2025,Adventure,Cruise,5,979.43,3
TRIP00421,USER4708,New York,17-11-2024,15-04-2025,Family,Flight,2,4216.11,10
TRIP00422,USER4582,Paris,31-10-2024,01-01-2025,Beach,Bus,2,1757.13,5
TRIP00423,USER5668,Paris,28-06-2024,16-08-2024,Beach,Flight,1,2209.54,8
TRIP00424,USER8682,Tokyo,29-07-2024,03-12-2024,Leisure,Car,2,1848.77,1
TRIP00425,USER1790,Rome,25-04-2024,14-01-2025,Beach,Train,3,2894.05,7
TRIP00426,USER2817,Barcelona,08-03-2025,30-03-2025,Adventure,Flight,4,1128.37,1
TRIP00427,USER8783,Bangkok,30-12-2024,09-03-2025,Adventure,Cruise,2,2061.5,10
TRIP00428,USER7537,New York,26-10-2024,08-12-2024,Leisure,Car,4,3863.62,1
TRIP00429,USER2542,Dubai,07-02-2025,06-04-2025,Business,Flight,1,2275.08,2
TRIP00430,USER1089,Tokyo,12-04-2024,23-03-2025,Adventure,Train,3,3861.68,9
TRIP00431,USER9793,Barcelona,04-07-2024,14-03-2025,Business,Cruise,4,1069.52,6
TRIP00432,USER1428,New York,28-10-2024,25-12-2024,Leisure,Flight,4,2465.41,9
TRIP00433,USER2175,Istanbul,23-07-2024,04-11-2024,Family,Flight,4,3782.52,2
TRIP00434,USER7592,New York,24-09-2024,06-12-2024,Cultural,Train,5,3507.61,1
TRIP00435,USER2135,Sydney,07-06-2024,27-08-2024,Cultural,Flight,5,4226.28,5
TRIP00436,USER6807,London,03-08-2024,20-01-2025,Adventure,Flight,4,829.59,9
TRIP00437,USER8066,New York,08-01-2025,04-04-2025,Beach,Car,3,1327.18,10
TRIP00438,USER1350,Istanbul,25-02-2025,10-03-2025,Adventure,Train,2,2423.96,9
TRIP00439,USER8614,New York,17-04-2024,19-01-2025,Beach,Flight,4,4460.05,3
TRIP00440,USER2289,Bangkok,16-01-2025,06-04-2025,Cultural,Train,5,1702.44,7
TRIP00441,USER4857,Rome,15-11-2024,23-01-2025,Business,Bus,3,4375.82,9
TRIP00442,USER5450,Sydney,13-01-2025,31-03-2025,Leisure,Train,4,1332.14,2
TRIP00443,USER6993,London,21-11-2024,20-02-2025,Beach,Bus,2,3800.34,5
TRIP00444,USER7544,Barcelona,25-04-2024,13-09-2024,Adventure,Bus,3,2959.6,1
TRIP00445,USER4036,New York,21-05-2024,17-01-2025,Business,Car,1,2739.08,1
TRIP00446,USER9714,Paris,01-05-2024,27-08-2024,Adventure,Cruise,2,1795.15,9
TRIP00447,USER1404,Istanbul,16-03-2025,22-03-2025,Family,Bus,1,1379.39,9
TRIP00448,USER2922,Tokyo,04-05-2024,31-07-2024,Cultural,Train,1,3460.96,7
TRIP00449,USER4944,London,28-11-2024,25-01-2025,Adventure,Cruise,3,2723.57,9
TRIP00450,USER3356,Dubai,13-09-2024,25-02-2025,Cultural,Car,1,1325.14,3
TRIP00451,USER6934,Paris,05-04-2024,26-01-2025,Leisure,Car,2,4831.17,6
TRIP00452,USER8395,Tokyo,13-10-2024,11-11-2024,Leisure,Cruise,4,3941.68,1
TRIP00453,USER7642,Bangkok,12-01-2025,01-02-2025,Cultural,Bus,4,3037.11,5
TRIP00454,USER4273,Istanbul,26-04-2024,22-10-2024,Business,Bus,5,2839.76,2
TRIP00455,USER5304,Tokyo,24-02-2025,28-03-2025,Cultural,Flight,4,3289.81,10
TRIP00456,USER4448,Istanbul,25-04-2024,10-04-2025,Adventure,Flight,2,3062.07,8
TRIP00457,USER2823,London,27-07-2024,30-10-2024,Leisure,Car,3,724.26,7
TRIP00458,USER8943,Dubai,04-06-2024,10-03-2025,Leisure,Flight,1,2845.68,8
TRIP00459,USER9875,Istanbul,07-05-2024,14-07-2024,Family,Car,2,4190.6,10
TRIP00460,USER1559,Sydney,24-08-2024,30-12-2024,Adventure,Car,4,2662.11,2
TRIP00461,USER4417,Barcelona,06-03-2025,17-03-2025,Beach,Car,5,2209.07,2
TRIP00462,USER7006,Tokyo,09-01-2025,12-04-2025,Cultural,Car,2,1411.44,9
TRIP00463,USER7287,Bangkok,25-08-2024,08-10-2024,Leisure,Cruise,4,4472.48,7
TRIP00464,USER5235,Istanbul,16-11-2024,14-04-2025,Leisure,Flight,1,4062.22,4
TRIP00465,USER6736,Barcelona,26-04-2024,29-06-2024,Business,Car,4,1719,2
TRIP00466,USER8278,Bangkok,17-07-2024,16-12-2024,Leisure,Cruise,4,3148.56,2
TRIP00467,USER9358,Bangkok,01-11-2024,19-03-2025,Cultural,Car,5,4364.39,6
TRIP00468,USER8848,New York,06-07-2024,19-07-2024,Cultural,Bus,2,1956.02,3
TRIP00469,USER1991,London,25-04-2024,01-07-2024,Business,Cruise,1,2434.37,2
TRIP00470,USER6787,Paris,23-04-2024,03-12-2024,Beach,Cruise,2,4042.89,8
TRIP00471,USER4253,Istanbul,05-01-2025,14-04-2025,Adventure,Bus,1,1277.02,8
TRIP00472,USER7888,Rome,03-04-2024,07-02-2025,Business,Car,1,1724.32,2
TRIP00473,USER4359,Sydney,07-05-2024,06-06-2024,Leisure,Car,2,4646.06,1
TRIP00474,USER1413,Tokyo,17-06-2024,05-04-2025,Leisure,Car,2,911.39,2
TRIP00475,USER9380,New York,28-12-2024,04-02-2025,Leisure,Car,4,3901.1,9
TRIP00476,USER7547,Sydney,01-07-2024,08-10-2024,Leisure,Car,5,2293.49,4
TRIP00477,USER1036,Tokyo,05-10-2024,06-03-2025,Beach,Train,4,4454.59,10
TRIP00478,USER5318,Istanbul,03-08-2024,07-11-2024,Leisure,Train,2,2686.53,2
TRIP00479,USER5976,Bangkok,22-02-2025,15-03-2025,Family,Flight,1,4614.35,7
TRIP00480,USER4223,Paris,10-05-2024,23-10-2024,Beach,Car,2,1367,1
TRIP00481,USER4900,London,25-09-2024,18-02-2025,Adventure,Train,2,2822.7,9
TRIP00482,USER1717,Sydney,14-07-2024,31-01-2025,Beach,Train,2,4473.2,7
TRIP00483,USER6674,Paris,20-08-2024,13-11-2024,Leisure,Flight,5,3979.39,3
TRIP00484,USER6581,Tokyo,01-07-2024,04-01-2025,Cultural,Flight,4,3677.52,4
TRIP00485,USER4769,Bangkok,14-12-2024,14-03-2025,Leisure,Bus,3,2341.95,3
TRIP00486,USER7731,London,08-06-2024,19-06-2024,Beach,Cruise,2,4865.51,2
TRIP00487,USER2046,Rome,19-01-2025,20-02-2025,Adventure,Train,4,3766.41,9
TRIP00488,USER2005,Dubai,07-08-2024,28-03-2025,Adventure,Car,1,1945.12,7
TRIP00489,USER1856,Barcelona,23-01-2025,11-02-2025,Business,Train,2,4435.93,7
TRIP00490,USER8800,Paris,24-09-2024,22-01-2025,Leisure,Car,3,3723.28,7
TRIP00491,USER5240,Bangkok,29-12-2024,21-01-2025,Cultural,Bus,3,2001.39,3
TRIP00492,USER7287,Barcelona,08-09-2024,24-10-2024,Beach,Car,5,3085.45,9
TRIP00493,USER6648,New York,17-05-2024,28-06-2024,Leisure,Car,3,2788.17,5
TRIP00494,USER6541,Tokyo,09-09-2024,26-11-2024,Beach,Train,2,4153.26,5
TRIP00495,USER3419,Tokyo,17-12-2024,03-04-2025,Cultural,Train,4,4064.75,4
TRIP00496,USER6941,Bangkok,20-12-2024,23-01-2025,Adventure,Car,5,4442.31,9
TRIP00497,USER7410,Istanbul,21-02-2025,22-02-2025,Beach,Bus,3,3265.53,8
TRIP00498,USER1657,London,29-12-2024,29-01-2025,Beach,Train,5,3078.29,1
TRIP00499,USER9975,Rome,29-12-2024,22-02-2025,Cultural,Flight,3,4678.92,7
TRIP00500,USER9266,Istanbul,12-11-2024,17-12-2024,Family,Bus,4,1228.42,5
TRIP00501,USER1783,Bangkok,01-07-2024,01-03-2025,Business,Flight,5,3983.43,10
TRIP00502,USER3434,Paris,21-12-2024,17-02-2025,Family,Car,5,751.84,5
TRIP00503,USER9459,Sydney,12-10-2024,15-03-2025,Adventure,Bus,2,3228.01,4
TRIP00504,USER3455,Bangkok,10-01-2025,08-04-2025,Beach,Bus,4,4810.33,2
TRIP00505,USER3657,Dubai,20-11-2024,24-11-2024,Beach,Car,3,2826,3
TRIP00506,USER2581,Dubai,09-07-2024,15-12-2024,Family,Flight,4,1543.92,4
TRIP00507,USER4600,Bangkok,11-12-2024,06-02-2025,Leisure,Car,3,2757.35,10
TRIP00508,USER2172,London,07-12-2024,03-03-2025,Business,Train,5,4835.93,5
TRIP00509,USER9346,London,20-10-2024,15-02-2025,Beach,Bus,2,1789.1,6
TRIP00510,USER9019,Bangkok,21-01-2025,25-02-2025,Family,Bus,2,3867.84,9
TRIP00511,USER1057,Bangkok,20-07-2024,21-07-2024,Adventure,Car,4,4156.45,8
TRIP00512,USER9560,London,25-11-2024,16-01-2025,Leisure,Bus,1,4530.07,2
TRIP00513,USER1018,Barcelona,13-12-2024,20-03-2025,Leisure,Bus,3,1281.84,8
TRIP00514,USER9512,Rome,21-12-2024,21-03-2025,Leisure,Cruise,4,4750.13,5
TRIP00515,USER2060,Rome,12-07-2024,07-12-2024,Cultural,Flight,3,1148.43,1
TRIP00516,USER1814,Barcelona,08-09-2024,07-12-2024,Leisure,Flight,5,1181.75,7
TRIP00517,USER3535,London,28-10-2024,08-03-2025,Leisure,Flight,3,4857.36,4
TRIP00518,USER8928,Paris,30-08-2024,23-12-2024,Beach,Flight,1,4185.64,5
TRIP00519,USER5398,Bangkok,26-08-2024,09-01-2025,Leisure,Bus,2,3112.06,6
TRIP00520,USER1562,Barcelona,15-12-2024,28-03-2025,Adventure,Car,1,505.55,10
TRIP00521,USER6388,Bangkok,06-01-2025,23-02-2025,Family,Car,4,4242.87,4
TRIP00522,USER9740,Bangkok,28-07-2024,02-11-2024,Beach,Car,4,4845.99,8
TRIP00523,USER9389,Tokyo,08-08-2024,19-02-2025,Leisure,Train,1,3367.58,5
TRIP00524,USER4207,Rome,26-07-2024,22-03-2025,Cultural,Train,3,2588.71,9
TRIP00525,USER4380,Paris,27-12-2024,23-02-2025,Family,Car,2,3366.78,4
TRIP00526,USER7723,New York,02-09-2024,28-03-2025,Family,Cruise,5,2213.96,1
TRIP00527,USER5264,London,10-12-2024,28-02-2025,Family,Bus,3,1848.51,3
TRIP00528,USER3593,New York,20-11-2024,04-03-2025,Cultural,Flight,3,4537.38,2
TRIP00529,USER7401,Istanbul,10-11-2024,23-01-2025,Business,Bus,2,1516.5,10
TRIP00530,USER8622,New York,31-08-2024,10-03-2025,Leisure,Cruise,2,2482.78,2
TRIP00531,USER6319,Istanbul,10-07-2024,04-10-2024,Business,Flight,2,1709.68,5
TRIP00532,USER2433,London,29-12-2024,05-02-2025,Cultural,Flight,2,2948.02,5
TRIP00533,USER1234,Paris,09-01-2025,02-02-2025,Adventure,Flight,5,1597.97,2
TRIP00534,USER3425,Barcelona,09-02-2025,14-03-2025,Business,Bus,4,1405.9,8
TRIP00535,USER2638,Dubai,15-07-2024,31-10-2024,Cultural,Flight,5,1655.68,10
TRIP00536,USER6537,Tokyo,14-11-2024,05-04-2025,Adventure,Car,3,1989.04,2
TRIP00537,USER9072,Bangkok,15-12-2024,07-04-2025,Adventure,Bus,1,4088.32,4
TRIP00538,USER6985,Paris,11-09-2024,09-11-2024,Cultural,Car,5,2705.87,5
TRIP00539,USER5554,Paris,12-11-2024,02-12-2024,Cultural,Flight,1,3078.17,10
TRIP00540,USER8584,Dubai,19-04-2024,14-02-2025,Family,Car,1,2532.65,6
TRIP00541,USER4686,Istanbul,26-01-2025,20-02-2025,Business,Cruise,2,3851.99,2
TRIP00542,USER7083,New York,28-06-2024,10-11-2024,Cultural,Cruise,1,3923.93,4
TRIP00543,USER2993,London,17-02-2025,09-04-2025,Business,Flight,3,572.75,1
TRIP00544,USER6126,Sydney,26-05-2024,16-06-2024,Leisure,Car,4,2199.6,1
TRIP00545,USER1695,Dubai,04-06-2024,17-06-2024,Adventure,Cruise,2,1215.42,10
TRIP00546,USER5158,Dubai,03-10-2024,12-04-2025,Family,Car,2,4429.81,8
TRIP00547,USER7652,Rome,14-04-2024,08-09-2024,Leisure,Bus,1,1093.36,9
TRIP00548,USER3108,Paris,24-09-2024,24-03-2025,Business,Car,5,1024.94,1
TRIP00549,USER5989,Dubai,25-10-2024,14-12-2024,Cultural,Cruise,5,2778.46,2
TRIP00550,USER1935,New York,24-12-2024,12-03-2025,Business,Train,3,2046.57,7
TRIP00551,USER5055,London,10-08-2024,10-10-2024,Business,Train,3,1198.15,10
TRIP00552,USER2443,Istanbul,22-03-2024,24-11-2024,Cultural,Train,3,3400.59,8
TRIP00553,USER4630,London,08-11-2024,21-03-2025,Business,Train,4,869.01,6
TRIP00554,USER2423,London,29-10-2024,20-03-2025,Business,Bus,5,963.07,4
TRIP00555,USER7218,London,22-02-2025,18-03-2025,Family,Car,5,3759.53,3
TRIP00556,USER9223,Barcelona,24-11-2024,13-02-2025,Beach,Train,2,4280.09,7
TRIP00557,USER1598,Bangkok,12-03-2025,22-03-2025,Beach,Flight,4,917.9,9
TRIP00558,USER6584,London,13-07-2024,19-10-2024,Adventure,Train,4,3416.03,6
TRIP00559,USER7124,London,28-12-2024,21-03-2025,Family,Car,5,681.11,8
TRIP00560,USER9241,Sydney,08-05-2024,28-09-2024,Cultural,Flight,2,2034.87,10
TRIP00561,USER5108,Dubai,25-11-2024,11-12-2024,Cultural,Flight,5,4900.1,10
TRIP00562,USER7352,Sydney,06-02-2025,29-03-2025,Beach,Bus,5,1336.22,8
TRIP00563,USER9179,Barcelona,20-12-2024,13-02-2025,Adventure,Cruise,2,3319.63,8
TRIP00564,USER6937,Rome,28-03-2024,12-03-2025,Adventure,Train,5,2783.77,10
TRIP00565,USER7317,Tokyo,06-12-2024,27-01-2025,Adventure,Car,3,2114.78,4
TRIP00566,USER1021,Bangkok,31-01-2025,12-02-2025,Business,Cruise,3,1504.49,4
TRIP00567,USER9244,Sydney,17-11-2024,08-04-2025,Leisure,Cruise,5,4957.1,7
TRIP00568,USER5331,Barcelona,10-03-2025,10-03-2025,Leisure,Flight,1,3188.52,1
TRIP00569,USER7050,Paris,06-07-2024,02-11-2024,Family,Flight,4,4007.25,7
TRIP00570,USER8585,Paris,04-11-2024,01-12-2024,Beach,Train,4,1025.08,1
TRIP00571,USER9231,Sydney,25-01-2025,13-04-2025,Cultural,Car,5,3769.52,9
TRIP00572,USER8182,Barcelona,10-08-2024,26-01-2025,Family,Flight,5,3916.78,6
TRIP00573,USER1204,Istanbul,18-11-2024,27-03-2025,Family,Train,3,2588.51,2
TRIP00574,USER9823,London,18-02-2025,20-03-2025,Leisure,Flight,4,4169.76,7
TRIP00575,USER6944,Rome,04-06-2024,04-08-2024,Business,Car,2,1520.93,8
TRIP00576,USER5378,Istanbul,13-03-2025,04-04-2025,Adventure,Car,2,501.68,5
TRIP00577,USER3745,Barcelona,24-07-2024,29-11-2024,Cultural,Cruise,2,846.26,2
TRIP00578,USER6223,Paris,14-12-2024,17-01-2025,Adventure,Cruise,2,1708.7,3
TRIP00579,USER7671,Rome,23-08-2024,23-03-2025,Beach,Car,1,2123.08,3
TRIP00580,USER3528,Barcelona,02-05-2024,02-05-2024,Family,Flight,5,3006.84,7
TRIP00581,USER2101,Istanbul,28-06-2024,02-03-2025,Family,Car,3,3057.08,10
TRIP00582,USER8215,Barcelona,08-04-2024,05-08-2024,Business,Train,1,2035.82,8
TRIP00583,USER2235,Barcelona,06-08-2024,28-09-2024,Cultural,Flight,2,1511.12,7
TRIP00584,USER7007,Sydney,03-03-2025,10-03-2025,Beach,Train,3,2193.05,10
TRIP00585,USER5922,New York,01-11-2024,13-04-2025,Cultural,Car,4,1946.81,1
TRIP00586,USER2405,New York,09-08-2024,11-12-2024,Family,Train,1,1644.65,9
TRIP00587,USER8089,London,20-03-2024,07-04-2025,Cultural,Cruise,1,4577.72,2
TRIP00588,USER7002,Sydney,23-05-2024,28-05-2024,Cultural,Bus,4,1158.87,6
TRIP00589,USER7326,Tokyo,04-04-2024,17-02-2025,Leisure,Cruise,2,1653.97,9
TRIP00590,USER1173,Istanbul,05-11-2024,03-03-2025,Beach,Train,3,4311.45,5
TRIP00591,USER8526,Barcelona,26-12-2024,03-03-2025,Adventure,Flight,4,3458.63,7
TRIP00592,USER8816,New York,20-01-2025,12-03-2025,Leisure,Car,2,4789.53,5
TRIP00593,USER2092,Dubai,17-06-2024,04-01-2025,Business,Cruise,5,4071.98,6
TRIP00594,USER9120,New York,30-08-2024,28-10-2024,Business,Car,1,2852.44,2
TRIP00595,USER2828,Rome,26-12-2024,09-04-2025,Cultural,Bus,2,2926.97,4
TRIP00596,USER5897,New York,04-02-2025,25-03-2025,Cultural,Cruise,4,3933.88,7
TRIP00597,USER7895,Barcelona,28-09-2024,17-02-2025,Leisure,Bus,2,2380.54,1
TRIP00598,USER6208,London,11-06-2024,04-11-2024,Cultural,Bus,4,729.56,2
TRIP00599,USER3833,Dubai,05-11-2024,13-03-2025,Family,Flight,2,906.62,10
TRIP00600,USER4512,Bangkok,12-03-2025,30-03-2025,Beach,Bus,1,1829.03,6
TRIP00601,USER2121,London,07-12-2024,10-01-2025,Family,Bus,4,2922.71,10
TRIP00602,USER3081,Barcelona,11-03-2025,20-03-2025,Business,Cruise,5,4088.54,7
TRIP00603,USER4231,Rome,05-03-2025,12-03-2025,Cultural,Car,2,1843.21,10
TRIP00604,USER2690,Sydney,24-07-2024,26-01-2025,Business,Flight,3,3836.42,6
TRIP00605,USER4528,Rome,02-03-2025,27-03-2025,Beach,Cruise,3,4794.43,2
TRIP00606,USER3871,London,05-04-2024,14-06-2024,Adventure,Train,2,3886.74,2
TRIP00607,USER2416,Barcelona,20-12-2024,23-03-2025,Family,Cruise,1,1555.55,2
TRIP00608,USER1671,Sydney,27-05-2024,02-02-2025,Leisure,Bus,3,4773.9,8
TRIP00609,USER5212,London,26-12-2024,26-02-2025,Beach,Bus,3,2901.36,8
TRIP00610,USER7895,Bangkok,18-06-2024,18-01-2025,Cultural,Flight,2,1521.76,2
TRIP00611,USER8415,Tokyo,20-04-2024,18-01-2025,Beach,Train,2,2853.71,8
TRIP00612,USER3588,Bangkok,12-11-2024,07-03-2025,Leisure,Flight,3,4028.68,4
TRIP00613,USER3129,Tokyo,15-02-2025,02-03-2025,Adventure,Bus,2,2939.04,2
TRIP00614,USER8396,London,06-12-2024,05-02-2025,Family,Flight,4,626.44,6
TRIP00615,USER6332,Sydney,12-11-2024,31-12-2024,Leisure,Flight,3,1589.46,8
TRIP00616,USER8207,Istanbul,31-12-2024,06-03-2025,Adventure,Flight,4,1274.38,7
TRIP00617,USER7499,Istanbul,04-10-2024,20-03-2025,Adventure,Train,1,2161.32,5
TRIP00618,USER6653,Bangkok,19-07-2024,23-02-2025,Cultural,Train,2,4621.39,7
TRIP00619,USER4069,Bangkok,11-04-2024,03-11-2024,Leisure,Cruise,3,2810.58,2
TRIP00620,USER3537,New York,30-09-2024,29-12-2024,Leisure,Train,4,4230.84,9
TRIP00621,USER7757,London,11-09-2024,09-01-2025,Adventure,Bus,5,1872.7,9
TRIP00622,USER9547,Bangkok,01-10-2024,26-03-2025,Family,Train,4,582.4,6
TRIP00623,USER7360,Dubai,28-12-2024,23-01-2025,Adventure,Train,2,2774.43,6
TRIP00624,USER8139,Istanbul,25-03-2024,22-04-2024,Leisure,Flight,1,4089.19,10
TRIP00625,USER5752,Bangkok,15-08-2024,12-09-2024,Family,Car,3,4389.49,6
TRIP00626,USER7049,New York,20-12-2024,09-03-2025,Beach,Cruise,4,1267.27,8
TRIP00627,USER9443,Barcelona,18-10-2024,28-01-2025,Business,Bus,2,3444.75,1
TRIP00628,USER4312,Barcelona,28-03-2024,15-09-2024,Leisure,Car,4,2892.47,5
TRIP00629,USER8357,Istanbul,07-03-2025,11-04-2025,Family,Flight,1,575.82,3
TRIP00630,USER9909,Dubai,20-10-2024,13-11-2024,Beach,Bus,2,2712.89,4
TRIP00631,USER3639,Istanbul,26-05-2024,22-01-2025,Beach,Train,2,713.95,4
TRIP00632,USER4059,London,18-03-2024,30-08-2024,Adventure,Flight,5,3709.92,4
TRIP00633,USER2940,Sydney,15-07-2024,28-01-2025,Beach,Flight,3,3010.06,9
TRIP00634,USER8270,Sydney,29-03-2024,15-03-2025,Business,Train,2,1644.94,9
TRIP00635,USER7716,Istanbul,04-01-2025,30-03-2025,Beach,Train,2,4966.46,1
TRIP00636,USER5082,Rome,09-05-2024,04-09-2024,Cultural,Car,2,3766.91,5
TRIP00637,USER9306,Bangkok,11-05-2024,31-08-2024,Leisure,Car,4,2115.55,2
TRIP00638,USER9391,London,12-12-2024,21-03-2025,Adventure,Bus,5,2271.69,10
TRIP00639,USER8742,Paris,05-04-2024,09-04-2024,Cultural,Bus,1,2195.26,3
TRIP00640,USER4543,Barcelona,14-02-2025,25-03-2025,Cultural,Flight,1,3251.32,8
TRIP00641,USER2710,London,07-05-2024,24-02-2025,Leisure,Train,2,830.93,4
TRIP00642,USER4202,Rome,04-06-2024,09-11-2024,Adventure,Car,1,4902.47,9
TRIP00643,USER2139,Sydney,07-04-2024,25-11-2024,Family,Flight,4,776.61,2
TRIP00644,USER6028,New York,09-03-2025,01-04-2025,Cultural,Bus,1,969.48,6
TRIP00645,USER2057,Istanbul,24-01-2025,21-02-2025,Adventure,Car,3,4748.07,7
TRIP00646,USER6913,Bangkok,24-01-2025,31-01-2025,Leisure,Bus,2,4941.71,6
TRIP00647,USER7156,Barcelona,17-10-2024,27-03-2025,Beach,Cruise,5,4543.05,9
TRIP00648,USER1780,Barcelona,22-11-2024,30-01-2025,Beach,Bus,3,2269.95,3
TRIP00649,USER7431,Rome,24-08-2024,07-09-2024,Cultural,Train,2,4973.19,8
TRIP00650,USER9688,Rome,31-05-2024,22-06-2024,Family,Train,2,1529.73,6
TRIP00651,USER4272,Rome,17-07-2024,24-09-2024,Cultural,Flight,1,4807.91,10
TRIP00652,USER7072,Istanbul,12-09-2024,02-11-2024,Business,Cruise,4,4327.03,2
TRIP00653,USER8050,Barcelona,11-01-2025,12-02-2025,Adventure,Flight,3,1870.99,7
TRIP00654,USER6389,Tokyo,13-06-2024,31-10-2024,Leisure,Flight,2,1187.29,8
TRIP00655,USER6567,London,23-01-2025,18-03-2025,Business,Bus,3,4835.12,4
TRIP00656,USER1625,New York,12-04-2024,01-08-2024,Beach,Cruise,3,2586.04,1
TRIP00657,USER3667,London,05-02-2025,06-02-2025,Business,Car,4,4339.3,3
TRIP00658,USER5679,Dubai,17-07-2024,23-09-2024,Business,Car,1,1826.34,9
TRIP00659,USER4400,Tokyo,18-02-2025,21-02-2025,Family,Train,1,1197.64,5
TRIP00660,USER3775,Bangkok,11-03-2025,11-04-2025,Beach,Train,3,1533.69,2
TRIP00661,USER1081,London,21-08-2024,15-10-2024,Family,Bus,2,3943.19,3
TRIP00662,USER6901,Istanbul,31-08-2024,06-10-2024,Beach,Train,1,2279.38,4
TRIP00663,USER8420,Bangkok,08-02-2025,14-03-2025,Family,Cruise,3,3829.75,3
TRIP00664,USER9829,Sydney,01-06-2024,27-03-2025,Family,Flight,1,4611.42,3
TRIP00665,USER8181,New York,16-09-2024,01-10-2024,Family,Flight,3,1080.24,10
TRIP00666,USER7016,Rome,11-01-2025,02-02-2025,Business,Bus,5,4157.22,5
TRIP00667,USER4412,Paris,12-01-2025,14-01-2025,Beach,Flight,4,1925.39,2
TRIP00668,USER8382,Rome,18-02-2025,26-03-2025,Cultural,Bus,5,4341.85,10
TRIP00669,USER6447,London,16-12-2024,09-03-2025,Business,Bus,5,2419.47,1
TRIP00670,USER9384,Sydney,15-05-2024,06-02-2025,Family,Car,1,2872.71,2
TRIP00671,USER1749,Rome,25-04-2024,27-04-2024,Adventure,Cruise,3,4535.16,10
TRIP00672,USER3670,London,18-02-2025,06-03-2025,Leisure,Car,3,2379.55,8
TRIP00673,USER6171,Sydney,06-09-2024,19-10-2024,Beach,Train,1,893.19,6
TRIP00674,USER3213,Tokyo,14-04-2024,12-02-2025,Beach,Flight,4,1207.27,5
TRIP00675,USER3950,Tokyo,18-03-2024,05-10-2024,Family,Car,4,2063.87,10
TRIP00676,USER6540,Barcelona,08-09-2024,06-01-2025,Cultural,Bus,4,3423.49,2
TRIP00677,USER3581,London,30-08-2024,18-11-2024,Leisure,Cruise,5,723.13,8
TRIP00678,USER8948,Tokyo,11-08-2024,02-01-2025,Leisure,Car,4,2963.96,5
TRIP00679,USER4799,Bangkok,19-10-2024,28-10-2024,Cultural,Car,1,1720.84,10
TRIP00680,USER3281,Sydney,03-11-2024,09-12-2024,Cultural,Cruise,4,4792.02,6
TRIP00681,USER1749,London,22-02-2025,25-02-2025,Cultural,Cruise,5,590.67,9
TRIP00682,USER8043,Sydney,12-04-2024,17-12-2024,Adventure,Flight,5,4843.21,3
TRIP00683,USER7876,Paris,15-01-2025,23-02-2025,Cultural,Cruise,4,530,1
TRIP00684,USER7857,London,30-04-2024,27-05-2024,Leisure,Cruise,2,4624.54,9
TRIP00685,USER2133,Barcelona,01-04-2024,24-06-2024,Beach,Car,3,2264.63,7
TRIP00686,USER2772,Dubai,19-03-2024,19-07-2024,Cultural,Flight,3,4579.55,2
TRIP00687,USER2213,Bangkok,18-04-2024,25-06-2024,Leisure,Bus,1,830.5,7
TRIP00688,USER6180,Tokyo,27-08-2024,19-10-2024,Cultural,Train,5,2301.72,1
TRIP00689,USER3962,Tokyo,01-05-2024,26-08-2024,Family,Train,4,3745.57,6
TRIP00690,USER3520,Barcelona,03-09-2024,17-12-2024,Cultural,Car,5,2338.53,6
TRIP00691,USER6830,Tokyo,20-06-2024,14-10-2024,Family,Train,5,1769.46,8
TRIP00692,USER7058,Rome,19-07-2024,14-10-2024,Leisure,Flight,2,1192.4,4
TRIP00693,USER4859,Rome,10-07-2024,09-02-2025,Family,Cruise,4,4701.11,10
TRIP00694,USER7962,Barcelona,31-01-2025,31-03-2025,Leisure,Car,1,1340.41,1
TRIP00695,USER7722,Istanbul,27-07-2024,06-04-2025,Business,Flight,3,3896.93,10
TRIP00696,USER4532,Sydney,26-04-2024,04-08-2024,Adventure,Train,3,1486.57,5
TRIP00697,USER4715,Rome,21-09-2024,29-12-2024,Leisure,Bus,2,4935.94,10
TRIP00698,USER8255,New York,28-10-2024,02-11-2024,Family,Flight,5,581.49,9
TRIP00699,USER5666,Tokyo,24-11-2024,21-12-2024,Leisure,Cruise,3,4280.69,3
TRIP00700,USER7908,Tokyo,15-11-2024,23-01-2025,Cultural,Train,5,3403.48,4
TRIP00701,USER6355,Paris,01-05-2024,18-09-2024,Family,Cruise,2,4400.05,6
TRIP00702,USER4244,London,04-07-2024,30-11-2024,Beach,Car,5,1180.13,3
TRIP00703,USER4439,Dubai,07-07-2024,12-01-2025,Business,Flight,1,583.12,5
TRIP00704,USER2248,Bangkok,22-03-2024,15-03-2025,Beach,Car,4,1761.79,5
TRIP00705,USER1830,Bangkok,27-04-2024,25-09-2024,Business,Flight,5,1043,9
TRIP00706,USER9375,Istanbul,07-11-2024,08-12-2024,Family,Flight,2,670.34,10
TRIP00707,USER3802,Dubai,25-05-2024,25-08-2024,Adventure,Car,5,3580.95,8
TRIP00708,USER4350,Rome,03-05-2024,10-11-2024,Cultural,Bus,3,3734.66,5
TRIP00709,USER6458,Istanbul,29-09-2024,08-10-2024,Cultural,Train,2,849.77,3
TRIP00710,USER5067,Tokyo,26-10-2024,07-11-2024,Business,Bus,1,1848.81,8
TRIP00711,USER9797,Bangkok,22-11-2024,29-01-2025,Family,Flight,1,3260.98,4
TRIP00712,USER2146,Paris,15-08-2024,13-01-2025,Family,Train,4,2545.83,5
TRIP00713,USER9900,New York,02-06-2024,28-01-2025,Cultural,Cruise,1,4193.94,8
TRIP00714,USER7936,London,11-01-2025,31-03-2025,Adventure,Cruise,2,3372.27,8
TRIP00715,USER9131,Tokyo,22-05-2024,18-02-2025,Business,Train,3,3683.67,5
TRIP00716,USER3515,Bangkok,29-04-2024,18-10-2024,Adventure,Bus,2,4682.12,4
TRIP00717,USER4522,Bangkok,22-12-2024,04-02-2025,Leisure,Car,3,1717.55,8
TRIP00718,USER3598,Paris,02-11-2024,06-12-2024,Leisure,Cruise,2,2780.36,3
TRIP00719,USER6592,Rome,17-09-2024,05-03-2025,Business,Cruise,4,4081.34,1
TRIP00720,USER5403,London,08-05-2024,08-05-2024,Adventure,Flight,5,788.63,5
TRIP00721,USER6136,Dubai,05-01-2025,23-03-2025,Cultural,Bus,5,847.54,7
TRIP00722,USER8111,Tokyo,17-08-2024,30-12-2024,Beach,Bus,1,1039.37,7
TRIP00723,USER7786,London,24-07-2024,21-11-2024,Cultural,Bus,3,4854.48,3
TRIP00724,USER3307,Barcelona,25-05-2024,27-07-2024,Adventure,Bus,4,3314.7,5
TRIP00725,USER8013,Sydney,02-03-2025,18-03-2025,Beach,Cruise,2,3988.87,8
TRIP00726,USER7122,Barcelona,20-08-2024,01-01-2025,Cultural,Train,5,3704.23,4
TRIP00727,USER4825,Barcelona,14-11-2024,10-04-2025,Leisure,Flight,2,2079.91,7
TRIP00728,USER4068,Istanbul,24-10-2024,26-12-2024,Leisure,Cruise,5,3470.81,6
TRIP00729,USER6303,Rome,23-04-2024,12-11-2024,Beach,Bus,5,3139.88,8
TRIP00730,USER8720,Istanbul,19-12-2024,03-01-2025,Leisure,Car,2,4699.29,6
TRIP00731,USER6136,Bangkok,21-08-2024,26-11-2024,Business,Flight,4,4643.13,9
TRIP00732,USER7678,Paris,28-10-2024,13-04-2025,Cultural,Car,2,2721.82,2
TRIP00733,USER3572,Paris,21-06-2024,15-03-2025,Leisure,Flight,4,2325.46,8
TRIP00734,USER2598,Bangkok,24-09-2024,08-11-2024,Business,Cruise,4,831.06,4
TRIP00735,USER6445,Sydney,01-10-2024,14-04-2025,Family,Car,4,1110.78,4
TRIP00736,USER1960,Sydney,15-08-2024,01-11-2024,Family,Car,1,1752.75,10
TRIP00737,USER3044,Sydney,04-05-2024,11-12-2024,Business,Car,4,3779.04,10
TRIP00738,USER5467,New York,21-09-2024,15-02-2025,Business,Flight,2,2239.44,6
TRIP00739,USER4299,Bangkok,09-05-2024,18-06-2024,Leisure,Bus,4,4731.68,6
TRIP00740,USER2612,London,28-04-2024,28-09-2024,Adventure,Cruise,3,4074.55,6
TRIP00741,USER7159,New York,14-01-2025,07-04-2025,Adventure,Cruise,3,826.26,4
TRIP00742,USER8928,Tokyo,23-04-2024,20-06-2024,Leisure,Flight,1,4376.31,9
TRIP00743,USER4625,Sydney,25-12-2024,18-01-2025,Adventure,Bus,5,3434.15,1
TRIP00744,USER1143,Bangkok,19-05-2024,07-04-2025,Business,Bus,5,1596.37,7
TRIP00745,USER4232,Bangkok,08-08-2024,24-01-2025,Cultural,Bus,3,880.98,6
TRIP00746,USER2112,Rome,05-08-2024,03-09-2024,Adventure,Flight,3,1582.2,1
TRIP00747,USER6922,New York,17-09-2024,08-02-2025,Adventure,Bus,2,2880.46,9
TRIP00748,USER3698,Sydney,05-08-2024,06-03-2025,Business,Train,1,2373.97,6
TRIP00749,USER1211,Rome,12-01-2025,23-01-2025,Leisure,Cruise,2,3065.29,10
TRIP00750,USER7404,Istanbul,26-11-2024,26-01-2025,Business,Cruise,1,2067.88,2
TRIP00751,USER6528,Dubai,05-07-2024,15-11-2024,Family,Bus,4,2609.82,3
TRIP00752,USER2689,Sydney,22-12-2024,29-12-2024,Adventure,Flight,5,2318.07,8
TRIP00753,USER4955,New York,06-02-2025,03-03-2025,Business,Bus,1,1967.81,9
TRIP00754,USER8635,Dubai,10-09-2024,15-02-2025,Business,Train,3,1884.32,3
TRIP00755,USER6695,Paris,13-12-2024,11-01-2025,Business,Bus,2,856.88,3
TRIP00756,USER6563,Rome,25-02-2025,27-03-2025,Business,Cruise,1,3681.75,3
TRIP00757,USER8413,Barcelona,27-05-2024,02-10-2024,Business,Car,3,2481.41,2
TRIP00758,USER7718,Istanbul,24-06-2024,04-03-2025,Business,Cruise,5,1722.34,7
TRIP00759,USER4883,Bangkok,01-10-2024,26-10-2024,Cultural,Flight,4,1972.24,6
TRIP00760,USER3894,London,04-03-2025,26-03-2025,Family,Train,3,4169.84,8
TRIP00761,USER6791,Istanbul,31-10-2024,16-03-2025,Leisure,Car,4,1684.57,9
TRIP00762,USER9454,Istanbul,11-08-2024,23-11-2024,Adventure,Bus,1,1263.7,8
TRIP00763,USER5648,New York,13-04-2024,23-10-2024,Leisure,Train,1,1625.84,7
TRIP00764,USER6730,London,03-07-2024,22-02-2025,Cultural,Bus,4,1911.74,9
TRIP00765,USER2821,Sydney,24-03-2024,21-01-2025,Cultural,Cruise,3,1411.12,6
TRIP00766,USER4158,New York,31-01-2025,21-03-2025,Leisure,Flight,5,4935.51,4
TRIP00767,USER3643,London,20-05-2024,10-03-2025,Family,Cruise,5,3921.18,8
TRIP00768,USER3874,Tokyo,23-03-2024,09-11-2024,Beach,Train,1,2128.54,1
TRIP00769,USER7960,Sydney,25-07-2024,11-02-2025,Adventure,Cruise,4,4615.25,10
TRIP00770,USER6273,London,06-01-2025,17-03-2025,Family,Cruise,4,2073.31,6
TRIP00771,USER4195,New York,29-11-2024,31-12-2024,Leisure,Train,3,1061.28,6
TRIP00772,USER7765,Tokyo,23-11-2024,29-03-2025,Business,Bus,4,927.71,7
TRIP00773,USER7856,Istanbul,03-02-2025,13-02-2025,Cultural,Car,2,857.37,9
TRIP00774,USER6061,Barcelona,25-11-2024,23-12-2024,Business,Cruise,5,1714.23,9
TRIP00775,USER3711,Barcelona,26-06-2024,27-10-2024,Cultural,Car,2,3058.86,8
TRIP00776,USER4612,Paris,06-03-2025,26-03-2025,Adventure,Cruise,1,1095.99,9
TRIP00777,USER9252,Dubai,29-04-2024,20-02-2025,Leisure,Bus,2,4998.49,10
TRIP00778,USER4215,Sydney,25-12-2024,09-02-2025,Cultural,Car,5,4573.35,2
TRIP00779,USER4605,New York,16-09-2024,10-04-2025,Beach,Bus,2,858.08,7
TRIP00780,USER7696,Barcelona,12-03-2025,05-04-2025,Family,Car,4,3374.18,7
TRIP00781,USER1031,Tokyo,16-05-2024,16-06-2024,Beach,Cruise,2,814.02,10
TRIP00782,USER4363,New York,15-09-2024,14-10-2024,Business,Train,3,554.26,8
TRIP00783,USER5947,Barcelona,06-11-2024,01-12-2024,Beach,Car,2,3661.5,4
TRIP00784,USER6640,New York,10-09-2024,21-02-2025,Beach,Bus,3,3116.91,8
TRIP00785,USER2605,Sydney,07-08-2024,25-03-2025,Adventure,Train,4,4539.03,10
TRIP00786,USER6434,Rome,21-10-2024,24-12-2024,Family,Flight,2,2124.45,9
TRIP00787,USER7736,Sydney,10-05-2024,25-08-2024,Cultural,Flight,3,3539.14,3
TRIP00788,USER6150,Paris,18-10-2024,27-02-2025,Family,Car,4,3002.97,7
TRIP00789,USER4402,Dubai,20-03-2024,06-12-2024,Adventure,Bus,2,4940.87,3
TRIP00790,USER7054,Tokyo,18-03-2024,29-03-2025,Business,Car,3,1701.81,4
TRIP00791,USER7476,Paris,21-09-2024,07-01-2025,Leisure,Car,2,3673.57,10
TRIP00792,USER2029,Bangkok,16-01-2025,08-04-2025,Family,Bus,5,2708.53,3
TRIP00793,USER2525,Sydney,04-06-2024,17-03-2025,Adventure,Car,4,1762.91,7
TRIP00794,USER3831,Sydney,24-11-2024,24-11-2024,Business,Flight,3,2480.12,6
TRIP00795,USER6392,Istanbul,02-04-2024,30-07-2024,Adventure,Cruise,3,4625.68,6
TRIP00796,USER8549,Barcelona,16-10-2024,28-03-2025,Adventure,Cruise,2,1866.59,8
TRIP00797,USER5190,Istanbul,07-11-2024,04-03-2025,Leisure,Car,2,2943.49,7
TRIP00798,USER3139,New York,20-06-2024,07-07-2024,Beach,Car,4,835.86,6
TRIP00799,USER8746,New York,28-05-2024,10-06-2024,Business,Bus,1,2571.88,2
TRIP00800,USER3680,Bangkok,01-11-2024,15-04-2025,Cultural,Bus,5,560.48,9
TRIP00801,USER6544,London,10-07-2024,15-10-2024,Adventure,Car,3,2123.48,7
TRIP00802,USER7359,Paris,07-01-2025,08-01-2025,Cultural,Car,1,1751.31,8
TRIP00803,USER2598,Sydney,08-03-2025,08-03-2025,Adventure,Car,2,3165.77,10
TRIP00804,USER3875,New York,10-02-2025,15-03-2025,Leisure,Bus,5,1035.76,10
TRIP00805,USER5319,Paris,24-05-2024,04-04-2025,Business,Flight,1,4936.56,1
TRIP00806,USER1556,Barcelona,10-06-2024,15-11-2024,Leisure,Bus,4,4431.09,2
TRIP00807,USER1077,Rome,08-09-2024,29-09-2024,Business,Cruise,5,4200.11,10
TRIP00808,USER4362,Sydney,28-06-2024,09-09-2024,Family,Flight,4,2900.51,4
TRIP00809,USER8889,Paris,13-01-2025,27-03-2025,Beach,Train,2,1726.39,1
TRIP00810,USER3361,London,16-03-2024,16-02-2025,Leisure,Cruise,2,2446.11,2
TRIP00811,USER5298,Paris,12-12-2024,26-01-2025,Beach,Flight,2,1202.4,9
TRIP00812,USER8726,Istanbul,10-11-2024,29-01-2025,Business,Bus,1,4589.58,6
TRIP00814,USER1658,New York,12-11-2024,10-04-2025,Leisure,Cruise,2,1406.54,9
TRIP00815,USER2048,New York,04-09-2024,04-04-2025,Beach,Cruise,2,590.51,8
TRIP00816,USER5598,Barcelona,30-01-2025,06-02-2025,Family,Bus,5,1456.1,10
TRIP00817,USER8261,Rome,26-08-2024,10-03-2025,Beach,Train,4,4250.32,5
TRIP00818,USER4762,London,05-02-2025,03-03-2025,Family,Train,3,1847.73,9
TRIP00819,USER9446,Dubai,04-02-2025,15-02-2025,Adventure,Train,3,3085.31,7
TRIP00820,USER7643,Tokyo,30-12-2024,26-03-2025,Family,Bus,4,559.97,6
TRIP00821,USER9478,Sydney,27-05-2024,06-07-2024,Cultural,Train,2,3634.27,5
TRIP00822,USER8236,Dubai,01-01-2025,12-04-2025,Business,Bus,2,3331.8,1
TRIP00823,USER7771,Sydney,27-04-2024,09-10-2024,Business,Train,4,588.82,8
TRIP00824,USER1726,Bangkok,18-09-2024,03-04-2025,Family,Car,1,1305.36,3
TRIP00825,USER8581,Sydney,04-10-2024,28-12-2024,Beach,Car,4,3786.53,2
TRIP00826,USER5455,London,13-03-2025,02-04-2025,Family,Cruise,3,2695.55,9
TRIP00827,USER5202,Rome,04-11-2024,24-12-2024,Beach,Cruise,5,4554.98,9
TRIP00828,USER3002,Bangkok,01-09-2024,24-03-2025,Business,Cruise,4,2503.22,1
TRIP00829,USER8306,Istanbul,23-06-2024,10-02-2025,Family,Bus,5,647.9,6
TRIP00830,USER7974,Istanbul,28-08-2024,28-03-2025,Beach,Bus,5,4034.23,7
TRIP00831,USER1677,Rome,17-06-2024,28-10-2024,Beach,Flight,1,2885.84,5
TRIP00832,USER2938,Barcelona,05-03-2025,19-03-2025,Leisure,Car,1,705.88,1
TRIP00833,USER5094,Rome,23-12-2024,27-03-2025,Adventure,Cruise,2,3089.63,3
TRIP00834,USER5994,Dubai,08-02-2025,08-02-2025,Family,Bus,2,3125.11,5
TRIP00835,USER3643,Bangkok,03-04-2024,29-10-2024,Business,Flight,2,832.24,8
TRIP00836,USER7093,New York,16-03-2025,17-03-2025,Family,Bus,2,2289.24,7
TRIP00837,USER1958,Paris,28-10-2024,14-03-2025,Business,Cruise,3,3741.44,7
TRIP00838,USER6563,Barcelona,05-08-2024,14-11-2024,Family,Cruise,3,3316.12,4
TRIP00839,USER2582,Tokyo,15-08-2024,30-01-2025,Beach,Flight,3,3944.37,7
TRIP00840,USER2937,Paris,29-01-2025,13-03-2025,Beach,Train,5,2190.15,8
TRIP00841,USER4227,Rome,08-12-2024,14-12-2024,Business,Cruise,3,3820.82,9
TRIP00842,USER1449,Barcelona,03-04-2024,05-12-2024,Leisure,Bus,4,500.48,7
TRIP00843,USER1075,Dubai,06-09-2024,14-11-2024,Adventure,Car,1,2714.31,10
TRIP00844,USER5383,Istanbul,07-11-2024,23-11-2024,Beach,Cruise,3,2337.17,1
TRIP00845,USER7428,Istanbul,03-04-2024,07-10-2024,Cultural,Bus,3,4520.42,8
TRIP00846,USER3582,Rome,12-12-2024,10-02-2025,Business,Flight,5,2780.49,2
TRIP00847,USER6471,London,06-09-2024,23-12-2024,Business,Cruise,1,1352.06,6
TRIP00848,USER2800,Tokyo,11-11-2024,09-02-2025,Cultural,Cruise,5,784.31,6
TRIP00849,USER1582,Sydney,11-10-2024,10-12-2024,Leisure,Car,1,2662.83,3
TRIP00850,USER8158,Rome,22-01-2025,25-02-2025,Family,Cruise,5,4013.5,5
TRIP00851,USER6850,Rome,02-09-2024,13-01-2025,Adventure,Train,1,3872.92,1
TRIP00852,USER3928,Bangkok,09-03-2025,14-03-2025,Business,Car,5,2611.58,3
TRIP00853,USER3517,Istanbul,21-03-2024,04-09-2024,Cultural,Cruise,2,4796.15,1
TRIP00854,USER7672,Barcelona,18-10-2024,20-11-2024,Adventure,Train,4,3949.62,2
TRIP00855,USER7559,Rome,11-01-2025,01-02-2025,Business,Train,5,2577.6,10
TRIP00856,USER6891,Sydney,01-12-2024,10-12-2024,Business,Train,2,2448.94,3
TRIP00857,USER1740,New York,21-03-2024,01-02-2025,Beach,Bus,3,1717.14,10
TRIP00858,USER1372,New York,09-09-2024,25-03-2025,Family,Flight,1,4711.08,9
TRIP00859,USER9109,Dubai,16-04-2024,17-09-2024,Family,Train,4,1884.29,10
TRIP00860,USER8095,Bangkok,11-02-2025,26-03-2025,Leisure,Car,5,4174.6,4
TRIP00861,USER4560,Istanbul,21-04-2024,17-10-2024,Cultural,Flight,5,4334.07,1
TRIP00862,USER5827,Bangkok,16-09-2024,19-09-2024,Business,Cruise,1,2554.3,3
TRIP00863,USER6996,Dubai,17-11-2024,10-04-2025,Adventure,Bus,2,1294.77,9
TRIP00864,USER8614,Istanbul,23-03-2024,12-09-2024,Leisure,Train,1,884.1,6
TRIP00865,USER1790,Rome,30-11-2024,12-04-2025,Leisure,Flight,1,790.71,1
TRIP00866,USER9186,London,06-05-2024,19-05-2024,Cultural,Train,4,3958.69,3
TRIP00867,USER5303,Rome,02-06-2024,01-04-2025,Family,Cruise,3,4576.61,5
TRIP00868,USER7350,Barcelona,12-09-2024,12-02-2025,Beach,Train,4,4648.32,10
TRIP00869,USER9674,Paris,22-06-2024,12-03-2025,Family,Cruise,2,2822.22,9
TRIP00870,USER6321,Dubai,08-10-2024,13-01-2025,Beach,Car,4,2976.79,3
TRIP00871,USER9035,New York,24-11-2024,24-02-2025,Family,Flight,4,2663.17,2
TRIP00872,USER3152,Tokyo,17-03-2024,16-04-2024,Family,Bus,2,3665.76,7
TRIP00873,USER5600,Sydney,09-01-2025,30-01-2025,Leisure,Cruise,3,1128.48,1
TRIP00874,USER5244,Istanbul,21-11-2024,14-04-2025,Business,Cruise,3,1666.3,3
TRIP00875,USER9778,Dubai,16-07-2024,12-02-2025,Adventure,Bus,5,1093.94,6
TRIP00876,USER3992,London,28-03-2024,06-09-2024,Leisure,Bus,3,817.65,6
TRIP00877,USER9127,Sydney,03-10-2024,13-03-2025,Business,Car,5,1978.68,6
TRIP00878,USER9187,Bangkok,04-12-2024,01-04-2025,Cultural,Bus,2,508.61,6
TRIP00880,USER5571,Bangkok,02-01-2025,26-01-2025,Adventure,Cruise,3,4135.86,3
TRIP00881,USER8294,Tokyo,13-11-2024,03-02-2025,Business,Cruise,4,3282.23,9
TRIP00882,USER5238,Dubai,24-02-2025,04-03-2025,Business,Bus,2,4209.31,8
TRIP00883,USER1921,Tokyo,29-04-2024,22-06-2024,Leisure,Train,4,3045.22,4
TRIP00884,USER4684,Istanbul,07-06-2024,29-01-2025,Family,Bus,3,4469.02,7
TRIP00885,USER3925,Paris,05-11-2024,10-12-2024,Beach,Bus,1,2051.05,1
TRIP00886,USER3613,Istanbul,05-01-2025,24-03-2025,Cultural,Cruise,4,1260.25,7
TRIP00887,USER1818,Dubai,27-10-2024,08-01-2025,Family,Bus,5,3841.85,6
TRIP00888,USER8974,Paris,12-12-2024,23-01-2025,Family,Train,5,2757.77,8
TRIP00889,USER1788,New York,13-09-2024,04-11-2024,Adventure,Cruise,4,3464.49,10
TRIP00890,USER8528,Rome,19-04-2024,10-09-2024,Family,Cruise,4,1779.64,10
TRIP00891,USER3577,Barcelona,06-11-2024,09-01-2025,Adventure,Train,2,1100.14,8
TRIP00892,USER2302,Dubai,13-03-2025,08-04-2025,Cultural,Cruise,1,1251.61,7
TRIP00893,USER9484,Barcelona,23-12-2024,15-01-2025,Business,Bus,5,2690.26,9
TRIP00894,USER8115,Tokyo,22-11-2024,22-12-2024,Adventure,Cruise,1,4397.65,5
TRIP00895,USER9650,Bangkok,28-07-2024,01-10-2024,Business,Bus,5,3692.01,7
TRIP00896,USER6257,Tokyo,22-09-2024,15-04-2025,Adventure,Bus,3,3171.02,10
TRIP00897,USER3687,New York,01-01-2025,31-01-2025,Leisure,Car,4,3582.6,3
TRIP00898,USER3544,Rome,14-02-2025,03-04-2025,Leisure,Bus,1,4187.72,5
TRIP00899,USER4379,New York,08-03-2025,12-03-2025,Business,Car,3,3573.62,3
TRIP00900,USER4483,Sydney,25-07-2024,04-12-2024,Beach,Bus,4,3112.7,9
TRIP00901,USER8791,Paris,15-01-2025,08-03-2025,Beach,Car,3,3305.61,2
TRIP00902,USER1043,Barcelona,14-10-2024,07-12-2024,Leisure,Train,2,2887.65,4
TRIP00903,USER6797,Rome,01-10-2024,28-12-2024,Adventure,Train,1,827.41,1
TRIP00904,USER2620,New York,09-08-2024,10-02-2025,Adventure,Cruise,4,1345.18,7
TRIP00905,USER1010,Tokyo,29-01-2025,11-02-2025,Family,Flight,5,2227.73,2
TRIP00906,USER3606,Bangkok,10-12-2024,13-12-2024,Adventure,Cruise,2,3492.97,6
TRIP00907,USER8398,Paris,29-09-2024,19-11-2024,Business,Cruise,2,693.14,2
TRIP00908,USER1421,Bangkok,10-06-2024,05-10-2024,Adventure,Flight,1,2845.09,2
TRIP00909,USER2627,New York,21-09-2024,28-09-2024,Beach,Bus,5,1961.79,4
TRIP00910,USER5659,Barcelona,13-02-2025,07-04-2025,Family,Bus,5,2091.87,2
TRIP00911,USER5640,Sydney,15-11-2024,14-02-2025,Beach,Cruise,5,4208.5,6
TRIP00912,USER6979,New York,20-03-2024,05-06-2024,Family,Cruise,3,4557.07,10
TRIP00913,USER7311,Sydney,13-05-2024,13-04-2025,Business,Bus,5,4368.51,4
TRIP00914,USER9653,Barcelona,05-01-2025,23-01-2025,Leisure,Train,3,1101.69,10
TRIP00915,USER2479,Sydney,05-09-2024,17-12-2024,Leisure,Flight,3,2393.17,1
TRIP00916,USER9354,Sydney,01-06-2024,18-02-2025,Adventure,Car,1,4741.63,4
TRIP00917,USER1502,Paris,20-11-2024,20-03-2025,Beach,Bus,4,1591.29,5
TRIP00918,USER7175,Tokyo,06-10-2024,23-10-2024,Adventure,Train,5,1068.83,3
TRIP00919,USER8821,Barcelona,24-08-2024,08-03-2025,Leisure,Cruise,5,1319.88,8
TRIP00920,USER7620,London,02-11-2024,13-04-2025,Family,Bus,4,706.88,6
TRIP00921,USER7177,New York,05-12-2024,26-03-2025,Beach,Car,3,3788.84,3
TRIP00922,USER6500,Paris,20-03-2024,25-03-2025,Adventure,Cruise,1,1389.24,7
TRIP00923,USER1785,Paris,25-03-2024,19-11-2024,Cultural,Cruise,5,2776.91,6
TRIP00924,USER2604,Istanbul,11-12-2024,24-02-2025,Business,Cruise,4,4610.63,7
TRIP00925,USER5578,Tokyo,26-06-2024,01-07-2024,Adventure,Flight,1,3756.51,2
TRIP00926,USER9329,London,17-12-2024,13-01-2025,Beach,Cruise,3,3754.15,10
TRIP00927,USER3635,Bangkok,08-06-2024,27-03-2025,Beach,Bus,4,3243.64,6
TRIP00928,USER4973,Paris,23-06-2024,19-07-2024,Beach,Car,3,3590.63,4
TRIP00929,USER5839,Tokyo,05-08-2024,07-11-2024,Cultural,Bus,4,1123.49,10
TRIP00930,USER2559,Sydney,14-10-2024,30-10-2024,Cultural,Bus,3,3801.83,3
TRIP00931,USER2182,Sydney,20-03-2024,09-03-2025,Leisure,Bus,3,2382.9,4
TRIP00932,USER3755,Paris,03-07-2024,24-03-2025,Beach,Flight,4,1950.39,4
TRIP00933,USER2661,Dubai,16-09-2024,02-12-2024,Cultural,Flight,5,1135.63,6
TRIP00934,USER6174,Dubai,07-03-2025,04-04-2025,Family,Bus,3,3698.86,5
TRIP00935,USER8696,Bangkok,25-04-2024,05-05-2024,Beach,Train,2,3252.06,10
TRIP00936,USER9382,London,04-02-2025,09-03-2025,Adventure,Bus,5,3839.95,6
TRIP00938,USER7186,Sydney,21-07-2024,06-04-2025,Beach,Bus,2,2552.51,4
TRIP00939,USER7015,Tokyo,03-09-2024,07-03-2025,Cultural,Cruise,4,1255.61,4
TRIP00940,USER7118,Sydney,07-07-2024,20-08-2024,Adventure,Flight,3,566.15,5
TRIP00941,USER5879,Tokyo,28-09-2024,23-03-2025,Adventure,Bus,1,1990.57,8
TRIP00942,USER4160,Tokyo,21-11-2024,14-12-2024,Adventure,Bus,3,2035.47,7
TRIP00943,USER9022,Sydney,05-05-2024,05-05-2024,Adventure,Cruise,3,1061.73,2
TRIP00944,USER7840,Istanbul,29-12-2024,13-02-2025,Adventure,Bus,2,2669.63,8
TRIP00945,USER5598,London,21-04-2024,09-07-2024,Family,Bus,1,1954.83,5
TRIP00946,USER9470,London,29-01-2025,01-02-2025,Business,Bus,3,3085.61,8
TRIP00947,USER6888,Dubai,06-09-2024,16-09-2024,Adventure,Cruise,2,2796.58,4
TRIP00948,USER2786,Tokyo,09-10-2024,30-03-2025,Leisure,Bus,5,1960.28,9
TRIP00949,USER2877,Istanbul,22-08-2024,06-10-2024,Cultural,Bus,3,1169.14,4
TRIP00950,USER8827,Rome,04-04-2024,06-03-2025,Cultural,Car,5,2286.12,7
TRIP00951,USER9978,Barcelona,12-10-2024,11-11-2024,Adventure,Bus,3,2260.41,4
TRIP00952,USER4051,New York,12-11-2024,05-02-2025,Business,Flight,2,1114.24,5
TRIP00953,USER9925,New York,27-07-2024,08-01-2025,Business,Cruise,3,865.48,9
TRIP00954,USER8183,Barcelona,20-02-2025,26-02-2025,Adventure,Cruise,3,2286.86,3
TRIP00955,USER3327,Paris,25-06-2024,22-02-2025,Beach,Car,4,1943.78,7
TRIP00956,USER5525,Rome,31-08-2024,19-01-2025,Family,Bus,2,1653.08,8
TRIP00957,USER4058,Barcelona,25-12-2024,02-01-2025,Adventure,Bus,1,4367.53,6
TRIP00958,USER3836,Istanbul,19-01-2025,26-01-2025,Leisure,Car,4,945.71,10
TRIP00959,USER3312,London,08-09-2024,18-10-2024,Cultural,Car,5,1192.88,5
TRIP00960,USER6802,London,07-05-2024,11-03-2025,Beach,Train,3,1318.95,9
TRIP00962,USER5062,Sydney,23-11-2024,15-12-2024,Beach,Flight,1,2001.98,7
TRIP00963,USER8851,Sydney,16-06-2024,31-03-2025,Cultural,Flight,5,892.33,3
TRIP00964,USER2110,Tokyo,16-11-2024,31-12-2024,Beach,Car,1,622.26,5
TRIP00965,USER3465,London,20-09-2024,23-02-2025,Cultural,Flight,4,4734.73,3
TRIP00966,USER6900,Sydney,07-10-2024,15-12-2024,Cultural,Cruise,3,600.45,6
TRIP00967,USER2429,Bangkok,18-07-2024,05-04-2025,Cultural,Bus,1,2893.2,4
TRIP00968,USER6574,Istanbul,18-11-2024,09-03-2025,Beach,Bus,4,4691.26,10
TRIP00969,USER6683,Tokyo,23-09-2024,24-12-2024,Leisure,Train,2,2008.74,10
TRIP00970,USER2896,Dubai,31-07-2024,02-03-2025,Beach,Car,1,1741.12,3
TRIP00971,USER6081,London,17-04-2024,19-12-2024,Beach,Cruise,4,3377.1,2
TRIP00973,USER6345,Istanbul,02-10-2024,11-03-2025,Leisure,Cruise,5,1122.99,7
TRIP00974,USER7896,Paris,20-11-2024,21-11-2024,Family,Cruise,1,794.5,7
TRIP00975,USER8336,Dubai,16-01-2025,12-02-2025,Beach,Train,1,2446.91,10
TRIP00976,USER3606,Istanbul,21-06-2024,24-11-2024,Cultural,Flight,5,3402.81,8
TRIP00977,USER8403,Dubai,22-07-2024,09-12-2024,Family,Cruise,5,4472.75,1
TRIP00978,USER9309,Paris,09-09-2024,29-12-2024,Beach,Bus,1,3354.43,6
TRIP00979,USER6397,Bangkok,28-03-2024,10-11-2024,Family,Car,3,4315.11,9
TRIP00980,USER2721,Paris,17-04-2024,28-03-2025,Leisure,Cruise,2,881.68,2
TRIP00982,USER6394,Bangkok,28-06-2024,04-12-2024,Beach,Cruise,4,4957.37,8
TRIP00983,USER7638,Istanbul,28-10-2024,18-11-2024,Beach,Train,5,1461.64,10
TRIP00984,USER6216,Paris,18-01-2025,03-04-2025,Beach,Bus,3,2429.99,1
TRIP00985,USER5487,London,20-04-2024,09-08-2024,Family,Cruise,5,1738.87,2
TRIP00986,USER9189,Barcelona,17-05-2024,27-10-2024,Beach,Bus,2,1251.66,5
TRIP00987,USER2272,Bangkok,18-06-2024,11-07-2024,Leisure,Train,3,3947.11,4
TRIP00988,USER7979,Dubai,16-01-2025,24-03-2025,Cultural,Flight,4,2921.64,1
TRIP00989,USER2978,London,16-10-2024,12-03-2025,Leisure,Car,1,2385.25,2
TRIP00990,USER1552,Bangkok,31-12-2024,14-02-2025,Business,Car,2,784.95,5
TRIP00991,USER9279,Dubai,08-08-2024,28-09-2024,Family,Car,5,2466.33,9
TRIP00992,USER5671,Istanbul,23-01-2025,01-04-2025,Leisure,Flight,3,1161.89,4
TRIP00993,USER2943,Barcelona,19-10-2024,07-02-2025,Leisure,Bus,4,3448.82,10
TRIP00994,USER3395,Istanbul,12-10-2024,09-04-2025,Business,Train,5,2361.13,7
TRIP00995,USER8197,Barcelona,26-01-2025,20-02-2025,Leisure,Flight,5,3837.19,10
TRIP00996,USER9189,Dubai,26-11-2024,16-03-2025,Leisure,Bus,4,1644.72,9
TRIP00997,USER5354,Sydney,17-11-2024,23-03-2025,Family,Bus,3,4514.39,10
TRIP00998,USER7359,London,24-02-2025,29-03-2025,Cultural,Train,3,2228.57,6
TRIP00999,USER3184,Tokyo,15-02-2025,04-03-2025,Business,Cruise,2,3031.88,2
TRIP01000,USER3800,London,15-07-2024,25-03-2025,Cultural,Car,3,1326.06,6
TRIP01001,USER6905,Istanbul,22-02-2025,05-03-2025,Cultural,Train,3,2684.05,8
TRIP01002,USER7613,Tokyo,24-10-2024,28-03-2025,Family,Cruise,4,3081.77,4
TRIP01003,USER9694,Tokyo,29-11-2024,18-01-2025,Cultural,Cruise,5,1777.1,10
TRIP01004,USER7100,Istanbul,08-10-2024,18-02-2025,Adventure,Car,3,712.06,10
TRIP01005,USER5202,Paris,08-02-2025,27-03-2025,Family,Car,2,1683.88,3
TRIP01006,USER5934,London,04-04-2024,27-11-2024,Beach,Flight,3,3858.83,7
TRIP01007,USER1506,Sydney,03-08-2024,22-11-2024,Leisure,Train,4,3588.98,4
TRIP01008,USER9229,Istanbul,10-04-2024,29-06-2024,Adventure,Train,1,2591.98,1
TRIP01009,USER3749,Istanbul,29-12-2024,03-01-2025,Cultural,Train,5,1859.4,5
TRIP01010,USER8412,Barcelona,22-06-2024,27-11-2024,Adventure,Train,2,1497.57,4
TRIP01011,USER3734,Tokyo,14-02-2025,06-04-2025,Family,Train,5,2018.82,4
TRIP01012,USER6728,Paris,25-02-2025,15-03-2025,Family,Train,1,3410.16,9
TRIP01013,USER4780,Sydney,20-11-2024,03-12-2024,Adventure,Train,1,1987.84,1
TRIP01014,USER1506,London,25-12-2024,02-04-2025,Adventure,Flight,5,1032.1,8
TRIP01015,USER9098,Sydney,03-05-2024,29-12-2024,Leisure,Train,1,4684.78,8
TRIP01016,USER6231,Bangkok,07-12-2024,12-04-2025,Cultural,Car,3,4836.55,6
TRIP01017,USER7566,Istanbul,01-01-2025,16-02-2025,Adventure,Bus,1,4536.29,6
TRIP01018,USER5861,Paris,23-04-2024,04-07-2024,Adventure,Car,2,558.06,3
TRIP01019,USER5535,Paris,31-12-2024,27-01-2025,Business,Car,5,4403.07,10
TRIP01020,USER3655,Bangkok,28-02-2025,30-03-2025,Leisure,Bus,2,1833.66,4
TRIP01021,USER2577,London,20-09-2024,23-11-2024,Adventure,Bus,3,2174.64,10
TRIP01022,USER8862,London,30-08-2024,03-03-2025,Leisure,Train,4,1192.58,4
TRIP01023,USER9199,Tokyo,11-08-2024,18-09-2024,Leisure,Cruise,2,2024.31,6
TRIP01024,USER6072,Istanbul,14-05-2024,01-06-2024,Cultural,Car,3,3585.07,9
TRIP01025,USER1691,New York,03-11-2024,07-12-2024,Adventure,Bus,4,3020.67,5
TRIP01026,USER7470,London,15-02-2025,19-03-2025,Business,Train,2,1714.83,6
TRIP01027,USER4722,Barcelona,06-04-2024,21-02-2025,Cultural,Cruise,1,3788.57,10
TRIP01028,USER1162,London,05-01-2025,27-02-2025,Cultural,Bus,2,4015.69,6
TRIP01029,USER7403,London,06-02-2025,18-03-2025,Cultural,Train,5,2788.08,7
TRIP01030,USER5889,Bangkok,08-11-2024,15-03-2025,Cultural,Train,3,3236.37,3
TRIP01031,USER9440,Dubai,04-10-2024,10-10-2024,Leisure,Car,5,4345.42,7
TRIP01032,USER2399,Barcelona,29-05-2024,30-10-2024,Business,Cruise,2,2635.65,3
TRIP01033,USER1495,Tokyo,22-01-2025,12-02-2025,Family,Flight,3,925.31,9
TRIP01034,USER1475,London,18-01-2025,27-02-2025,Cultural,Train,2,2587.09,1
TRIP01035,USER3343,Rome,06-10-2024,21-11-2024,Family,Bus,1,571.13,5
TRIP01036,USER3275,Bangkok,11-08-2024,31-01-2025,Cultural,Train,4,2150.58,1
TRIP01037,USER9659,New York,29-10-2024,24-03-2025,Adventure,Flight,4,637.29,3
TRIP01038,USER1589,Sydney,08-08-2024,06-02-2025,Family,Train,1,1227.57,5
TRIP01039,USER5000,Bangkok,09-03-2025,13-03-2025,Leisure,Train,4,3615.21,6
TRIP01040,USER7598,Dubai,05-11-2024,28-03-2025,Adventure,Cruise,1,1382.24,5
TRIP01041,USER1767,Tokyo,04-02-2025,25-03-2025,Family,Car,5,4091.14,3
TRIP01042,USER4667,Rome,26-04-2024,24-03-2025,Beach,Train,5,750.96,8
TRIP01043,USER5449,Dubai,30-07-2024,29-08-2024,Leisure,Cruise,5,1279.33,4
TRIP01044,USER5801,Paris,12-03-2025,30-03-2025,Cultural,Train,2,647.17,2
TRIP01045,USER8672,Paris,01-05-2024,07-08-2024,Cultural,Cruise,5,2049.78,1
TRIP01046,USER3710,London,14-02-2025,21-03-2025,Cultural,Train,1,1335.31,3
TRIP01047,USER9427,Dubai,13-07-2024,04-03-2025,Business,Flight,5,4699.52,8
TRIP01048,USER7914,Barcelona,05-03-2025,08-04-2025,Business,Bus,4,4504.25,10
TRIP01049,USER1478,Tokyo,08-07-2024,03-01-2025,Cultural,Flight,4,3467.95,7
TRIP01050,USER8721,Dubai,05-04-2024,10-12-2024,Adventure,Train,4,2427.12,4
TRIP01051,USER3717,Sydney,31-07-2024,14-03-2025,Leisure,Flight,5,3818.43,3
TRIP01052,USER1526,Tokyo,29-03-2024,24-10-2024,Leisure,Bus,5,1626.39,9
TRIP01053,USER7450,Barcelona,04-05-2024,02-04-2025,Business,Flight,1,4652.32,6
TRIP01054,USER2708,Barcelona,20-01-2025,22-01-2025,Business,Train,5,1215.58,1
TRIP01055,USER5257,Dubai,24-08-2024,31-01-2025,Leisure,Cruise,5,4601.16,10
TRIP01056,USER6744,Barcelona,20-10-2024,13-12-2024,Business,Train,2,4527.43,6
TRIP01057,USER3892,Dubai,10-11-2024,08-03-2025,Family,Train,3,1947.79,1
TRIP01058,USER1178,Sydney,23-12-2024,02-02-2025,Beach,Flight,3,4295.84,9
TRIP01059,USER6302,Paris,27-12-2024,31-12-2024,Adventure,Cruise,2,3587.74,3
TRIP01060,USER2990,Bangkok,15-09-2024,14-02-2025,Family,Flight,2,3200.05,3
TRIP01061,USER2054,Rome,06-12-2024,12-12-2024,Family,Bus,2,4589.6,4
TRIP01062,USER8079,Rome,12-03-2025,01-04-2025,Beach,Bus,2,3410.21,5
TRIP01063,USER8559,Paris,08-01-2025,24-02-2025,Beach,Cruise,5,3168.71,2
TRIP01064,USER7430,Istanbul,08-04-2024,03-10-2024,Business,Train,5,2676.93,2
TRIP01065,USER3491,Bangkok,28-04-2024,01-01-2025,Family,Car,3,2274.89,7
TRIP01066,USER7047,New York,12-10-2024,23-02-2025,Leisure,Car,4,3979.56,1
TRIP01067,USER5770,Dubai,19-09-2024,12-02-2025,Adventure,Flight,5,2405.76,8
TRIP01068,USER7567,Paris,21-11-2024,21-02-2025,Family,Flight,2,2934.04,7
TRIP01069,USER6248,Barcelona,03-05-2024,12-01-2025,Cultural,Train,3,3350.14,7
TRIP01070,USER1958,Bangkok,04-02-2025,15-02-2025,Cultural,Flight,1,1471.93,10
TRIP01071,USER6315,Rome,24-11-2024,19-12-2024,Cultural,Cruise,4,647.04,10
TRIP01072,USER9354,Barcelona,05-08-2024,08-09-2024,Adventure,Flight,5,3981.78,2
TRIP01073,USER3236,Paris,17-06-2024,03-03-2025,Beach,Cruise,3,788.23,6
TRIP01074,USER4718,Tokyo,23-12-2024,05-04-2025,Family,Flight,5,3333.08,4
TRIP01075,USER9586,Tokyo,08-04-2024,25-09-2024,Family,Bus,5,2048.95,6
TRIP01076,USER3921,Barcelona,15-04-2024,18-05-2024,Leisure,Flight,1,3661.15,7
TRIP01077,USER1323,Paris,25-04-2024,16-06-2024,Adventure,Flight,1,3901.24,10
TRIP01079,USER2961,Rome,24-11-2024,17-02-2025,Family,Train,1,4828.64,7
TRIP01080,USER4066,London,01-10-2024,11-01-2025,Business,Cruise,4,2284.27,8
TRIP01081,USER9048,Sydney,30-03-2024,20-09-2024,Business,Car,3,2059.52,4
TRIP01082,USER4461,Istanbul,09-11-2024,15-03-2025,Leisure,Flight,3,2662.65,4
TRIP01083,USER9156,Istanbul,17-05-2024,01-03-2025,Cultural,Bus,3,3789.6,6
TRIP01084,USER4252,Paris,10-01-2025,26-01-2025,Family,Car,1,598.01,10
TRIP01085,USER3610,London,02-11-2024,02-01-2025,Leisure,Bus,1,4361.82,9
TRIP01086,USER7567,New York,19-08-2024,14-03-2025,Cultural,Train,4,1186.38,8
TRIP01087,USER8696,Tokyo,22-11-2024,11-04-2025,Adventure,Bus,2,1865.35,5
TRIP01088,USER7961,Barcelona,03-06-2024,05-02-2025,Beach,Bus,3,4565.82,5
TRIP01089,USER9324,Bangkok,25-07-2024,07-11-2024,Business,Cruise,4,822.06,3
TRIP01090,USER2826,Istanbul,22-02-2025,08-03-2025,Adventure,Train,1,4002.94,4
TRIP01091,USER5063,New York,07-08-2024,30-03-2025,Beach,Train,3,2611.23,3
TRIP01092,USER7411,London,09-11-2024,27-11-2024,Family,Bus,4,1645.2,6
TRIP01093,USER5204,Tokyo,14-08-2024,24-12-2024,Business,Car,4,2026.36,2
TRIP01094,USER7872,Bangkok,18-05-2024,15-06-2024,Leisure,Car,2,2059.51,3
TRIP01095,USER2929,Istanbul,23-10-2024,09-11-2024,Leisure,Cruise,4,4742.32,1
TRIP01096,USER3778,London,22-11-2024,22-11-2024,Leisure,Cruise,2,4587.75,8
TRIP01097,USER3197,London,15-03-2025,29-03-2025,Leisure,Bus,4,2969.66,2
TRIP01098,USER1822,New York,11-09-2024,28-01-2025,Cultural,Flight,5,1626.91,8
TRIP01099,USER5865,Istanbul,17-08-2024,01-11-2024,Adventure,Cruise,5,4164.72,10
TRIP01100,USER5651,Barcelona,01-09-2024,11-10-2024,Beach,Train,1,1455.42,6
TRIP01101,USER7478,Bangkok,12-10-2024,08-11-2024,Family,Train,4,2599.59,9
TRIP01102,USER6155,Tokyo,25-12-2024,25-02-2025,Adventure,Bus,4,2841.98,8
TRIP01103,USER2716,Sydney,20-01-2025,08-03-2025,Family,Flight,2,1969.56,9
TRIP01104,USER4815,Bangkok,18-01-2025,20-01-2025,Leisure,Flight,3,974.66,7
TRIP01105,USER5828,Istanbul,09-12-2024,04-04-2025,Beach,Flight,2,4479.23,4
TRIP01106,USER2343,Barcelona,04-02-2025,10-04-2025,Leisure,Cruise,2,1594.37,8
TRIP01107,USER6477,London,15-04-2024,16-02-2025,Adventure,Train,3,2194.89,3
TRIP01108,USER8589,Bangkok,06-12-2024,12-01-2025,Beach,Car,2,1076.3,3
TRIP01109,USER3644,Rome,29-11-2024,01-03-2025,Business,Car,4,2334.13,8
TRIP01110,USER6375,New York,13-02-2025,18-03-2025,Business,Train,4,1148.69,7
TRIP01111,USER7925,Dubai,30-11-2024,09-12-2024,Business,Cruise,2,1617.75,9
TRIP01112,USER5952,Sydney,01-12-2024,23-03-2025,Family,Flight,2,2023.57,5
TRIP01113,USER8749,Istanbul,27-07-2024,16-09-2024,Business,Car,1,4174.82,9
TRIP01114,USER5066,Barcelona,25-09-2024,13-01-2025,Cultural,Cruise,3,4110.45,7
TRIP01116,USER3236,Bangkok,02-03-2025,15-03-2025,Beach,Flight,2,4874.56,10
TRIP01117,USER8538,Istanbul,29-01-2025,23-02-2025,Leisure,Cruise,2,614.64,1
TRIP01118,USER1558,Dubai,09-05-2024,10-05-2024,Family,Car,5,2962.41,8
TRIP01119,USER5911,New York,20-03-2024,15-02-2025,Leisure,Car,5,971.38,9
TRIP01120,USER2851,Paris,03-01-2025,22-02-2025,Adventure,Flight,3,1894.02,8
TRIP01121,USER1549,London,06-07-2024,03-11-2024,Beach,Flight,3,2664.82,7
TRIP01122,USER1666,Istanbul,29-10-2024,04-11-2024,Cultural,Cruise,1,2267.82,2
TRIP01123,USER8870,Barcelona,14-06-2024,07-03-2025,Family,Car,1,3760.26,1
TRIP01124,USER2409,Rome,29-07-2024,17-01-2025,Beach,Train,4,4762.84,4
TRIP01125,USER4701,Tokyo,02-12-2024,05-12-2024,Family,Cruise,2,749.96,8
TRIP01126,USER4097,Istanbul,08-11-2024,14-02-2025,Beach,Flight,1,4251.53,3
TRIP01127,USER6770,Istanbul,04-05-2024,19-05-2024,Cultural,Train,4,1332.4,7
TRIP01128,USER8175,Sydney,04-01-2025,20-02-2025,Family,Car,2,1612.55,4
TRIP01129,USER4354,Tokyo,04-06-2024,10-02-2025,Leisure,Cruise,3,4106.43,5
TRIP01130,USER2895,Paris,15-07-2024,20-12-2024,Adventure,Bus,3,3667.85,3
TRIP01131,USER8805,London,17-12-2024,22-03-2025,Leisure,Bus,5,2641.91,9
TRIP01132,USER9665,Istanbul,15-11-2024,24-01-2025,Cultural,Bus,3,1403.84,4
TRIP01133,USER8974,Paris,17-12-2024,26-03-2025,Cultural,Bus,4,2774.32,5
TRIP01134,USER1318,Rome,11-01-2025,04-02-2025,Beach,Car,2,2125.87,6
TRIP01135,USER7723,Istanbul,05-09-2024,05-01-2025,Adventure,Flight,5,3700.08,8
TRIP01136,USER5650,New York,09-10-2024,30-01-2025,Leisure,Bus,2,3635.99,7
TRIP01137,USER2365,Bangkok,11-12-2024,15-04-2025,Adventure,Flight,3,3196.44,7
TRIP01138,USER4407,Tokyo,17-04-2024,13-03-2025,Leisure,Cruise,4,2050.34,10
TRIP01139,USER8717,London,03-05-2024,14-04-2025,Family,Bus,4,1139.4,3
TRIP01140,USER1363,New York,06-05-2024,13-09-2024,Beach,Bus,2,2387.84,7
TRIP01141,USER8521,Barcelona,23-05-2024,24-11-2024,Adventure,Flight,5,3802.61,2
TRIP01142,USER9445,Dubai,18-07-2024,11-01-2025,Beach,Car,5,747.32,3
TRIP01143,USER5973,Barcelona,15-11-2024,21-03-2025,Cultural,Bus,3,4654.57,3
TRIP01144,USER1538,Paris,18-12-2024,10-03-2025,Beach,Train,4,526.31,4
TRIP01145,USER1542,Dubai,16-07-2024,17-10-2024,Beach,Train,4,2228.25,5
TRIP01146,USER7313,Sydney,19-09-2024,01-03-2025,Cultural,Bus,5,4269.39,6
TRIP01147,USER9297,Barcelona,02-05-2024,24-05-2024,Cultural,Car,2,3288.47,1
TRIP01148,USER6798,Tokyo,26-01-2025,01-04-2025,Beach,Car,3,1086.42,2
TRIP01149,USER4879,Barcelona,30-12-2024,21-03-2025,Beach,Train,5,916.44,7
TRIP01150,USER1295,Istanbul,14-07-2024,28-02-2025,Cultural,Car,5,1286.95,9
TRIP01151,USER1998,Bangkok,19-08-2024,13-04-2025,Family,Bus,2,4474.62,7
TRIP01152,USER2337,London,14-02-2025,28-03-2025,Business,Car,1,4357.65,5
TRIP01153,USER6488,New York,23-03-2024,22-09-2024,Beach,Cruise,4,1329.08,3
TRIP01154,USER8970,Paris,31-01-2025,05-03-2025,Cultural,Flight,4,3534.72,2
TRIP01155,USER7974,Dubai,21-11-2024,15-02-2025,Leisure,Bus,3,1414.37,10
TRIP01156,USER4930,New York,06-09-2024,23-02-2025,Adventure,Flight,4,1991.41,10
TRIP01157,USER9394,Tokyo,06-11-2024,15-01-2025,Beach,Car,5,2320.1,8
TRIP01158,USER8452,Bangkok,31-01-2025,18-03-2025,Adventure,Train,4,4720.37,10
TRIP01159,USER3120,New York,15-10-2024,24-12-2024,Beach,Car,1,1776.04,1
TRIP01160,USER2125,Tokyo,10-02-2025,29-03-2025,Family,Flight,4,2606.42,1
TRIP01161,USER2711,Dubai,30-03-2024,23-02-2025,Family,Train,5,4567.56,1
TRIP01162,USER2743,Rome,09-12-2024,09-01-2025,Leisure,Flight,5,3849.67,4
TRIP01163,USER8176,Tokyo,24-06-2024,03-01-2025,Beach,Bus,3,1375.86,9
TRIP01164,USER6722,Sydney,02-04-2024,25-10-2024,Cultural,Flight,5,2133.15,5
TRIP01165,USER2598,Dubai,29-11-2024,08-03-2025,Cultural,Train,5,4933.65,5
TRIP01166,USER9597,Rome,21-04-2024,25-01-2025,Cultural,Car,4,3625.02,1
TRIP01167,USER7793,Bangkok,29-03-2024,19-02-2025,Cultural,Car,4,4401.29,2
TRIP01168,USER7036,New York,28-12-2024,10-01-2025,Beach,Car,2,2953.68,10
TRIP01169,USER2766,London,28-02-2025,21-03-2025,Business,Car,4,3691.74,9
TRIP01170,USER3205,Istanbul,19-10-2024,01-02-2025,Adventure,Flight,4,4533.9,10
TRIP01171,USER2271,Barcelona,07-04-2024,20-07-2024,Family,Cruise,1,4503.81,8
TRIP01172,USER9299,Barcelona,10-04-2024,09-11-2024,Business,Bus,2,2245.59,3
TRIP01173,USER7360,Bangkok,11-01-2025,16-02-2025,Business,Flight,1,1123.31,4
TRIP01174,USER8305,Istanbul,02-05-2024,27-12-2024,Beach,Train,4,2730.62,2
TRIP01175,USER8345,Istanbul,18-07-2024,10-09-2024,Adventure,Bus,4,3180.64,3
TRIP01176,USER6929,Sydney,27-02-2025,14-03-2025,Adventure,Cruise,2,1882.86,2
TRIP01177,USER9388,London,06-04-2024,22-02-2025,Leisure,Train,5,953.71,2
TRIP01178,USER4209,London,04-04-2024,01-03-2025,Beach,Cruise,3,3898.96,8
TRIP01179,USER2287,Sydney,28-08-2024,29-09-2024,Leisure,Car,2,926.96,5
TRIP01180,USER6256,Dubai,21-12-2024,08-02-2025,Family,Bus,3,2717.41,6
TRIP01181,USER3692,Tokyo,31-12-2024,19-01-2025,Cultural,Car,1,3721.41,2
TRIP01182,USER3341,London,13-11-2024,17-03-2025,Beach,Train,5,4628.29,4
TRIP01183,USER3294,Istanbul,25-09-2024,03-10-2024,Leisure,Flight,4,2834.76,6
TRIP01184,USER8648,Barcelona,11-12-2024,26-01-2025,Family,Car,3,1295.42,7
TRIP01185,USER1993,Paris,07-05-2024,30-10-2024,Beach,Flight,1,562.9,8
TRIP01186,USER7224,Sydney,26-12-2024,04-03-2025,Business,Flight,2,803.78,5
TRIP01187,USER1894,Paris,16-10-2024,27-02-2025,Beach,Cruise,1,542.89,6
TRIP01188,USER7801,Tokyo,08-09-2024,05-03-2025,Business,Car,4,4437.12,5
TRIP01189,USER5496,New York,06-11-2024,31-01-2025,Cultural,Cruise,2,1933.47,6
TRIP01190,USER2925,Paris,05-10-2024,07-11-2024,Business,Bus,3,2980.16,7
TRIP01191,USER5077,Paris,07-11-2024,31-01-2025,Cultural,Flight,4,3065.02,6
TRIP01192,USER4122,Tokyo,19-11-2024,03-01-2025,Business,Train,1,4203.8,5
TRIP01193,USER5689,Sydney,01-06-2024,03-10-2024,Leisure,Flight,3,3877.42,6
TRIP01194,USER6937,Dubai,20-03-2024,18-05-2024,Adventure,Flight,5,4540.15,1
TRIP01195,USER6990,Rome,28-09-2024,20-12-2024,Cultural,Cruise,1,4981.25,10
TRIP01196,USER3745,Istanbul,25-07-2024,03-04-2025,Family,Flight,5,3634.49,10
TRIP01197,USER5413,Bangkok,06-05-2024,18-09-2024,Family,Car,3,2456.43,4
TRIP01198,USER7065,Barcelona,04-03-2025,15-03-2025,Business,Flight,3,2365.23,5
TRIP01199,USER6813,Paris,14-02-2025,20-03-2025,Cultural,Bus,1,2009.6,8
TRIP01200,USER5016,Rome,19-05-2024,23-11-2024,Beach,Flight,2,2665.17,5
TRIP01201,USER7305,Sydney,10-02-2025,01-03-2025,Cultural,Cruise,3,2721.2,2
TRIP01202,USER1377,Dubai,03-08-2024,24-03-2025,Adventure,Flight,3,1505.64,5
TRIP01203,USER2546,Bangkok,14-05-2024,28-07-2024,Family,Cruise,1,1692.17,4
TRIP01204,USER3922,Bangkok,20-02-2025,14-03-2025,Beach,Cruise,5,4260.41,8
TRIP01205,USER3082,Tokyo,07-11-2024,06-04-2025,Family,Bus,5,694.15,2
TRIP01206,USER4065,Sydney,31-05-2024,28-07-2024,Business,Cruise,5,2749.24,8
TRIP01207,USER3135,Rome,29-03-2024,11-09-2024,Beach,Flight,3,948.18,3
TRIP01208,USER4145,Tokyo,14-12-2024,02-03-2025,Family,Train,4,3688.39,10
TRIP01209,USER9938,Sydney,23-03-2024,16-11-2024,Cultural,Flight,4,3094.29,8
TRIP01210,USER1942,Paris,04-07-2024,17-09-2024,Family,Bus,2,3660.28,2
TRIP01211,USER1210,Istanbul,14-09-2024,14-04-2025,Family,Car,1,548.38,6
TRIP01212,USER4194,Sydney,14-08-2024,17-10-2024,Leisure,Car,3,3376.12,10
TRIP01213,USER9382,Rome,10-09-2024,01-10-2024,Family,Bus,2,3240.19,6
TRIP01214,USER5754,New York,16-01-2025,25-03-2025,Cultural,Train,2,3961.12,5
TRIP01215,USER5605,Bangkok,25-02-2025,29-03-2025,Adventure,Car,2,652.44,4
TRIP01216,USER2632,New York,22-11-2024,08-12-2024,Business,Bus,3,2299.83,8
TRIP01217,USER3718,Paris,14-08-2024,15-08-2024,Cultural,Car,3,3110.13,7
TRIP01218,USER1493,Istanbul,02-04-2024,02-03-2025,Cultural,Bus,4,1294.88,5
TRIP01219,USER7485,Bangkok,17-02-2025,28-02-2025,Cultural,Flight,1,806.64,5
TRIP01220,USER5325,Dubai,17-05-2024,02-07-2024,Leisure,Car,2,4706.32,5
TRIP01221,USER1304,Dubai,01-08-2024,01-09-2024,Business,Train,3,1644.89,9
TRIP01222,USER6964,Bangkok,22-07-2024,21-09-2024,Leisure,Flight,5,3623.97,2
TRIP01223,USER9206,London,19-07-2024,25-12-2024,Adventure,Car,4,616.58,7
TRIP01224,USER7080,Sydney,04-10-2024,07-10-2024,Family,Cruise,1,4682.61,9
TRIP01225,USER8487,Istanbul,07-04-2024,21-11-2024,Business,Train,2,2809.31,6
TRIP01226,USER6453,Tokyo,16-04-2024,01-05-2024,Leisure,Train,1,3463.95,3
TRIP01227,USER1682,Tokyo,28-11-2024,09-03-2025,Cultural,Car,5,2546.74,7
TRIP01228,USER4485,Sydney,18-06-2024,24-06-2024,Family,Cruise,5,1823.57,5
TRIP01229,USER2981,London,16-11-2024,19-02-2025,Leisure,Car,5,2706.84,9
TRIP01230,USER8606,Barcelona,01-09-2024,07-03-2025,Cultural,Bus,3,823.65,8
TRIP01231,USER4845,Paris,13-06-2024,18-02-2025,Family,Train,2,2151.18,3
TRIP01232,USER2701,Paris,08-09-2024,14-12-2024,Adventure,Cruise,3,675.04,3
TRIP01233,USER4319,New York,20-09-2024,19-12-2024,Cultural,Bus,4,2137.68,5
TRIP01234,USER1373,Dubai,22-10-2024,11-01-2025,Business,Bus,4,4564.28,8
TRIP01235,USER7644,Sydney,23-06-2024,22-02-2025,Adventure,Bus,5,2605.46,6
TRIP01236,USER4327,Dubai,15-09-2024,25-03-2025,Beach,Train,2,4503.42,2
TRIP01237,USER1450,Barcelona,25-10-2024,20-02-2025,Leisure,Flight,4,2942.66,7
TRIP01238,USER6622,Bangkok,29-12-2024,03-04-2025,Cultural,Train,2,1547.33,9
TRIP01239,USER9066,Tokyo,05-12-2024,22-01-2025,Business,Cruise,3,530.59,6
TRIP01240,USER2940,Rome,28-09-2024,28-10-2024,Family,Train,5,3893.48,7
TRIP01241,USER9176,Rome,15-09-2024,16-09-2024,Adventure,Flight,4,4733.65,2
TRIP01242,USER1172,Istanbul,06-11-2024,28-01-2025,Cultural,Car,4,1734.12,10
TRIP01243,USER1451,Bangkok,07-09-2024,07-03-2025,Family,Bus,3,2590.47,10
TRIP01244,USER3538,Istanbul,23-02-2025,22-03-2025,Beach,Train,4,1343.69,9
TRIP01245,USER5556,Bangkok,06-08-2024,11-10-2024,Adventure,Train,5,3326.62,1
TRIP01246,USER3454,Barcelona,31-12-2024,01-01-2025,Leisure,Car,2,4860.44,4
TRIP01247,USER9848,Barcelona,25-05-2024,12-07-2024,Leisure,Bus,2,3943.88,5
TRIP01248,USER9419,Barcelona,22-01-2025,20-03-2025,Leisure,Train,2,4648.96,7
TRIP01249,USER2384,Tokyo,03-01-2025,30-03-2025,Business,Bus,1,1317.52,6
TRIP01250,USER9582,Dubai,23-08-2024,22-11-2024,Beach,Bus,4,666.53,2
TRIP01251,USER8581,Dubai,16-07-2024,19-02-2025,Family,Bus,3,2522.58,5
TRIP01252,USER6691,Dubai,29-09-2024,07-03-2025,Business,Cruise,2,4779.48,3
TRIP01253,USER4570,Paris,16-04-2024,20-12-2024,Adventure,Flight,2,709.31,9
TRIP01254,USER3969,Barcelona,05-09-2024,08-02-2025,Leisure,Flight,3,2029.6,2
TRIP01255,USER4878,Rome,20-10-2024,28-01-2025,Adventure,Train,2,4744.82,4
TRIP01256,USER6268,London,19-02-2025,20-02-2025,Cultural,Cruise,1,3890.12,9
TRIP01257,USER1419,Bangkok,24-01-2025,01-02-2025,Family,Flight,5,4252.55,10
TRIP01258,USER6823,Rome,12-04-2024,11-06-2024,Cultural,Car,5,539.1,4
TRIP01259,USER3749,Barcelona,27-07-2024,12-12-2024,Family,Train,1,3160.22,4
TRIP01260,USER4081,Rome,08-01-2025,12-01-2025,Business,Car,5,875.94,9
TRIP01261,USER6773,New York,31-03-2024,01-09-2024,Leisure,Flight,3,1462.27,8
TRIP01262,USER4251,Barcelona,01-12-2024,10-02-2025,Beach,Car,5,2043.16,2
TRIP01263,USER8664,Dubai,14-07-2024,07-04-2025,Business,Cruise,5,1050.35,3
TRIP01264,USER4775,New York,26-03-2024,02-12-2024,Leisure,Car,1,2579.23,1
TRIP01265,USER4765,New York,09-03-2025,26-03-2025,Business,Bus,3,890.12,5
TRIP01266,USER1071,Barcelona,17-09-2024,10-01-2025,Business,Train,4,2046.92,4
TRIP01267,USER7637,Tokyo,08-10-2024,30-03-2025,Family,Train,1,1965.6,9
TRIP01268,USER4843,New York,06-07-2024,20-09-2024,Business,Bus,4,3259.01,6
TRIP01269,USER7488,Istanbul,22-04-2024,03-07-2024,Family,Bus,5,3973.22,8
TRIP01270,USER2938,Istanbul,06-05-2024,25-10-2024,Beach,Car,4,4574.48,7
TRIP01271,USER4479,Dubai,01-06-2024,01-11-2024,Family,Train,4,3975.35,8
TRIP01272,USER9295,Barcelona,03-03-2025,04-03-2025,Cultural,Train,4,4765.56,7
TRIP01273,USER3147,Paris,29-01-2025,10-04-2025,Adventure,Car,3,3198.54,9
TRIP01274,USER2068,Rome,04-05-2024,24-05-2024,Family,Flight,2,3584.78,1
TRIP01275,USER4215,London,11-08-2024,26-11-2024,Adventure,Flight,5,2471.32,7
TRIP01276,USER8970,London,07-10-2024,14-01-2025,Beach,Flight,2,563.51,4
TRIP01277,USER9927,Rome,25-11-2024,01-02-2025,Leisure,Flight,2,1695.53,2
TRIP01278,USER1924,London,15-03-2025,20-03-2025,Beach,Flight,2,4052.08,3
TRIP01279,USER3377,Tokyo,08-09-2024,14-11-2024,Adventure,Train,2,2114.08,1
TRIP01280,USER8580,Tokyo,10-06-2024,04-10-2024,Business,Bus,1,1472.62,10
TRIP01281,USER8034,Barcelona,31-01-2025,17-03-2025,Cultural,Cruise,2,1632.58,7
TRIP01282,USER8614,Barcelona,12-10-2024,06-02-2025,Beach,Flight,2,3576.96,2
TRIP01283,USER3748,New York,23-12-2024,23-12-2024,Leisure,Cruise,5,4563.72,8
TRIP01284,USER2101,Tokyo,19-12-2024,19-12-2024,Leisure,Train,4,2715.92,8
TRIP01285,USER3980,Istanbul,24-11-2024,04-12-2024,Beach,Car,5,1868.09,4
TRIP01286,USER8314,Sydney,04-06-2024,10-12-2024,Beach,Train,4,2785.88,8
TRIP01287,USER3760,Bangkok,25-07-2024,24-03-2025,Business,Flight,2,3292.01,8
TRIP01288,USER2398,London,17-02-2025,03-03-2025,Business,Train,3,4812.11,3
TRIP01289,USER6938,Bangkok,01-10-2024,03-04-2025,Beach,Train,1,4030.37,7
TRIP01290,USER6468,Dubai,27-04-2024,13-07-2024,Leisure,Car,5,4134.06,10
TRIP01291,USER4645,Paris,10-12-2024,05-01-2025,Business,Cruise,1,2808.46,7
TRIP01292,USER9028,New York,26-10-2024,16-11-2024,Leisure,Bus,5,4197.26,1
TRIP01293,USER9987,Paris,16-03-2024,08-09-2024,Cultural,Train,1,1974.84,1
TRIP01294,USER1711,Barcelona,13-05-2024,20-09-2024,Adventure,Bus,2,745.41,2
TRIP01295,USER1066,Rome,26-05-2024,13-12-2024,Cultural,Train,1,3029.62,7
TRIP01296,USER9832,Tokyo,12-12-2024,27-12-2024,Business,Cruise,2,4977.7,7
TRIP01297,USER8396,Paris,13-03-2025,28-03-2025,Cultural,Train,3,4742.08,10
TRIP01298,USER6470,Paris,01-03-2025,15-03-2025,Family,Car,1,2308.8,10
TRIP01299,USER1634,Tokyo,18-07-2024,31-03-2025,Business,Train,5,4470.04,1
TRIP01300,USER8428,Barcelona,07-06-2024,19-03-2025,Beach,Flight,5,4448.51,4
TRIP01301,USER2667,New York,25-07-2024,05-11-2024,Business,Car,5,3995.39,10
TRIP01302,USER4277,Dubai,11-04-2024,17-02-2025,Adventure,Bus,2,2146.48,7
TRIP01303,USER5683,London,21-01-2025,07-03-2025,Beach,Train,3,3894.11,2
TRIP01304,USER4720,Paris,12-11-2024,17-03-2025,Business,Car,5,4041.3,9
TRIP01305,USER4811,Barcelona,13-10-2024,04-02-2025,Business,Cruise,5,4879.62,4
TRIP01306,USER5358,Paris,16-08-2024,02-12-2024,Leisure,Train,1,556.81,4
TRIP01307,USER7154,Sydney,27-03-2024,08-05-2024,Adventure,Cruise,4,1687.38,7
TRIP01308,USER1820,Sydney,04-12-2024,29-03-2025,Adventure,Cruise,2,3877.3,10
TRIP01309,USER9320,Dubai,05-08-2024,27-11-2024,Business,Car,1,543.64,4
TRIP01310,USER8762,Paris,12-11-2024,24-03-2025,Cultural,Cruise,1,2170.26,4
TRIP01311,USER4001,Paris,27-07-2024,08-04-2025,Family,Bus,4,3456.61,3
TRIP01312,USER8418,Istanbul,29-11-2024,29-12-2024,Cultural,Car,1,4123.44,8
TRIP01313,USER8623,Dubai,10-01-2025,07-02-2025,Leisure,Bus,2,2406.05,7
TRIP01314,USER9341,Dubai,07-07-2024,13-04-2025,Family,Train,3,1594.03,3
TRIP01315,USER5273,New York,20-08-2024,29-08-2024,Cultural,Bus,1,1517.89,6
TRIP01316,USER8186,Dubai,28-04-2024,25-02-2025,Adventure,Car,2,1303.77,10
TRIP01317,USER5893,Barcelona,18-02-2025,24-03-2025,Cultural,Cruise,2,1787.43,8
TRIP01318,USER5875,Istanbul,03-08-2024,17-08-2024,Beach,Train,2,4921.55,4
TRIP01319,USER7923,Rome,02-03-2025,25-03-2025,Leisure,Cruise,5,4401.27,1
TRIP01320,USER2579,Dubai,02-05-2024,09-01-2025,Adventure,Cruise,2,4366.27,10
TRIP01321,USER6250,Rome,25-07-2024,16-09-2024,Cultural,Car,1,2897.17,1
TRIP01322,USER8963,Dubai,23-11-2024,25-03-2025,Adventure,Cruise,3,3667.68,9
TRIP01323,USER1125,Sydney,24-08-2024,20-09-2024,Beach,Train,2,4872.07,10
TRIP01324,USER2844,Barcelona,25-12-2024,02-02-2025,Family,Car,3,4892.42,9
TRIP01325,USER7428,Barcelona,16-12-2024,09-01-2025,Adventure,Car,2,2720.75,7
TRIP01326,USER2582,Rome,26-05-2024,19-12-2024,Adventure,Bus,1,4961.65,8
TRIP01327,USER4829,Dubai,14-09-2024,23-11-2024,Business,Bus,4,3495.4,2
TRIP01328,USER3460,Sydney,05-01-2025,26-03-2025,Leisure,Car,3,4720.82,3
TRIP01329,USER4687,Tokyo,13-07-2024,13-07-2024,Leisure,Train,5,2848.4,3
TRIP01330,USER6871,London,18-10-2024,05-11-2024,Adventure,Cruise,4,3898.29,8
TRIP01331,USER1739,Barcelona,22-08-2024,13-01-2025,Leisure,Cruise,2,784.41,1
TRIP01332,USER9810,Paris,07-03-2025,16-03-2025,Business,Bus,5,4037.86,4
TRIP01333,USER2005,Bangkok,25-08-2024,14-12-2024,Family,Flight,2,902.66,1
TRIP01334,USER6663,London,10-02-2025,22-02-2025,Family,Car,1,1335.77,2
TRIP01335,USER3970,Paris,03-04-2024,17-03-2025,Leisure,Flight,1,3552.55,9
TRIP01336,USER9285,New York,21-12-2024,23-02-2025,Family,Train,5,3551.4,4
TRIP01337,USER7415,Bangkok,31-01-2025,02-02-2025,Adventure,Car,2,1620.77,4
TRIP01338,USER6122,Sydney,07-07-2024,16-07-2024,Cultural,Cruise,2,4199.64,9
TRIP01339,USER1420,Barcelona,13-08-2024,21-01-2025,Family,Cruise,2,2759.52,2
TRIP01340,USER1561,London,05-08-2024,14-10-2024,Cultural,Car,4,3143.85,3
TRIP01341,USER1893,Dubai,15-05-2024,21-09-2024,Adventure,Cruise,1,1466.02,7
TRIP01342,USER2091,Bangkok,26-05-2024,01-09-2024,Business,Car,5,759.11,2
TRIP01343,USER3387,Bangkok,14-05-2024,01-04-2025,Beach,Bus,5,4843.53,8
TRIP01344,USER9228,Istanbul,18-07-2024,02-11-2024,Family,Flight,2,2066.36,1
TRIP01345,USER9861,Tokyo,13-04-2024,16-04-2024,Cultural,Bus,4,609.23,10
TRIP01346,USER1814,Bangkok,09-10-2024,21-10-2024,Cultural,Flight,5,2939.19,6
TRIP01348,USER9806,Istanbul,24-05-2024,26-09-2024,Family,Train,2,3299.42,8
TRIP01349,USER3710,Dubai,15-10-2024,20-02-2025,Leisure,Cruise,3,1698.17,1
TRIP01350,USER3523,Barcelona,08-04-2024,29-11-2024,Business,Car,1,2475.92,7
TRIP01351,USER5230,London,24-09-2024,26-10-2024,Adventure,Train,1,4951.93,1
TRIP01352,USER6625,New York,11-08-2024,25-02-2025,Beach,Train,4,583.41,5
TRIP01353,USER5971,Barcelona,26-05-2024,02-09-2024,Beach,Cruise,2,3622.21,2
TRIP01354,USER5543,Istanbul,26-02-2025,02-03-2025,Business,Car,3,2945.28,4
TRIP01355,USER3627,Rome,02-06-2024,10-07-2024,Family,Cruise,2,3748.51,5
TRIP01356,USER3955,New York,04-07-2024,13-12-2024,Leisure,Cruise,5,882.99,3
TRIP01357,USER8860,Bangkok,12-02-2025,14-03-2025,Leisure,Cruise,1,4007.24,4
TRIP01358,USER7658,London,28-07-2024,29-11-2024,Adventure,Bus,4,2983.93,7
TRIP01359,USER1989,Paris,22-12-2024,30-12-2024,Family,Cruise,5,1023.06,1
TRIP01360,USER1366,Tokyo,29-07-2024,06-10-2024,Business,Cruise,1,3889.49,2
TRIP01361,USER2696,Istanbul,28-06-2024,19-11-2024,Beach,Bus,2,1234.72,9
TRIP01362,USER4653,Barcelona,10-05-2024,16-03-2025,Cultural,Bus,5,509.3,5
TRIP01363,USER6579,Barcelona,10-04-2024,25-05-2024,Leisure,Bus,3,4239.67,4
TRIP01364,USER1914,Istanbul,10-05-2024,03-12-2024,Beach,Train,1,3986.37,4
TRIP01365,USER9922,London,13-03-2025,12-04-2025,Adventure,Flight,4,1926.86,2
TRIP01366,USER6910,London,13-03-2025,13-04-2025,Business,Bus,2,976.62,6
TRIP01367,USER5516,Paris,06-01-2025,10-03-2025,Family,Flight,2,3415.63,3
TRIP01368,USER7131,Dubai,07-12-2024,26-12-2024,Adventure,Bus,5,3989.28,4
TRIP01369,USER1759,Istanbul,23-01-2025,31-03-2025,Family,Car,3,3707.28,2
TRIP01370,USER7931,Sydney,29-01-2025,13-02-2025,Beach,Train,4,2339.22,5
TRIP01371,USER9976,Bangkok,30-11-2024,14-12-2024,Leisure,Car,1,3782.51,1
TRIP01372,USER1475,Dubai,04-10-2024,30-12-2024,Leisure,Cruise,5,2796.74,6
TRIP01373,USER3207,Dubai,04-04-2024,13-12-2024,Adventure,Flight,1,2797.55,5
TRIP01374,USER5415,Dubai,09-05-2024,24-11-2024,Leisure,Cruise,3,2209.63,10
TRIP01375,USER3197,Sydney,12-10-2024,01-04-2025,Business,Car,5,1101.12,7
TRIP01376,USER1314,Paris,27-01-2025,21-02-2025,Leisure,Bus,5,1648.94,7
TRIP01377,USER7344,Barcelona,20-12-2024,09-04-2025,Leisure,Car,4,4596.77,9
TRIP01378,USER2201,New York,22-03-2024,27-04-2024,Adventure,Car,4,4085.85,2
TRIP01379,USER1571,Paris,08-07-2024,01-02-2025,Leisure,Train,1,2204.76,5
TRIP01380,USER9180,Dubai,29-08-2024,31-10-2024,Business,Cruise,4,2433.7,10
TRIP01381,USER2334,Istanbul,07-01-2025,28-02-2025,Leisure,Bus,4,3621.6,6
TRIP01382,USER2250,Paris,09-12-2024,01-01-2025,Business,Cruise,2,2931.32,10
TRIP01383,USER8865,Sydney,19-01-2025,31-01-2025,Leisure,Car,3,538.48,3
TRIP01384,USER5338,New York,22-04-2024,13-11-2024,Leisure,Flight,4,4102.21,9
TRIP01385,USER7989,Paris,06-07-2024,09-08-2024,Family,Train,3,4368.34,6
TRIP01386,USER6803,Tokyo,10-09-2024,21-02-2025,Leisure,Car,3,2448.95,7
TRIP01387,USER3143,Barcelona,27-06-2024,19-11-2024,Adventure,Flight,1,1093.04,6
TRIP01388,USER9971,New York,29-03-2024,08-07-2024,Cultural,Car,5,2541.1,5
TRIP01389,USER3453,New York,20-11-2024,28-01-2025,Business,Train,4,3316.43,4
TRIP01390,USER9362,Barcelona,15-08-2024,09-04-2025,Business,Flight,3,1891.35,7
TRIP01391,USER8137,Istanbul,01-04-2024,23-04-2024,Cultural,Bus,4,3344.57,1
TRIP01392,USER2501,Tokyo,07-07-2024,17-07-2024,Adventure,Train,3,876.3,4
TRIP01393,USER4705,Bangkok,11-10-2024,14-01-2025,Family,Cruise,2,4088.75,3
TRIP01394,USER9523,Rome,21-11-2024,27-12-2024,Business,Bus,2,4927,1
TRIP01395,USER6321,Istanbul,07-08-2024,11-11-2024,Adventure,Flight,2,1989.77,4
TRIP01396,USER4917,Barcelona,13-11-2024,17-12-2024,Cultural,Train,2,2372.91,9
TRIP01397,USER3447,London,08-12-2024,11-12-2024,Leisure,Train,3,4223.63,8
TRIP01398,USER6921,Paris,15-03-2025,03-04-2025,Beach,Cruise,4,4036.01,4
TRIP01399,USER3776,Istanbul,22-10-2024,05-12-2024,Business,Cruise,2,4941.08,7
TRIP01400,USER3578,Istanbul,27-02-2025,10-03-2025,Beach,Cruise,1,3234.87,10
TRIP01401,USER7214,London,30-04-2024,14-05-2024,Leisure,Bus,4,2596.23,8
TRIP01402,USER7261,Bangkok,19-05-2024,07-06-2024,Beach,Bus,3,4484.13,10
TRIP01403,USER2154,Dubai,29-06-2024,15-10-2024,Leisure,Car,3,4670.56,4
TRIP01404,USER1433,Bangkok,28-08-2024,05-01-2025,Business,Train,3,2576.99,3
TRIP01405,USER6205,Barcelona,28-07-2024,25-02-2025,Leisure,Car,3,2887.08,10
TRIP01406,USER5282,Dubai,15-02-2025,08-03-2025,Leisure,Flight,4,3270.88,10
TRIP01407,USER8245,Barcelona,09-05-2024,16-07-2024,Leisure,Train,2,725.55,7
TRIP01408,USER3537,London,04-12-2024,29-12-2024,Beach,Bus,3,1546.91,3
TRIP01409,USER9764,Paris,26-01-2025,25-02-2025,Adventure,Flight,5,2439.54,9
TRIP01410,USER8867,Bangkok,07-01-2025,08-04-2025,Family,Flight,4,2739.24,6
TRIP01411,USER2887,Istanbul,28-10-2024,13-12-2024,Beach,Cruise,1,2765.99,4
TRIP01412,USER6683,Bangkok,17-07-2024,12-01-2025,Cultural,Train,2,2612.13,2
TRIP01413,USER3050,Sydney,18-01-2025,17-02-2025,Adventure,Flight,5,2958.58,3
TRIP01414,USER4361,Sydney,05-08-2024,21-09-2024,Cultural,Train,3,3732.98,4
TRIP01415,USER7464,Tokyo,24-02-2025,14-03-2025,Business,Train,1,4018.87,7
TRIP01416,USER4633,Sydney,08-11-2024,06-04-2025,Beach,Train,4,2033.85,6
TRIP01417,USER7524,Sydney,10-05-2024,25-10-2024,Business,Bus,5,2216.19,1
TRIP01418,USER6905,Sydney,19-10-2024,03-04-2025,Cultural,Bus,4,1155.2,1
TRIP01419,USER2581,New York,29-03-2024,30-01-2025,Adventure,Car,4,3837.62,9
TRIP01421,USER9809,London,06-11-2024,13-04-2025,Cultural,Train,5,1782.73,3
TRIP01422,USER4842,Sydney,09-01-2025,17-01-2025,Adventure,Cruise,4,1116.1,3
TRIP01423,USER5396,Sydney,14-03-2025,28-03-2025,Beach,Bus,3,2429.86,3
TRIP01424,USER2977,Istanbul,22-07-2024,15-04-2025,Family,Bus,5,4228.59,5
TRIP01425,USER2576,New York,02-12-2024,31-12-2024,Adventure,Cruise,5,671.15,4
TRIP01426,USER7026,Bangkok,28-12-2024,22-03-2025,Leisure,Train,4,1640.44,8
TRIP01427,USER7940,Bangkok,25-01-2025,27-01-2025,Business,Bus,3,3644.38,6
TRIP01428,USER5938,Barcelona,02-07-2024,22-12-2024,Family,Train,4,3800.4,8
TRIP01429,USER1691,Bangkok,09-11-2024,30-11-2024,Leisure,Bus,2,1578.99,6
TRIP01430,USER1860,Tokyo,08-04-2024,07-02-2025,Business,Flight,3,2684.46,5
TRIP01431,USER1865,Istanbul,12-04-2024,23-01-2025,Cultural,Flight,5,4040.01,4
TRIP01432,USER7682,Tokyo,15-01-2025,02-04-2025,Leisure,Car,1,4494.14,4
TRIP01433,USER3140,Paris,18-06-2024,28-09-2024,Cultural,Bus,3,4686.07,8
TRIP01434,USER3695,New York,30-09-2024,29-10-2024,Business,Bus,3,1562.38,4
TRIP01435,USER6296,Rome,12-09-2024,04-10-2024,Adventure,Car,5,3231.42,7
TRIP01436,USER5784,Paris,05-12-2024,04-02-2025,Cultural,Flight,1,2142.27,6
TRIP01437,USER5673,Barcelona,01-01-2025,11-04-2025,Family,Car,4,4642.25,1
TRIP01438,USER7871,Rome,24-09-2024,02-11-2024,Leisure,Cruise,2,3831.99,7
TRIP01439,USER1925,Barcelona,21-11-2024,01-01-2025,Cultural,Cruise,5,2616.78,5
TRIP01440,USER2888,Barcelona,01-03-2025,20-03-2025,Adventure,Train,3,1859.72,9
TRIP01441,USER4530,Istanbul,05-12-2024,31-01-2025,Family,Train,3,4441.37,5
TRIP01442,USER5284,London,04-02-2025,17-02-2025,Family,Cruise,3,3796.52,3
TRIP01443,USER7331,Tokyo,01-12-2024,30-12-2024,Adventure,Cruise,3,1345.52,10
TRIP01444,USER6915,Bangkok,22-02-2025,18-03-2025,Adventure,Train,2,988.62,4
TRIP01445,USER6554,Rome,05-02-2025,10-04-2025,Family,Bus,2,3212.61,5
TRIP01446,USER7805,London,30-06-2024,25-03-2025,Family,Cruise,3,4232.55,7
TRIP01447,USER7675,Sydney,05-04-2024,11-12-2024,Adventure,Train,3,965.61,1
TRIP01448,USER7705,Barcelona,09-06-2024,25-10-2024,Adventure,Train,4,2598.75,2
TRIP01449,USER3920,Sydney,13-09-2024,20-10-2024,Leisure,Cruise,2,4479.14,8
TRIP01450,USER8440,Barcelona,21-06-2024,11-09-2024,Leisure,Car,4,3282.94,8
TRIP01451,USER9310,London,09-11-2024,28-11-2024,Business,Car,4,4573.75,3
TRIP01452,USER6415,Tokyo,21-07-2024,21-07-2024,Leisure,Flight,2,2435.91,7
TRIP01453,USER8278,Rome,29-05-2024,25-09-2024,Beach,Train,5,631.21,9
TRIP01454,USER7547,Istanbul,10-12-2024,13-03-2025,Business,Car,4,962.36,3
TRIP01455,USER1492,New York,15-07-2024,27-07-2024,Cultural,Cruise,2,3304.02,10
TRIP01456,USER6950,Dubai,27-04-2024,13-11-2024,Business,Car,2,1824.14,4
TRIP01457,USER5805,Sydney,02-09-2024,28-09-2024,Family,Bus,5,1495.7,7
TRIP01458,USER5029,London,02-06-2024,27-10-2024,Adventure,Cruise,2,4533.16,1
TRIP01459,USER8586,Dubai,29-08-2024,13-02-2025,Cultural,Flight,2,1933.62,2
TRIP01460,USER6268,Rome,13-10-2024,13-04-2025,Adventure,Cruise,5,625.76,4
TRIP01461,USER8299,London,23-09-2024,24-09-2024,Leisure,Car,1,3316.5,8
TRIP01462,USER2590,Barcelona,18-12-2024,19-12-2024,Cultural,Bus,1,1370.33,4
TRIP01463,USER6820,Tokyo,27-09-2024,09-04-2025,Beach,Train,4,1152.51,7
TRIP01464,USER8467,Bangkok,23-10-2024,01-03-2025,Family,Bus,2,2268.31,6
TRIP01465,USER2836,Istanbul,21-11-2024,13-12-2024,Beach,Bus,2,1467.11,2
TRIP01466,USER3242,Tokyo,30-03-2024,15-02-2025,Family,Cruise,5,1127.04,9
TRIP01467,USER9946,Istanbul,01-12-2024,14-01-2025,Family,Cruise,5,3475.42,4
TRIP01468,USER9991,Tokyo,05-03-2025,07-04-2025,Family,Bus,5,3710.6,10
TRIP01469,USER9915,New York,11-02-2025,05-03-2025,Beach,Train,1,3783.19,8
TRIP01470,USER8708,Sydney,28-03-2024,17-05-2024,Adventure,Bus,2,4978.93,7
TRIP01471,USER3005,Rome,29-10-2024,12-04-2025,Beach,Flight,4,1723,10
TRIP01472,USER2879,Dubai,08-12-2024,11-03-2025,Leisure,Bus,3,4598.5,4
TRIP01473,USER8114,New York,16-08-2024,21-03-2025,Cultural,Bus,4,3448.47,3
TRIP01474,USER6375,Rome,08-12-2024,22-02-2025,Family,Car,1,3424.37,9
TRIP01475,USER4214,London,05-04-2024,22-06-2024,Business,Train,4,3029.44,3
TRIP01476,USER5933,Bangkok,09-02-2025,29-03-2025,Business,Bus,4,2673.18,10
TRIP01477,USER8364,Istanbul,05-09-2024,08-01-2025,Cultural,Flight,2,1005.07,3
TRIP01478,USER9777,Rome,25-01-2025,06-04-2025,Business,Flight,4,3685.5,10
TRIP01479,USER6847,Tokyo,24-08-2024,28-08-2024,Cultural,Cruise,2,4451.23,10
TRIP01480,USER5601,Barcelona,05-08-2024,03-09-2024,Cultural,Flight,4,1869.38,4
TRIP01481,USER4057,New York,07-09-2024,29-12-2024,Family,Car,5,1935.52,9
TRIP01482,USER5868,New York,24-11-2024,12-02-2025,Cultural,Car,3,4049.71,8
TRIP01483,USER5871,Istanbul,05-08-2024,01-09-2024,Family,Cruise,1,4178.96,9
TRIP01484,USER2117,New York,31-05-2024,30-10-2024,Cultural,Train,5,883.41,9
TRIP01485,USER2880,London,14-03-2025,15-04-2025,Business,Train,1,1941.88,7
TRIP01486,USER6822,Rome,03-11-2024,03-02-2025,Adventure,Train,2,3367.53,1
TRIP01487,USER6990,New York,25-07-2024,12-11-2024,Cultural,Cruise,2,995.8,8
TRIP01488,USER9454,Rome,03-03-2025,02-04-2025,Adventure,Cruise,5,4737.48,9
TRIP01489,USER2789,London,20-10-2024,07-12-2024,Cultural,Bus,1,3819.35,4
TRIP01490,USER5203,Dubai,18-11-2024,09-02-2025,Leisure,Car,2,621.27,6
TRIP01491,USER6020,Barcelona,10-05-2024,14-01-2025,Family,Flight,1,2288.28,8
TRIP01492,USER9937,Istanbul,08-06-2024,11-07-2024,Family,Flight,5,3606.56,5
TRIP01493,USER7009,Bangkok,14-12-2024,03-03-2025,Beach,Train,1,3088.53,4
TRIP01494,USER7505,London,17-03-2024,21-05-2024,Business,Train,2,1211.3,9
TRIP01495,USER3769,Bangkok,16-05-2024,19-05-2024,Beach,Car,1,3250.86,10
TRIP01496,USER5716,Tokyo,15-06-2024,18-03-2025,Beach,Train,1,4892.17,2
TRIP01497,USER5276,Rome,21-08-2024,03-04-2025,Adventure,Bus,3,2080.78,2
TRIP01498,USER2748,Sydney,06-11-2024,13-12-2024,Beach,Cruise,5,2859.26,1
TRIP01499,USER3527,Barcelona,13-11-2024,28-01-2025,Beach,Cruise,5,963.54,9
TRIP01500,USER8102,Tokyo,10-01-2025,24-03-2025,Family,Cruise,5,2949.14,10
TRIP01501,USER9453,New York,16-07-2024,13-12-2024,Family,Bus,3,915.28,7
TRIP01502,USER9065,Paris,14-01-2025,20-03-2025,Cultural,Cruise,2,3193.96,2
TRIP01503,USER6373,Barcelona,22-11-2024,07-01-2025,Business,Cruise,3,1981.67,3
TRIP01504,USER6031,New York,05-10-2024,14-03-2025,Leisure,Bus,4,808.24,7
TRIP01505,USER6298,New York,20-11-2024,04-04-2025,Leisure,Bus,4,1010.92,7
TRIP01506,USER3627,Rome,02-09-2024,06-10-2024,Cultural,Flight,5,3399.24,4
TRIP01507,USER4983,Sydney,04-12-2024,28-03-2025,Cultural,Car,2,2657.23,1
TRIP01508,USER5731,Barcelona,27-06-2024,03-03-2025,Beach,Car,3,3410.75,7
TRIP01509,USER9491,Tokyo,15-03-2025,02-04-2025,Beach,Bus,2,2302.44,8
TRIP01510,USER1694,Rome,13-03-2025,03-04-2025,Business,Flight,5,2062.36,9
TRIP01511,USER7600,Barcelona,19-12-2024,13-01-2025,Family,Train,5,3966.55,7
TRIP01512,USER2784,New York,02-08-2024,31-03-2025,Adventure,Cruise,1,2421.79,6
TRIP01513,USER9845,Tokyo,06-09-2024,17-12-2024,Beach,Car,1,2468.01,2
TRIP01514,USER7085,Dubai,12-07-2024,20-11-2024,Adventure,Bus,4,977.4,7
TRIP01515,USER3811,Istanbul,11-11-2024,30-03-2025,Adventure,Train,1,2637.85,8
TRIP01516,USER3927,Bangkok,25-05-2024,19-01-2025,Family,Train,3,2677.95,7
TRIP01517,USER5726,Sydney,12-10-2024,25-03-2025,Adventure,Train,4,4951.68,7
TRIP01518,USER5400,Barcelona,04-01-2025,12-01-2025,Business,Car,4,1840.45,4
TRIP01519,USER8721,Istanbul,20-01-2025,01-02-2025,Beach,Cruise,5,4479.6,2
TRIP01520,USER7012,Rome,11-02-2025,07-04-2025,Cultural,Cruise,3,4628.25,6
TRIP01521,USER2697,London,21-10-2024,10-12-2024,Adventure,Bus,1,2986.94,6
TRIP01522,USER3132,Tokyo,19-06-2024,05-11-2024,Leisure,Bus,3,3931.58,10
TRIP01523,USER5486,Dubai,21-10-2024,02-03-2025,Adventure,Cruise,4,883.11,3
TRIP01524,USER5461,Sydney,05-01-2025,23-03-2025,Leisure,Flight,5,3084.61,6
TRIP01525,USER6037,Tokyo,13-12-2024,12-04-2025,Adventure,Train,3,3606.32,9
TRIP01526,USER1649,Barcelona,18-03-2024,14-05-2024,Cultural,Train,2,2086.27,2
TRIP01527,USER5300,London,07-06-2024,26-06-2024,Adventure,Car,2,2988.98,4
TRIP01528,USER1194,Barcelona,15-09-2024,08-11-2024,Cultural,Bus,2,2670.12,6
TRIP01529,USER3792,New York,04-07-2024,12-10-2024,Adventure,Car,1,4040.65,5
TRIP01530,USER6633,Bangkok,24-03-2024,21-06-2024,Cultural,Train,4,1286.02,1
TRIP01531,USER4488,Paris,16-04-2024,23-06-2024,Business,Bus,5,3211.02,8
TRIP01532,USER9248,Bangkok,04-05-2024,20-03-2025,Family,Car,2,4593.66,9
TRIP01533,USER8012,Rome,20-02-2025,27-02-2025,Business,Flight,4,1198.14,2
TRIP01534,USER6905,Sydney,25-07-2024,25-12-2024,Adventure,Train,2,3043.43,1
TRIP01535,USER3435,Rome,12-01-2025,17-01-2025,Leisure,Cruise,2,1847.81,4
TRIP01536,USER4217,Barcelona,14-04-2024,24-01-2025,Leisure,Cruise,5,864.66,6
TRIP01537,USER6405,New York,12-11-2024,06-03-2025,Business,Car,4,545.97,6
TRIP01538,USER4197,Sydney,10-10-2024,29-10-2024,Family,Train,3,2065.05,9
TRIP01539,USER2898,Rome,19-12-2024,20-01-2025,Business,Car,2,3321.03,1
TRIP01540,USER2750,Dubai,08-06-2024,22-01-2025,Adventure,Flight,4,2100.25,1
TRIP01541,USER5119,Paris,14-04-2024,06-01-2025,Business,Bus,2,2325.72,2
TRIP01542,USER4263,Dubai,31-12-2024,03-04-2025,Business,Train,1,2569.74,8
TRIP01543,USER1740,Istanbul,07-04-2024,02-04-2025,Beach,Flight,2,3432.82,6
TRIP01544,USER8647,Bangkok,11-06-2024,17-06-2024,Beach,Cruise,2,3046.75,6
TRIP01545,USER2017,Istanbul,04-05-2024,31-07-2024,Cultural,Flight,2,3308.97,7
TRIP01546,USER8889,Sydney,09-03-2025,20-03-2025,Adventure,Flight,4,1305.69,1
TRIP01547,USER7128,Barcelona,15-09-2024,27-02-2025,Beach,Flight,3,1909.06,5
TRIP01548,USER9635,Sydney,20-02-2025,14-04-2025,Cultural,Cruise,3,1022.27,2
TRIP01549,USER1203,Istanbul,16-07-2024,29-10-2024,Business,Bus,4,2249.22,1
TRIP01550,USER6884,Sydney,05-03-2025,09-03-2025,Leisure,Car,4,1654.61,8
TRIP01551,USER1853,Paris,27-10-2024,11-02-2025,Cultural,Flight,1,1066.67,9
TRIP01552,USER2385,London,07-09-2024,11-11-2024,Beach,Bus,1,4042.32,8
TRIP01553,USER8610,Bangkok,07-05-2024,12-04-2025,Leisure,Train,2,3335.27,6
TRIP01554,USER5335,Sydney,25-08-2024,02-09-2024,Cultural,Bus,1,4252.63,4
TRIP01555,USER1718,Istanbul,08-09-2024,09-12-2024,Family,Bus,2,1232.86,3
TRIP01556,USER9370,Bangkok,18-07-2024,24-01-2025,Business,Bus,2,1184.24,4
TRIP01557,USER6792,London,12-06-2024,02-11-2024,Family,Flight,5,3537.09,9
TRIP01558,USER7616,Bangkok,26-07-2024,16-12-2024,Family,Train,3,2395.31,2
TRIP01559,USER7008,Tokyo,24-12-2024,31-12-2024,Business,Train,1,781.06,4
TRIP01560,USER6226,New York,27-12-2024,23-03-2025,Cultural,Flight,3,4595.44,5
TRIP01561,USER1308,New York,11-05-2024,16-08-2024,Family,Cruise,4,4374.05,6
TRIP01562,USER2512,Tokyo,03-01-2025,28-01-2025,Leisure,Car,3,512.77,9
TRIP01563,USER1773,London,09-01-2025,05-03-2025,Adventure,Train,3,3437.31,5
TRIP01564,USER1459,New York,14-12-2024,23-02-2025,Family,Cruise,5,907.42,8
TRIP01565,USER4046,Barcelona,06-10-2024,17-11-2024,Leisure,Cruise,4,801.75,1
TRIP01566,USER3238,Dubai,06-11-2024,07-04-2025,Cultural,Flight,2,2356.26,5
TRIP01567,USER4029,New York,17-07-2024,13-11-2024,Business,Flight,4,1530.41,3
TRIP01568,USER3961,Bangkok,14-02-2025,14-04-2025,Leisure,Bus,2,1220.12,3
TRIP01569,USER1159,Dubai,04-04-2024,29-01-2025,Adventure,Bus,3,2191.4,9
TRIP01570,USER2977,Sydney,30-10-2024,05-04-2025,Adventure,Cruise,2,4201.63,1
TRIP01571,USER3003,Bangkok,04-02-2025,11-02-2025,Family,Car,2,1454.54,6
TRIP01572,USER1325,Barcelona,14-04-2024,29-11-2024,Leisure,Bus,3,1961.63,8
TRIP01573,USER7670,Bangkok,16-01-2025,09-03-2025,Family,Cruise,2,4124.39,2
TRIP01574,USER2515,Tokyo,01-05-2024,06-04-2025,Cultural,Train,2,3126.29,6
TRIP01575,USER9351,Sydney,14-08-2024,09-10-2024,Adventure,Train,2,1840.54,3
TRIP01576,USER1273,Paris,06-12-2024,09-02-2025,Adventure,Bus,3,3948.25,6
TRIP01577,USER2715,Tokyo,14-06-2024,23-08-2024,Beach,Car,2,2967.65,8
TRIP01578,USER8682,Istanbul,06-12-2024,07-03-2025,Family,Flight,3,2468.73,8
TRIP01579,USER6058,Istanbul,31-05-2024,22-03-2025,Business,Bus,2,2587.17,7
TRIP01580,USER2021,Sydney,13-08-2024,30-10-2024,Family,Bus,1,1041.9,8
TRIP01581,USER9272,Sydney,26-02-2025,30-03-2025,Leisure,Bus,4,2922.67,1
TRIP01582,USER6143,Barcelona,07-03-2025,17-03-2025,Family,Car,2,1457.09,8
TRIP01583,USER2996,London,22-07-2024,15-11-2024,Family,Flight,5,2382.49,3
TRIP01584,USER2886,London,18-07-2024,21-02-2025,Cultural,Bus,5,3353.87,6
TRIP01585,USER4458,Paris,22-03-2024,19-08-2024,Adventure,Train,4,1125.04,8
TRIP01586,USER6081,Barcelona,28-08-2024,01-01-2025,Leisure,Train,5,2482.4,9
TRIP01587,USER3520,Barcelona,25-05-2024,10-10-2024,Adventure,Bus,2,4102.14,3
TRIP01588,USER2153,London,26-12-2024,16-01-2025,Leisure,Flight,4,3404.02,10
TRIP01589,USER6281,Rome,30-09-2024,24-02-2025,Cultural,Car,5,1117.89,4
TRIP01590,USER5034,New York,27-01-2025,11-04-2025,Leisure,Cruise,2,2510.7,6
TRIP01591,USER6102,London,12-10-2024,14-03-2025,Beach,Flight,1,1321.18,3
TRIP01592,USER6724,Paris,03-09-2024,22-01-2025,Business,Flight,5,1376.16,7
TRIP01593,USER6242,Barcelona,31-05-2024,16-03-2025,Leisure,Car,5,3643.18,1
TRIP01594,USER3178,Sydney,25-06-2024,15-04-2025,Cultural,Cruise,2,2853.22,8
TRIP01595,USER8589,Tokyo,08-11-2024,11-11-2024,Beach,Cruise,2,2086.02,1
TRIP01596,USER6890,Paris,24-05-2024,24-11-2024,Family,Flight,4,2001.37,3
TRIP01597,USER9889,Dubai,13-02-2025,25-03-2025,Business,Train,3,4811.75,5
TRIP01598,USER8084,Sydney,12-01-2025,09-02-2025,Cultural,Cruise,5,2595.54,10
TRIP01599,USER8693,London,07-02-2025,02-03-2025,Adventure,Flight,1,3496.91,1
TRIP01600,USER2061,New York,06-01-2025,22-03-2025,Beach,Car,5,3584.16,2
TRIP01601,USER8731,Bangkok,07-09-2024,27-09-2024,Family,Flight,3,1631.29,10
TRIP01602,USER7742,Barcelona,09-04-2024,21-02-2025,Family,Cruise,4,1027.37,6
TRIP01603,USER2775,Rome,21-11-2024,06-03-2025,Beach,Bus,1,4182.65,2
TRIP01604,USER6347,Tokyo,27-12-2024,21-02-2025,Business,Bus,3,1118.36,10
TRIP01605,USER2466,Rome,30-10-2024,14-03-2025,Beach,Cruise,3,3340.62,8
TRIP01606,USER4759,Paris,10-11-2024,24-03-2025,Adventure,Train,4,4520.03,7
TRIP01607,USER9252,Tokyo,18-01-2025,28-03-2025,Adventure,Bus,4,1313.09,6
TRIP01608,USER9260,Paris,01-07-2024,18-02-2025,Leisure,Train,1,4387.86,8
TRIP01609,USER7183,Barcelona,10-09-2024,02-11-2024,Leisure,Cruise,5,4628.74,5
TRIP01610,USER6154,Tokyo,08-07-2024,09-11-2024,Leisure,Car,1,1594.58,10
TRIP01611,USER4558,Bangkok,30-11-2024,28-03-2025,Adventure,Train,2,4156.85,7
TRIP01612,USER9593,Dubai,22-03-2024,15-01-2025,Adventure,Bus,3,2630.2,4
TRIP01613,USER2509,Istanbul,10-01-2025,01-04-2025,Leisure,Car,4,3850.17,5
TRIP01614,USER1773,Sydney,27-06-2024,14-04-2025,Leisure,Cruise,3,4155.99,9
TRIP01615,USER7322,Dubai,13-03-2025,13-04-2025,Adventure,Train,1,4565.56,10
TRIP01616,USER6922,Barcelona,11-08-2024,02-09-2024,Cultural,Car,1,1744.16,1
TRIP01617,USER5920,Dubai,07-05-2024,16-01-2025,Family,Bus,4,1654.31,3
TRIP01618,USER8746,Tokyo,05-12-2024,31-12-2024,Family,Flight,5,1433.44,7
TRIP01619,USER8343,Bangkok,24-11-2024,24-12-2024,Cultural,Cruise,1,4297,4
TRIP01620,USER7419,Sydney,16-06-2024,24-09-2024,Leisure,Flight,1,2305.76,3
TRIP01621,USER9495,London,12-08-2024,28-11-2024,Adventure,Flight,3,2204.62,1
TRIP01622,USER9280,New York,26-06-2024,19-02-2025,Cultural,Bus,3,2815.95,4
TRIP01623,USER1410,Tokyo,16-12-2024,20-01-2025,Beach,Cruise,4,1802.59,7
TRIP01624,USER2028,Bangkok,04-07-2024,06-09-2024,Beach,Cruise,1,2161.75,4
TRIP01625,USER6649,London,13-04-2024,16-06-2024,Family,Bus,1,3547,9
TRIP01626,USER9197,New York,12-02-2025,03-03-2025,Family,Flight,4,3787.31,7
TRIP01627,USER5186,Dubai,23-05-2024,08-01-2025,Beach,Flight,3,1942.8,10
TRIP01628,USER6070,Rome,16-02-2025,05-03-2025,Leisure,Bus,3,4654.07,6
TRIP01629,USER6300,Rome,29-10-2024,20-11-2024,Adventure,Train,4,3838.07,10
TRIP01630,USER1253,Barcelona,08-10-2024,17-02-2025,Beach,Cruise,2,1766.11,7
TRIP01631,USER5944,Paris,27-04-2024,01-10-2024,Adventure,Flight,1,3168.52,5
TRIP01632,USER1968,Dubai,21-12-2024,04-01-2025,Adventure,Bus,4,4269.53,2
TRIP01633,USER2401,Bangkok,20-11-2024,16-12-2024,Cultural,Bus,5,4628.04,1
TRIP01634,USER7369,Sydney,23-09-2024,03-12-2024,Family,Car,1,1391.16,5
TRIP01635,USER5629,New York,16-06-2024,04-03-2025,Family,Car,2,4989.2,9
TRIP01636,USER9250,New York,30-11-2024,19-12-2024,Beach,Car,5,1770.28,3
TRIP01637,USER6591,New York,08-01-2025,24-03-2025,Family,Bus,3,4922.53,2
TRIP01638,USER1072,Dubai,17-03-2024,24-01-2025,Cultural,Car,3,4945.75,7
TRIP01639,USER7099,Dubai,25-03-2024,29-01-2025,Beach,Bus,4,956.13,10
TRIP01640,USER8336,Tokyo,02-10-2024,22-11-2024,Leisure,Cruise,2,3247.73,4
TRIP01641,USER3035,Dubai,24-08-2024,26-11-2024,Family,Car,4,561.71,5
TRIP01642,USER9787,New York,07-08-2024,21-11-2024,Business,Bus,4,1360.43,9
TRIP01643,USER7121,Istanbul,10-02-2025,10-04-2025,Business,Bus,3,3933.43,5
TRIP01644,USER5219,Dubai,30-04-2024,18-03-2025,Leisure,Train,5,998.9,7
TRIP01645,USER6573,Sydney,08-12-2024,17-02-2025,Family,Car,4,912.18,4
TRIP01646,USER8771,Tokyo,02-04-2024,19-01-2025,Family,Train,2,1182.14,8
TRIP01647,USER7234,London,13-07-2024,18-03-2025,Leisure,Cruise,1,4670.15,6
TRIP01648,USER8947,Barcelona,21-10-2024,26-11-2024,Business,Train,4,1541.69,7
TRIP01649,USER9692,Dubai,29-01-2025,06-03-2025,Beach,Train,5,1956.25,1
TRIP01650,USER3180,Tokyo,15-11-2024,29-01-2025,Business,Bus,1,3425.11,6
TRIP01651,USER8040,London,04-05-2024,25-09-2024,Beach,Car,3,1877.74,9
TRIP01652,USER2953,Dubai,17-05-2024,01-01-2025,Cultural,Car,3,2034.5,3
TRIP01653,USER5613,Sydney,25-01-2025,15-03-2025,Family,Bus,3,4675.38,3
TRIP01654,USER8786,Barcelona,03-05-2024,26-03-2025,Cultural,Train,5,2926.4,4
TRIP01655,USER6833,Sydney,05-08-2024,06-04-2025,Beach,Train,1,2400.52,7
TRIP01656,USER4266,Sydney,13-05-2024,02-02-2025,Cultural,Flight,4,2778.66,1
TRIP01657,USER2141,Barcelona,22-10-2024,03-01-2025,Leisure,Bus,3,3748.66,8
TRIP01658,USER5828,Bangkok,23-12-2024,23-12-2024,Business,Car,1,1140.63,5
TRIP01659,USER6078,Dubai,23-07-2024,15-12-2024,Adventure,Flight,2,4871.92,2
TRIP01660,USER8723,Dubai,20-10-2024,02-01-2025,Beach,Cruise,5,2573.13,5
TRIP01661,USER7682,Tokyo,17-11-2024,07-04-2025,Adventure,Flight,5,2074.62,10
TRIP01662,USER2857,London,03-11-2024,08-03-2025,Leisure,Train,2,3946.14,9
TRIP01663,USER7340,Paris,26-08-2024,07-03-2025,Business,Bus,5,1480.92,7
TRIP01664,USER5756,London,02-03-2025,21-03-2025,Adventure,Car,1,1368.99,8
TRIP01665,USER5792,Bangkok,25-04-2024,12-11-2024,Adventure,Train,4,4400.22,2
TRIP01666,USER9009,Barcelona,23-12-2024,12-01-2025,Family,Bus,3,4430.62,8
TRIP01667,USER6712,Paris,24-04-2024,03-06-2024,Cultural,Bus,4,3495.57,7
TRIP01668,USER6875,Istanbul,01-04-2024,10-01-2025,Beach,Flight,4,2184.05,8
TRIP01669,USER8467,New York,11-12-2024,27-12-2024,Cultural,Train,4,3452.54,2
TRIP01670,USER5274,Istanbul,19-06-2024,29-11-2024,Beach,Cruise,2,3093.51,10
TRIP01671,USER4141,Sydney,09-10-2024,20-11-2024,Family,Flight,1,3519.4,9
TRIP01672,USER8231,Barcelona,02-04-2024,02-08-2024,Beach,Car,2,1905.9,10
TRIP01673,USER8875,New York,26-05-2024,14-10-2024,Cultural,Car,1,3094.45,10
TRIP01674,USER8836,Sydney,14-11-2024,11-12-2024,Beach,Car,3,2564.24,9
TRIP01675,USER9696,Rome,25-09-2024,17-01-2025,Business,Bus,5,4580.86,10
TRIP01676,USER2751,Dubai,09-02-2025,13-04-2025,Leisure,Cruise,1,4882.78,10
TRIP01677,USER9082,Bangkok,08-11-2024,05-02-2025,Cultural,Bus,1,4882.21,4
TRIP01678,USER8987,Istanbul,30-04-2024,22-02-2025,Adventure,Car,1,1701.17,6
TRIP01679,USER2917,Istanbul,31-05-2024,07-09-2024,Leisure,Bus,4,2246.53,3
TRIP01680,USER4525,Tokyo,04-04-2024,20-09-2024,Beach,Flight,5,673.16,2
TRIP01681,USER2010,Barcelona,14-04-2024,18-05-2024,Business,Cruise,1,942.61,10
TRIP01682,USER7862,Istanbul,23-02-2025,13-03-2025,Business,Flight,3,2145.9,3
TRIP01683,USER6034,Istanbul,19-08-2024,05-04-2025,Leisure,Train,5,2577.38,1
TRIP01684,USER9009,Tokyo,16-03-2024,08-03-2025,Beach,Car,2,893.08,3
TRIP01685,USER8793,Dubai,20-07-2024,01-04-2025,Cultural,Car,3,1323.99,10
TRIP01686,USER9838,Barcelona,28-01-2025,17-02-2025,Family,Flight,5,2933.27,4
TRIP01687,USER6825,Tokyo,13-08-2024,17-02-2025,Beach,Cruise,4,4882.86,5
TRIP01688,USER6008,Barcelona,01-02-2025,05-02-2025,Business,Car,5,930.08,5
TRIP01689,USER3931,New York,24-07-2024,05-04-2025,Beach,Car,3,4031.66,4
TRIP01690,USER6523,London,13-11-2024,21-11-2024,Cultural,Flight,3,1201.86,4
TRIP01691,USER9030,Rome,20-02-2025,06-03-2025,Leisure,Bus,4,970.85,10
TRIP01692,USER3028,Istanbul,13-05-2024,11-09-2024,Cultural,Cruise,1,1051.67,10
TRIP01694,USER1471,Bangkok,14-09-2024,18-11-2024,Business,Flight,5,1635.04,1
TRIP01695,USER9088,Dubai,05-05-2024,09-09-2024,Family,Bus,3,2616.82,2
TRIP01696,USER7551,Paris,18-11-2024,09-02-2025,Beach,Train,1,4457.57,9
TRIP01697,USER8181,Dubai,25-09-2024,21-03-2025,Business,Train,2,3151.31,3
TRIP01698,USER7777,Bangkok,16-01-2025,12-03-2025,Cultural,Car,3,4787.46,8
TRIP01699,USER9851,Paris,13-08-2024,08-01-2025,Beach,Flight,4,4564.3,8
TRIP01700,USER8372,Istanbul,15-07-2024,15-10-2024,Family,Car,5,999.41,4
TRIP01701,USER1603,Sydney,18-02-2025,01-04-2025,Leisure,Train,2,2174.73,4
TRIP01702,USER7940,London,18-10-2024,18-11-2024,Adventure,Train,3,4038.11,5
TRIP01703,USER6144,Rome,04-05-2024,01-06-2024,Leisure,Car,4,4902.31,3
TRIP01704,USER9056,Sydney,27-04-2024,04-05-2024,Adventure,Bus,4,2393.09,1
TRIP01705,USER8856,Tokyo,04-07-2024,24-12-2024,Leisure,Flight,4,2260.21,4
TRIP01706,USER4719,New York,21-11-2024,08-12-2024,Leisure,Train,4,2649.54,3
TRIP01707,USER4484,Rome,23-09-2024,20-02-2025,Leisure,Flight,1,4019.7,1
TRIP01708,USER6050,Istanbul,09-09-2024,27-10-2024,Cultural,Train,5,826.5,6
TRIP01709,USER6112,Bangkok,20-09-2024,19-12-2024,Beach,Flight,1,685.89,6
TRIP01710,USER1125,Istanbul,08-05-2024,15-07-2024,Cultural,Cruise,1,1323.82,1
TRIP01711,USER2422,Rome,01-05-2024,16-12-2024,Adventure,Bus,1,3568.51,2
TRIP01712,USER3168,Rome,24-10-2024,25-10-2024,Business,Flight,5,4849.26,6
TRIP01713,USER7967,Tokyo,16-05-2024,18-02-2025,Beach,Flight,4,3533.93,3
TRIP01714,USER6219,Bangkok,11-09-2024,16-02-2025,Leisure,Cruise,3,4925.35,3
TRIP01715,USER1740,London,29-05-2024,28-08-2024,Business,Car,4,1131.44,10
TRIP01716,USER1517,London,14-03-2025,27-03-2025,Business,Cruise,3,2100.62,10
TRIP01717,USER9685,Paris,20-05-2024,08-07-2024,Leisure,Flight,5,4509.67,8
TRIP01718,USER4786,Istanbul,02-02-2025,05-03-2025,Leisure,Bus,4,2028.38,9
TRIP01719,USER7241,Istanbul,24-02-2025,07-04-2025,Cultural,Train,3,2564.28,4
TRIP01720,USER6524,Rome,06-12-2024,02-04-2025,Beach,Bus,2,3525.35,2
TRIP01721,USER7363,Sydney,27-08-2024,04-03-2025,Family,Car,1,4891.13,6
TRIP01722,USER1751,Tokyo,15-08-2024,01-12-2024,Cultural,Bus,1,2897.42,6
TRIP01723,USER3550,London,17-06-2024,08-02-2025,Business,Cruise,3,3026.19,5
TRIP01724,USER7308,Barcelona,30-08-2024,26-12-2024,Adventure,Cruise,5,971.52,9
TRIP01725,USER2409,Dubai,18-08-2024,23-08-2024,Leisure,Bus,4,1673.89,5
TRIP01726,USER9956,Rome,31-10-2024,03-12-2024,Business,Bus,2,4036.76,6
TRIP01727,USER7978,Rome,14-08-2024,03-01-2025,Beach,Flight,5,1067.84,10
TRIP01728,USER7910,Istanbul,27-11-2024,30-11-2024,Leisure,Flight,3,1217.49,8
TRIP01729,USER8440,Paris,18-09-2024,03-10-2024,Beach,Cruise,5,4634.92,3
TRIP01730,USER4887,London,26-08-2024,19-09-2024,Adventure,Flight,5,1289.95,4
TRIP01731,USER8750,Rome,01-05-2024,16-07-2024,Beach,Flight,2,1489.92,2
TRIP01732,USER5732,Istanbul,23-08-2024,20-11-2024,Leisure,Train,2,4597.71,10
TRIP01733,USER2518,London,15-03-2025,15-03-2025,Leisure,Flight,5,4752.62,6
TRIP01734,USER9174,Paris,06-05-2024,13-04-2025,Adventure,Flight,1,2735.28,5
TRIP01735,USER1348,London,22-07-2024,19-01-2025,Adventure,Flight,3,1888.6,3
TRIP01736,USER3756,New York,21-03-2024,04-07-2024,Beach,Flight,5,1037.12,3
TRIP01737,USER6265,Tokyo,15-01-2025,07-03-2025,Business,Bus,4,3887.77,9
TRIP01738,USER5743,Paris,11-04-2024,21-01-2025,Leisure,Cruise,2,3402.36,2
TRIP01739,USER7456,Rome,20-07-2024,16-01-2025,Leisure,Cruise,2,4142.56,2
TRIP01740,USER9277,Barcelona,05-11-2024,01-01-2025,Beach,Flight,2,2265.79,5
TRIP01741,USER3123,Sydney,04-12-2024,24-12-2024,Beach,Bus,4,3058.59,8
TRIP01742,USER6934,Bangkok,02-11-2024,19-02-2025,Adventure,Train,2,2391.05,5
TRIP01743,USER5730,Tokyo,01-01-2025,20-02-2025,Beach,Bus,5,2819.55,7
TRIP01744,USER7382,Tokyo,15-05-2024,05-06-2024,Leisure,Car,1,4272.76,2
TRIP01745,USER2997,Bangkok,19-10-2024,19-02-2025,Leisure,Flight,1,2351.04,1
TRIP01746,USER5604,New York,05-12-2024,25-03-2025,Adventure,Bus,4,1915.13,4
TRIP01747,USER5538,Barcelona,04-10-2024,09-04-2025,Cultural,Car,2,3681.46,6
TRIP01748,USER3169,New York,26-07-2024,05-04-2025,Family,Train,4,748.32,6
TRIP01749,USER3047,Barcelona,01-12-2024,15-12-2024,Family,Bus,5,1875.18,3
TRIP01750,USER8684,Rome,26-09-2024,31-03-2025,Cultural,Bus,3,3817.04,6
TRIP01751,USER2859,Paris,09-09-2024,22-12-2024,Adventure,Bus,3,4519.87,7
TRIP01752,USER1155,Bangkok,24-05-2024,22-08-2024,Leisure,Car,5,1735.3,5
TRIP01753,USER8408,Rome,04-08-2024,09-04-2025,Cultural,Car,2,1376.2,7
TRIP01754,USER8268,Dubai,06-04-2024,14-03-2025,Cultural,Cruise,3,3391.62,6
TRIP01755,USER1792,Istanbul,28-06-2024,21-11-2024,Beach,Car,3,4937.54,2
TRIP01756,USER5245,Istanbul,06-08-2024,30-01-2025,Business,Train,4,1721.48,10
TRIP01757,USER8497,Dubai,03-05-2024,12-11-2024,Family,Bus,2,2831.68,9
TRIP01758,USER1919,Sydney,12-08-2024,19-02-2025,Adventure,Cruise,3,979.87,8
TRIP01759,USER9582,New York,31-12-2024,12-01-2025,Business,Train,2,1043.88,7
TRIP01760,USER6642,London,30-10-2024,01-03-2025,Family,Train,1,925.86,6
TRIP01761,USER3999,Barcelona,05-07-2024,03-11-2024,Business,Car,2,3421.87,9
TRIP01762,USER3215,Dubai,08-07-2024,09-04-2025,Leisure,Flight,2,907.47,2
TRIP01763,USER8729,New York,14-05-2024,04-10-2024,Cultural,Car,3,4358.06,2
TRIP01764,USER9378,Bangkok,19-07-2024,07-02-2025,Leisure,Flight,3,1319.9,7
TRIP01765,USER8472,Bangkok,08-03-2025,15-04-2025,Family,Cruise,5,2952.22,9
TRIP01766,USER2781,Istanbul,22-04-2024,03-12-2024,Adventure,Flight,2,2575.64,7
TRIP01767,USER7144,Barcelona,26-04-2024,06-02-2025,Adventure,Flight,5,2961.89,10
TRIP01768,USER1988,Sydney,29-06-2024,28-12-2024,Leisure,Flight,5,4317.45,10
TRIP01769,USER1185,Tokyo,27-03-2024,10-12-2024,Beach,Cruise,3,3410.82,3
TRIP01770,USER3647,Paris,03-08-2024,28-09-2024,Business,Train,4,1364.28,2
TRIP01771,USER3902,Tokyo,02-06-2024,10-08-2024,Business,Train,1,4156.48,10
TRIP01772,USER3899,Barcelona,23-11-2024,05-12-2024,Beach,Bus,5,2685.15,10
TRIP01773,USER9883,Paris,18-03-2024,02-11-2024,Leisure,Train,2,3169.87,2
TRIP01774,USER2094,Dubai,12-04-2024,16-06-2024,Beach,Train,4,2855.75,2
TRIP01775,USER4242,Tokyo,28-09-2024,12-12-2024,Beach,Cruise,4,4826.45,7
TRIP01776,USER3517,New York,18-06-2024,15-10-2024,Adventure,Flight,4,3978.76,4
TRIP01777,USER2212,Istanbul,08-12-2024,23-02-2025,Cultural,Bus,1,1346.97,1
TRIP01778,USER5840,Sydney,01-05-2024,16-08-2024,Leisure,Bus,2,4634.23,8
TRIP01779,USER3825,London,15-07-2024,20-08-2024,Adventure,Cruise,1,3980.54,8
TRIP01780,USER2286,Dubai,14-07-2024,03-08-2024,Business,Cruise,1,2085.45,7
TRIP01781,USER1637,Dubai,03-04-2024,13-08-2024,Business,Flight,5,4927.06,5
TRIP01782,USER9519,Dubai,07-06-2024,13-02-2025,Leisure,Cruise,5,3429.43,3
TRIP01783,USER7610,Bangkok,13-06-2024,15-02-2025,Leisure,Flight,5,3410.13,1
TRIP01784,USER5556,New York,04-06-2024,09-11-2024,Adventure,Train,5,4611.38,6
TRIP01785,USER2704,Paris,02-08-2024,21-10-2024,Adventure,Train,2,1441.93,4
TRIP01786,USER3723,London,13-04-2024,01-10-2024,Family,Train,5,2444.95,1
TRIP01787,USER1629,Dubai,13-08-2024,15-10-2024,Family,Train,5,2069.4,4
TRIP01788,USER5820,Rome,28-02-2025,18-03-2025,Family,Flight,3,3192.46,1
TRIP01789,USER1799,Paris,06-07-2024,13-03-2025,Business,Flight,1,4138.27,7
TRIP01790,USER6445,New York,26-02-2025,15-04-2025,Adventure,Car,2,1448.9,3
TRIP01791,USER7245,Tokyo,06-08-2024,22-08-2024,Beach,Bus,3,3139.77,7
TRIP01792,USER2383,Istanbul,16-03-2025,14-04-2025,Leisure,Car,5,3150.63,6
TRIP01793,USER7511,Tokyo,19-10-2024,30-01-2025,Family,Bus,5,2089.59,7
TRIP01794,USER5788,Bangkok,06-05-2024,24-05-2024,Business,Bus,5,2216.94,6
TRIP01795,USER3317,Barcelona,30-11-2024,10-12-2024,Leisure,Train,5,2102.08,7
TRIP01796,USER5133,Paris,30-05-2024,10-09-2024,Adventure,Bus,3,2811.82,6
TRIP01797,USER1428,Rome,26-06-2024,04-09-2024,Leisure,Train,4,3087.58,3
TRIP01798,USER9933,Sydney,13-11-2024,09-04-2025,Beach,Train,1,3491.25,9
TRIP01799,USER5702,Istanbul,28-06-2024,21-08-2024,Business,Bus,5,4818.01,10
TRIP01800,USER9806,Dubai,14-10-2024,03-12-2024,Cultural,Car,2,1600.29,2
TRIP01801,USER3120,Paris,03-05-2024,22-06-2024,Adventure,Train,1,2939.51,10
TRIP01802,USER5366,Tokyo,19-01-2025,25-03-2025,Family,Train,5,1261.91,6
TRIP01803,USER1921,Paris,27-06-2024,16-11-2024,Adventure,Cruise,2,637.74,2
TRIP01804,USER6379,Dubai,26-01-2025,22-02-2025,Beach,Bus,4,1218.82,1
TRIP01805,USER4106,Istanbul,29-03-2024,04-07-2024,Leisure,Car,5,1023.78,3
TRIP01806,USER4183,London,11-09-2024,24-01-2025,Beach,Train,4,662.94,3
TRIP01807,USER5010,Paris,30-01-2025,09-02-2025,Leisure,Car,2,4063.96,6
TRIP01808,USER1065,Barcelona,15-01-2025,18-03-2025,Business,Flight,3,4586.44,8
TRIP01809,USER6289,Tokyo,22-11-2024,24-11-2024,Adventure,Bus,3,4358.72,3
TRIP01810,USER2199,New York,16-02-2025,11-04-2025,Business,Bus,5,2738.27,10
TRIP01811,USER8440,New York,31-12-2024,05-02-2025,Business,Train,1,737.4,9
TRIP01812,USER7984,Tokyo,19-05-2024,12-01-2025,Beach,Cruise,1,857.03,3
TRIP01813,USER2827,Istanbul,28-10-2024,25-01-2025,Beach,Car,4,4167.8,7
TRIP01814,USER1798,Bangkok,10-04-2024,29-04-2024,Leisure,Train,4,4812.92,9
TRIP01815,USER4320,Dubai,24-01-2025,10-02-2025,Adventure,Train,2,4406.19,6
TRIP01816,USER2914,Barcelona,02-09-2024,28-02-2025,Family,Flight,2,3939.96,2
TRIP01817,USER9137,Tokyo,24-06-2024,06-01-2025,Cultural,Cruise,5,520.58,1
TRIP01818,USER4621,Dubai,19-03-2024,28-03-2025,Business,Train,5,3128.76,8
TRIP01819,USER3759,Tokyo,07-10-2024,26-11-2024,Leisure,Train,1,3792.29,7
TRIP01820,USER2339,Paris,19-02-2025,02-04-2025,Leisure,Bus,3,1577.83,5
TRIP01821,USER1171,Bangkok,17-09-2024,05-01-2025,Business,Car,1,3676.06,5
TRIP01822,USER5033,London,25-02-2025,28-03-2025,Cultural,Flight,2,3715.68,8
TRIP01823,USER5703,Dubai,22-06-2024,15-10-2024,Leisure,Flight,2,1061.79,5
TRIP01824,USER1854,Sydney,31-01-2025,21-03-2025,Business,Flight,5,3388.42,4
TRIP01825,USER3676,New York,18-01-2025,13-03-2025,Family,Train,1,2358.61,8
TRIP01826,USER9707,Rome,22-02-2025,06-03-2025,Beach,Train,3,3948.82,2
TRIP01827,USER3371,Barcelona,30-10-2024,24-01-2025,Business,Bus,4,2173,10
TRIP01828,USER5568,Rome,09-09-2024,01-04-2025,Cultural,Bus,1,930.1,10
TRIP01829,USER4489,Bangkok,05-04-2024,23-02-2025,Cultural,Car,3,2488.14,10
TRIP01830,USER5698,New York,09-08-2024,27-01-2025,Business,Flight,4,4986.83,2
TRIP01831,USER2363,Rome,12-07-2024,27-10-2024,Business,Car,3,2985.55,9
TRIP01832,USER4035,Istanbul,08-01-2025,13-01-2025,Family,Bus,3,2925.59,7
TRIP01833,USER7155,Istanbul,04-10-2024,14-11-2024,Cultural,Flight,3,2530.87,5
TRIP01834,USER3352,Sydney,20-05-2024,15-03-2025,Family,Train,4,2860.21,10
TRIP01835,USER3300,Istanbul,08-10-2024,23-12-2024,Beach,Cruise,1,3451.86,4
TRIP01836,USER3346,Sydney,06-02-2025,28-03-2025,Business,Train,2,3858.5,1
TRIP01837,USER6681,Sydney,12-01-2025,27-02-2025,Business,Train,3,1288.61,9
TRIP01838,USER6312,Bangkok,05-10-2024,24-10-2024,Business,Train,1,1045.92,8
TRIP01839,USER6650,London,26-12-2024,20-03-2025,Adventure,Car,1,4333.29,10
TRIP01840,USER3900,Istanbul,18-01-2025,13-02-2025,Leisure,Cruise,5,2337.43,5
TRIP01841,USER1654,Rome,29-01-2025,17-02-2025,Adventure,Train,2,4415.33,7
TRIP01842,USER3947,Dubai,29-10-2024,21-12-2024,Business,Car,2,2102.84,5
TRIP01843,USER2345,New York,21-08-2024,18-10-2024,Adventure,Car,1,1812.93,10
TRIP01844,USER7858,Dubai,11-12-2024,26-01-2025,Business,Car,3,3703.17,5
TRIP01845,USER9104,Istanbul,07-06-2024,20-10-2024,Business,Train,3,4676.7,7
TRIP01846,USER4067,Tokyo,29-12-2024,24-03-2025,Family,Train,5,4983.36,2
TRIP01847,USER4155,Tokyo,28-02-2025,27-03-2025,Cultural,Train,3,3098.74,4
TRIP01848,USER1386,Dubai,10-08-2024,19-01-2025,Adventure,Car,5,2057.56,6
TRIP01849,USER5766,Tokyo,01-10-2024,24-12-2024,Leisure,Train,2,4307.13,2
TRIP01850,USER1658,Dubai,29-06-2024,27-12-2024,Business,Flight,5,2546.03,1
TRIP01851,USER3679,Sydney,12-02-2025,03-03-2025,Family,Flight,5,566.06,10
TRIP01852,USER9785,Rome,23-06-2024,20-01-2025,Adventure,Car,5,4480.05,9
TRIP01853,USER6261,Paris,10-05-2024,01-07-2024,Leisure,Car,2,568.01,1
TRIP01854,USER6593,London,04-04-2024,10-02-2025,Cultural,Train,4,2825.62,8
TRIP01855,USER8122,Barcelona,26-12-2024,21-01-2025,Beach,Cruise,1,4951.36,3
TRIP01856,USER5038,Istanbul,12-10-2024,21-03-2025,Family,Flight,4,4804.36,9
TRIP01857,USER9864,London,17-07-2024,14-12-2024,Beach,Flight,2,4902.01,3
TRIP01858,USER3933,Istanbul,29-03-2024,10-04-2024,Adventure,Bus,3,565.59,1
TRIP01859,USER7482,Istanbul,08-11-2024,08-04-2025,Cultural,Flight,2,1046,4
TRIP01860,USER3033,Bangkok,22-01-2025,21-02-2025,Adventure,Cruise,3,2671.23,4
TRIP01861,USER2802,Sydney,26-01-2025,03-03-2025,Adventure,Car,3,836.66,3
TRIP01862,USER2164,Paris,22-01-2025,14-03-2025,Beach,Car,1,2045.27,6
TRIP01863,USER9895,Bangkok,23-05-2024,29-01-2025,Cultural,Cruise,1,1085.37,10
TRIP01864,USER3799,New York,25-04-2024,01-06-2024,Leisure,Car,4,2885.92,6
TRIP01865,USER1687,Tokyo,23-09-2024,21-01-2025,Business,Flight,4,2876.25,9
TRIP01866,USER5406,Rome,29-07-2024,28-02-2025,Adventure,Bus,3,1040.18,8
TRIP01867,USER1030,New York,03-09-2024,14-02-2025,Business,Bus,1,1037.9,10
TRIP01868,USER6267,Barcelona,20-02-2025,09-04-2025,Leisure,Train,5,3293.99,8
TRIP01869,USER3982,Sydney,29-11-2024,02-03-2025,Cultural,Bus,1,3520.94,2
TRIP01870,USER6901,Rome,04-08-2024,10-12-2024,Leisure,Flight,5,2123.57,1
TRIP01871,USER6956,Istanbul,15-05-2024,21-05-2024,Adventure,Flight,4,2434.16,9
TRIP01872,USER3945,New York,02-05-2024,15-03-2025,Family,Flight,3,4745.28,7
TRIP01873,USER5378,Tokyo,30-09-2024,21-11-2024,Leisure,Bus,1,3487.59,10
TRIP01874,USER5084,Barcelona,23-10-2024,18-02-2025,Leisure,Car,4,2756.72,7
TRIP01875,USER4620,Paris,05-02-2025,11-02-2025,Family,Cruise,1,3145.08,1
TRIP01876,USER9795,Dubai,31-07-2024,23-02-2025,Beach,Cruise,1,4716.03,4
TRIP01877,USER9473,Barcelona,21-03-2024,03-08-2024,Leisure,Bus,1,1985.36,9
TRIP01878,USER7799,Sydney,04-01-2025,06-04-2025,Family,Car,2,1042,10
TRIP01879,USER7368,Rome,26-08-2024,02-03-2025,Family,Cruise,4,4005.64,9
TRIP01880,USER4906,Barcelona,14-10-2024,13-04-2025,Family,Bus,4,2089.94,10
TRIP01881,USER3238,Bangkok,19-02-2025,11-03-2025,Leisure,Cruise,1,3868.61,5
TRIP01882,USER9672,Paris,30-03-2024,20-06-2024,Adventure,Car,2,1849.84,3
TRIP01883,USER5449,Rome,25-09-2024,14-04-2025,Adventure,Flight,5,1343.39,10
TRIP01884,USER8886,London,24-03-2024,09-11-2024,Beach,Flight,4,2186.09,5
TRIP01885,USER4641,Barcelona,13-08-2024,19-01-2025,Family,Flight,4,3369.25,5
TRIP01886,USER4743,Rome,05-10-2024,12-12-2024,Business,Flight,1,4220.11,7
TRIP01887,USER1036,New York,18-02-2025,21-02-2025,Beach,Car,5,3075.63,3
TRIP01888,USER2867,Dubai,28-09-2024,17-12-2024,Family,Train,4,1364.22,5
TRIP01889,USER7160,Paris,29-01-2025,17-03-2025,Business,Cruise,1,3316.31,8
TRIP01890,USER9349,Sydney,03-05-2024,03-06-2024,Adventure,Flight,1,3776.45,8
TRIP01891,USER9705,Tokyo,30-11-2024,15-01-2025,Beach,Train,3,2411.14,8
TRIP01892,USER6788,New York,29-06-2024,18-10-2024,Business,Bus,1,1593.53,8
TRIP01893,USER5180,Tokyo,16-04-2024,03-06-2024,Family,Car,4,789.13,10
TRIP01894,USER8511,Istanbul,16-08-2024,30-12-2024,Adventure,Bus,2,1385.11,5
TRIP01895,USER2232,Barcelona,21-06-2024,17-03-2025,Beach,Car,4,3670.6,2
TRIP01896,USER9778,Istanbul,23-10-2024,26-10-2024,Family,Flight,4,4359.45,3
TRIP01897,USER5783,Rome,13-11-2024,15-03-2025,Beach,Cruise,1,3920.86,1
TRIP01898,USER5270,Barcelona,25-09-2024,06-11-2024,Beach,Train,4,721.54,3
TRIP01899,USER2710,Bangkok,23-09-2024,24-09-2024,Business,Flight,2,2275.74,9
TRIP01900,USER2793,Istanbul,11-07-2024,18-01-2025,Cultural,Car,2,3970.04,8
TRIP01901,USER3111,Dubai,22-09-2024,07-11-2024,Business,Cruise,2,4209.64,6
TRIP01902,USER1516,Paris,28-09-2024,05-03-2025,Beach,Flight,4,4670.12,7
TRIP01903,USER1516,Tokyo,14-08-2024,17-01-2025,Cultural,Cruise,4,4664.79,8
TRIP01904,USER7906,Paris,08-02-2025,24-02-2025,Beach,Train,4,1984.57,8
TRIP01905,USER4072,Dubai,19-11-2024,15-01-2025,Adventure,Train,3,4103.1,9
TRIP01906,USER3133,Paris,19-10-2024,06-12-2024,Beach,Cruise,2,4629.42,4
TRIP01907,USER3042,New York,29-07-2024,15-11-2024,Adventure,Bus,1,2577.61,2
TRIP01908,USER6381,Tokyo,08-01-2025,13-03-2025,Business,Cruise,4,3215.34,9
TRIP01909,USER5037,Tokyo,19-02-2025,14-03-2025,Beach,Bus,2,2789.33,1
TRIP01910,USER9347,Bangkok,22-02-2025,24-02-2025,Leisure,Bus,2,4091.02,4
TRIP01911,USER2621,Tokyo,20-03-2024,29-11-2024,Adventure,Bus,3,4945.38,3
TRIP01912,USER8810,London,16-08-2024,01-09-2024,Family,Flight,1,1259.84,9
TRIP01913,USER4927,Paris,11-09-2024,06-01-2025,Leisure,Train,3,4884.28,8
TRIP01914,USER6151,Bangkok,30-07-2024,22-11-2024,Business,Car,5,2189.52,3
TRIP01915,USER6053,London,21-08-2024,28-09-2024,Leisure,Bus,1,2302.95,6
TRIP01916,USER1269,Bangkok,08-04-2024,07-03-2025,Adventure,Car,1,4897.56,2
TRIP01917,USER4673,New York,31-05-2024,31-05-2024,Leisure,Flight,3,739.4,9
TRIP01918,USER5667,Bangkok,18-08-2024,08-03-2025,Adventure,Flight,2,3476.65,9
TRIP01919,USER1850,Rome,03-09-2024,18-10-2024,Business,Cruise,3,4748.16,2
TRIP01920,USER7634,Tokyo,22-12-2024,11-02-2025,Cultural,Bus,2,773.78,4
TRIP01921,USER1375,New York,09-04-2024,11-03-2025,Adventure,Flight,1,2404.22,5
TRIP01922,USER7353,Sydney,28-01-2025,14-02-2025,Adventure,Car,1,1573.92,2
TRIP01923,USER8277,Barcelona,23-08-2024,10-01-2025,Cultural,Flight,5,2103.22,6
TRIP01924,USER3481,Istanbul,10-02-2025,13-02-2025,Adventure,Bus,5,4287.85,4
TRIP01925,USER7832,Sydney,02-08-2024,22-09-2024,Adventure,Car,2,1854.43,10
TRIP01926,USER5266,Rome,11-09-2024,09-01-2025,Business,Train,3,536.28,3
TRIP01927,USER6170,Sydney,01-07-2024,06-01-2025,Adventure,Flight,4,1797.11,7
TRIP01928,USER1634,Sydney,28-01-2025,01-04-2025,Business,Flight,5,4375.88,7
TRIP01929,USER7885,Bangkok,26-01-2025,01-03-2025,Adventure,Cruise,4,4442.79,3
TRIP01930,USER8083,Dubai,19-05-2024,29-05-2024,Cultural,Train,3,2544.05,9
TRIP01931,USER4075,London,25-03-2024,08-10-2024,Adventure,Cruise,5,1681.94,7
TRIP01932,USER6725,Paris,03-11-2024,15-11-2024,Cultural,Bus,5,3120.21,9
TRIP01933,USER9115,Bangkok,17-06-2024,08-08-2024,Adventure,Train,5,3476.85,3
TRIP01934,USER4169,London,15-03-2025,15-03-2025,Leisure,Cruise,2,3640.31,7
TRIP01935,USER5582,Istanbul,04-11-2024,18-02-2025,Beach,Cruise,4,2499.44,1
TRIP01936,USER7780,London,18-01-2025,29-03-2025,Adventure,Car,1,3235.38,4
TRIP01937,USER4015,Tokyo,23-01-2025,05-02-2025,Family,Bus,3,2355.68,7
TRIP01938,USER7352,Paris,15-08-2024,09-10-2024,Leisure,Train,5,4887.61,1
TRIP01939,USER8816,Istanbul,10-10-2024,04-04-2025,Business,Flight,1,3196.14,4
TRIP01940,USER6815,Dubai,23-11-2024,06-03-2025,Business,Bus,2,3492.07,9
TRIP01941,USER9949,Rome,16-03-2024,11-04-2025,Adventure,Bus,4,3132.95,4
TRIP01942,USER2043,Sydney,08-06-2024,05-08-2024,Adventure,Cruise,3,3774.23,10
TRIP01943,USER4392,New York,07-08-2024,09-10-2024,Cultural,Flight,3,4897.72,1
TRIP01944,USER2750,Istanbul,18-10-2024,07-01-2025,Business,Cruise,2,1425.2,10
TRIP01945,USER5818,Sydney,18-12-2024,31-03-2025,Cultural,Train,4,3060.64,6
TRIP01946,USER3111,Dubai,13-04-2024,10-05-2024,Business,Car,4,2468.01,1
TRIP01947,USER2783,Tokyo,12-06-2024,09-02-2025,Cultural,Flight,4,4715.78,5
TRIP01948,USER5492,Paris,22-06-2024,14-07-2024,Leisure,Train,4,1303.77,5
TRIP01949,USER8944,Rome,15-06-2024,05-11-2024,Family,Bus,5,4656.22,1
TRIP01950,USER5072,New York,26-08-2024,16-09-2024,Beach,Cruise,3,2846.38,3
TRIP01951,USER6479,Sydney,23-02-2025,29-03-2025,Adventure,Train,3,870.89,10
TRIP01952,USER4421,Istanbul,13-08-2024,15-03-2025,Family,Bus,1,4541.49,5
TRIP01953,USER9126,Sydney,23-08-2024,05-09-2024,Business,Train,5,4649.2,7
TRIP01954,USER4317,Rome,01-12-2024,27-03-2025,Family,Car,4,3817.8,9
TRIP01955,USER5662,Bangkok,26-05-2024,21-06-2024,Beach,Flight,4,2900.39,4
TRIP01956,USER2706,Barcelona,06-02-2025,07-02-2025,Cultural,Bus,2,2033.33,2
TRIP01957,USER5275,New York,23-02-2025,02-04-2025,Family,Car,5,4241.62,9
TRIP01958,USER1171,Paris,10-11-2024,14-12-2024,Business,Flight,3,748.3,5
TRIP01959,USER3983,Paris,26-11-2024,29-12-2024,Beach,Cruise,2,2353.35,3
TRIP01960,USER8536,Barcelona,18-05-2024,26-12-2024,Family,Cruise,4,4795,2
TRIP01961,USER7691,London,24-03-2024,17-08-2024,Cultural,Car,4,2677.5,1
TRIP01962,USER4425,New York,26-09-2024,12-10-2024,Cultural,Cruise,5,3435,4
TRIP01963,USER7855,London,13-03-2025,05-04-2025,Family,Bus,2,2721.27,4
TRIP01964,USER2139,Bangkok,31-07-2024,26-10-2024,Adventure,Flight,1,2403.25,5
TRIP01965,USER2626,London,07-08-2024,20-09-2024,Family,Bus,5,2433.89,8
TRIP01966,USER7734,Bangkok,24-01-2025,08-04-2025,Adventure,Bus,3,2865.33,5
TRIP01967,USER9415,Rome,04-02-2025,27-02-2025,Beach,Bus,2,1604.36,6
TRIP01968,USER1064,Paris,12-04-2024,27-02-2025,Business,Cruise,5,3107.81,4
TRIP01970,USER4032,Bangkok,25-05-2024,28-10-2024,Cultural,Cruise,5,4744.83,2
TRIP01971,USER6246,Dubai,28-05-2024,17-02-2025,Leisure,Cruise,1,2818.78,2
TRIP01972,USER3153,Sydney,19-07-2024,12-03-2025,Beach,Train,3,2118.32,1
TRIP01973,USER4991,London,09-05-2024,16-07-2024,Beach,Flight,4,2765.38,10
TRIP01974,USER3120,Tokyo,05-08-2024,21-08-2024,Cultural,Train,2,3903.12,10
TRIP01975,USER7066,Rome,04-01-2025,27-01-2025,Family,Bus,2,1617.2,10
TRIP01976,USER3740,Bangkok,25-07-2024,25-01-2025,Adventure,Cruise,3,4136.76,4
TRIP01977,USER3971,Barcelona,19-08-2024,16-12-2024,Adventure,Flight,4,4652.31,8
TRIP01978,USER5912,New York,08-08-2024,08-12-2024,Cultural,Bus,4,3907.54,3
TRIP01979,USER8177,Bangkok,06-09-2024,07-01-2025,Beach,Train,3,4985.32,9
TRIP01980,USER1370,Bangkok,03-03-2025,11-04-2025,Leisure,Cruise,5,836.31,9
TRIP01981,USER9814,Rome,07-07-2024,08-01-2025,Business,Cruise,5,4733.06,2
TRIP01982,USER2250,Tokyo,28-05-2024,31-01-2025,Business,Flight,4,1831.7,9
TRIP01983,USER3180,London,07-02-2025,04-04-2025,Business,Car,1,4986.69,8
TRIP01984,USER2340,Sydney,21-07-2024,08-04-2025,Adventure,Train,4,2027.44,10
TRIP01985,USER7822,New York,31-01-2025,01-02-2025,Beach,Cruise,1,4971.52,3
TRIP01986,USER9858,Bangkok,22-07-2024,13-08-2024,Business,Train,1,1321.53,1
TRIP01987,USER1412,Tokyo,07-01-2025,13-02-2025,Leisure,Bus,4,1134.35,6
TRIP01988,USER2857,Tokyo,28-10-2024,13-03-2025,Beach,Bus,5,1076.3,8
TRIP01989,USER9526,Sydney,12-04-2024,22-02-2025,Cultural,Flight,2,863.39,1
TRIP01990,USER9440,Sydney,27-12-2024,01-02-2025,Adventure,Bus,3,608.91,3
TRIP01991,USER1958,Tokyo,12-06-2024,01-08-2024,Adventure,Train,2,4088.18,8
TRIP01992,USER6834,Rome,06-08-2024,07-03-2025,Cultural,Train,1,902.74,1
TRIP01993,USER2410,Rome,20-09-2024,10-10-2024,Business,Train,3,967.49,4
TRIP01994,USER4193,Paris,09-12-2024,06-01-2025,Leisure,Flight,4,4982.15,3
TRIP01995,USER4463,Dubai,30-09-2024,29-10-2024,Leisure,Flight,3,3712.7,7
TRIP01996,USER2708,Istanbul,11-08-2024,22-12-2024,Cultural,Cruise,5,4758.69,7
TRIP01997,USER1854,Barcelona,19-06-2024,07-01-2025,Adventure,Train,4,1264.89,6
TRIP01998,USER4959,Barcelona,18-12-2024,08-03-2025,Cultural,Car,4,1347.01,1
TRIP01999,USER9495,Paris,06-08-2024,10-10-2024,Cultural,Bus,5,3235.42,6
TRIP02000,USER5394,Dubai,08-10-2024,26-12-2024,Leisure,Bus,1,1927.12,7
TRIP02001,USER4652,Paris,21-11-2024,22-03-2025,Family,Cruise,3,3429.6,6
TRIP02002,USER4295,London,29-09-2024,24-11-2024,Beach,Cruise,2,1428.21,3
TRIP02003,USER1068,London,02-12-2024,31-01-2025,Business,Train,2,4450.77,10
TRIP02004,USER1683,New York,17-07-2024,02-03-2025,Family,Flight,2,724.38,4
TRIP02005,USER9858,Sydney,29-06-2024,11-01-2025,Beach,Flight,1,4862.08,8
TRIP02006,USER6536,Rome,23-10-2024,22-12-2024,Adventure,Car,4,3354.32,8
TRIP02007,USER3844,Bangkok,12-01-2025,08-02-2025,Leisure,Cruise,1,1527.88,1
TRIP02008,USER8571,New York,26-06-2024,07-02-2025,Leisure,Flight,1,3118.55,2
TRIP02009,USER8577,Rome,22-05-2024,28-02-2025,Family,Flight,1,745.72,1
TRIP02010,USER7650,New York,12-04-2024,19-11-2024,Leisure,Car,2,3164.3,3
TRIP02011,USER7707,Istanbul,14-08-2024,25-08-2024,Leisure,Train,3,4479.78,7
TRIP02012,USER1537,Barcelona,06-09-2024,11-02-2025,Business,Bus,2,2337.64,7
TRIP02013,USER2977,Rome,21-12-2024,26-01-2025,Family,Flight,4,4065.61,7
TRIP02014,USER3776,Dubai,04-12-2024,06-03-2025,Cultural,Train,2,1026.47,5
TRIP02015,USER9054,New York,17-12-2024,16-01-2025,Adventure,Cruise,3,1886.94,7
TRIP02016,USER1924,Istanbul,08-08-2024,09-01-2025,Cultural,Cruise,1,1013.51,9
TRIP02017,USER8853,London,10-07-2024,23-08-2024,Beach,Flight,4,3551.35,10
TRIP02018,USER2222,New York,23-02-2025,23-02-2025,Business,Cruise,5,1317.57,7
TRIP02019,USER6557,Bangkok,17-05-2024,20-07-2024,Business,Bus,3,3028.75,7
TRIP02020,USER3491,New York,09-11-2024,25-03-2025,Cultural,Flight,3,4223.3,6
TRIP02021,USER8857,Bangkok,20-04-2024,02-08-2024,Leisure,Bus,2,1411.34,7
TRIP02022,USER7930,London,07-11-2024,06-12-2024,Cultural,Cruise,1,3940.77,1
TRIP02023,USER5345,Tokyo,26-12-2024,02-02-2025,Business,Car,5,4082.97,2
TRIP02024,USER4289,Barcelona,07-08-2024,15-01-2025,Cultural,Flight,4,2692.32,9
TRIP02025,USER7034,Bangkok,11-09-2024,21-10-2024,Business,Flight,3,515.51,10
TRIP02026,USER4127,London,14-01-2025,23-02-2025,Leisure,Train,3,1494.76,4
TRIP02027,USER7896,Bangkok,30-04-2024,23-12-2024,Cultural,Cruise,3,954.31,10
TRIP02028,USER5360,Barcelona,06-05-2024,12-03-2025,Beach,Train,3,2663.66,8
TRIP02029,USER8420,Paris,30-09-2024,16-02-2025,Cultural,Car,4,4314.94,3
TRIP02030,USER9267,Rome,29-09-2024,13-02-2025,Leisure,Flight,2,2912.4,8
TRIP02031,USER2782,Paris,17-06-2024,30-03-2025,Adventure,Flight,4,4413.79,3
TRIP02032,USER7262,Sydney,23-02-2025,02-03-2025,Business,Flight,3,2770.33,8
TRIP02033,USER3749,Bangkok,19-02-2025,21-03-2025,Family,Flight,3,4391.33,3
TRIP02034,USER4672,Paris,15-08-2024,19-09-2024,Beach,Cruise,4,4539.64,8
TRIP02035,USER7280,New York,08-09-2024,03-12-2024,Beach,Cruise,4,1912.54,1
TRIP02036,USER2903,Tokyo,22-04-2024,23-09-2024,Business,Car,5,2763.99,9
TRIP02037,USER2766,Istanbul,22-03-2024,26-12-2024,Leisure,Bus,4,3823.45,4
TRIP02038,USER2924,Dubai,14-02-2025,20-02-2025,Beach,Car,5,2605.97,4
TRIP02039,USER4444,Rome,08-11-2024,06-01-2025,Business,Train,4,1409.47,9
TRIP02040,USER8408,New York,25-12-2024,11-03-2025,Family,Cruise,5,903.98,4
TRIP02041,USER3916,Istanbul,24-03-2024,30-10-2024,Business,Bus,5,1542.35,8
TRIP02043,USER9993,Istanbul,01-10-2024,28-11-2024,Family,Train,2,1640.86,5
TRIP02044,USER9187,Dubai,30-11-2024,18-01-2025,Leisure,Flight,5,2388.14,9
TRIP02045,USER8543,New York,14-08-2024,26-09-2024,Adventure,Cruise,1,2186.12,4
TRIP02046,USER5397,London,24-02-2025,01-03-2025,Leisure,Train,2,2074.33,5
TRIP02047,USER4716,London,10-06-2024,26-12-2024,Beach,Bus,3,2413.06,4
TRIP02048,USER3285,London,07-05-2024,17-01-2025,Cultural,Bus,3,1906.04,5
TRIP02049,USER4287,Istanbul,02-11-2024,02-12-2024,Business,Cruise,3,3736.85,3
TRIP02050,USER4370,Dubai,14-07-2024,06-09-2024,Adventure,Car,1,2068.84,7
TRIP02051,USER2338,Rome,05-06-2024,30-11-2024,Family,Flight,2,4451.2,10
TRIP02052,USER4722,Paris,09-08-2024,05-09-2024,Beach,Train,3,2687.51,2
TRIP02053,USER4875,New York,04-02-2025,23-03-2025,Adventure,Cruise,4,3341.64,6
TRIP02054,USER1454,Dubai,16-02-2025,01-03-2025,Leisure,Train,4,898.39,2
TRIP02055,USER2139,Tokyo,17-10-2024,13-02-2025,Business,Bus,3,1573.55,3
TRIP02056,USER6178,Paris,27-06-2024,02-12-2024,Beach,Car,2,1175.8,8
TRIP02057,USER6522,Bangkok,10-01-2025,30-01-2025,Adventure,Flight,4,3558.39,1
TRIP02058,USER1731,Rome,08-04-2024,13-07-2024,Business,Flight,1,4861.74,8
TRIP02059,USER1974,New York,21-09-2024,01-12-2024,Adventure,Train,2,3696.31,8
TRIP02060,USER3178,Bangkok,12-05-2024,12-08-2024,Family,Cruise,1,2474.19,9
TRIP02061,USER1627,Bangkok,04-04-2024,24-04-2024,Business,Flight,4,4843.9,2
TRIP02062,USER6141,Paris,23-05-2024,02-08-2024,Cultural,Cruise,2,4934.74,8
TRIP02063,USER2374,Sydney,09-06-2024,02-02-2025,Beach,Flight,2,3984.28,8
TRIP02064,USER3877,Sydney,20-09-2024,06-04-2025,Beach,Train,4,2060.08,4
TRIP02065,USER9415,Istanbul,16-10-2024,06-12-2024,Family,Flight,5,1404.16,2
TRIP02066,USER8329,Istanbul,26-11-2024,05-04-2025,Leisure,Bus,1,3588.81,7
TRIP02067,USER4466,New York,30-11-2024,27-02-2025,Cultural,Cruise,1,2997.81,6
TRIP02068,USER5101,Paris,10-01-2025,15-03-2025,Beach,Cruise,2,2636.97,10
TRIP02069,USER5976,Istanbul,27-11-2024,11-02-2025,Leisure,Bus,1,4620.26,10
TRIP02070,USER8556,Barcelona,02-01-2025,03-02-2025,Business,Cruise,2,1430.09,8
TRIP02071,USER1997,Tokyo,10-04-2024,02-09-2024,Business,Car,1,4824.46,3
TRIP02072,USER5400,Istanbul,16-03-2024,21-04-2024,Cultural,Car,1,3864.62,10
TRIP02073,USER9328,London,20-03-2024,20-03-2025,Adventure,Car,1,4994.78,10
TRIP02074,USER9846,London,24-11-2024,27-12-2024,Business,Car,2,1193.65,5
TRIP02075,USER1607,Sydney,01-05-2024,09-10-2024,Cultural,Flight,3,3055.79,6
TRIP02076,USER4966,Tokyo,20-02-2025,12-04-2025,Business,Car,3,3727.26,5
TRIP02077,USER1845,Bangkok,27-12-2024,11-01-2025,Beach,Train,1,1938.92,5
TRIP02078,USER5259,Rome,13-05-2024,30-07-2024,Adventure,Train,1,3441.91,7
TRIP02079,USER7822,Rome,23-10-2024,11-03-2025,Leisure,Car,1,3558.55,2
TRIP02080,USER3044,Bangkok,29-09-2024,03-04-2025,Leisure,Train,3,949.39,8
TRIP02081,USER5640,Paris,24-05-2024,24-06-2024,Cultural,Car,1,2737.57,4
TRIP02082,USER9441,Bangkok,26-04-2024,30-08-2024,Beach,Car,1,784.22,2
TRIP02083,USER9915,Rome,29-05-2024,15-07-2024,Cultural,Cruise,5,1223.92,9
TRIP02084,USER1179,Dubai,23-05-2024,28-11-2024,Leisure,Cruise,5,4272.12,4
TRIP02085,USER9549,Paris,23-01-2025,02-02-2025,Family,Bus,2,1502.83,1
TRIP02086,USER8603,Tokyo,31-07-2024,10-08-2024,Leisure,Car,4,1211.65,9
TRIP02087,USER4779,Bangkok,18-03-2024,01-08-2024,Cultural,Car,2,4242.11,2
TRIP02088,USER4761,Istanbul,25-06-2024,21-07-2024,Leisure,Flight,1,1863.24,9
TRIP02089,USER5253,New York,17-10-2024,09-11-2024,Family,Train,2,4921.98,2
TRIP02090,USER9928,Istanbul,11-03-2025,20-03-2025,Adventure,Car,3,2088.57,1
TRIP02091,USER1774,Dubai,26-10-2024,06-12-2024,Beach,Cruise,2,3517.53,10
TRIP02092,USER5274,Barcelona,29-11-2024,26-12-2024,Family,Cruise,4,2587.97,4
TRIP02093,USER2892,Dubai,17-09-2024,06-10-2024,Cultural,Train,3,3369.25,1
TRIP02094,USER2125,Tokyo,15-03-2025,20-03-2025,Adventure,Cruise,5,2453.6,8
TRIP02095,USER6222,Dubai,14-02-2025,14-02-2025,Family,Flight,1,3594.65,8
TRIP02096,USER3576,New York,17-10-2024,16-02-2025,Beach,Car,4,4903.33,10
TRIP02097,USER8998,Bangkok,09-08-2024,13-08-2024,Business,Flight,5,1257.81,1
TRIP02098,USER3068,Paris,16-02-2025,28-02-2025,Adventure,Train,4,2763.33,3
TRIP02099,USER1323,Barcelona,24-09-2024,23-11-2024,Cultural,Car,4,3158.56,1
TRIP02100,USER1456,Tokyo,10-06-2024,29-08-2024,Beach,Flight,3,1498.17,10
TRIP02101,USER3373,New York,30-10-2024,20-12-2024,Adventure,Cruise,1,3871.56,4
TRIP02102,USER3861,Tokyo,08-05-2024,03-04-2025,Business,Train,5,3564.46,9
TRIP02103,USER7836,London,24-03-2024,22-04-2024,Family,Car,1,3966.54,9
TRIP02104,USER4610,Istanbul,04-08-2024,26-11-2024,Leisure,Cruise,5,2350.34,3
TRIP02105,USER6257,London,16-05-2024,30-05-2024,Family,Flight,3,4894.07,8
TRIP02106,USER1901,Sydney,23-08-2024,13-04-2025,Leisure,Bus,4,4924.96,10
TRIP02107,USER1022,Tokyo,10-12-2024,09-04-2025,Family,Car,2,4949.44,7
TRIP02108,USER9649,Barcelona,27-05-2024,26-01-2025,Beach,Bus,4,2253.29,6
TRIP02109,USER4834,Istanbul,27-01-2025,12-02-2025,Family,Cruise,4,1362.67,2
TRIP02110,USER5319,Rome,17-10-2024,26-11-2024,Family,Train,5,2812.34,5
TRIP02111,USER1795,Bangkok,17-01-2025,08-02-2025,Leisure,Cruise,5,1199.97,1
TRIP02112,USER4137,Bangkok,21-10-2024,19-02-2025,Family,Flight,5,2167.01,5
TRIP02114,USER1588,London,17-11-2024,20-03-2025,Cultural,Car,5,1540.95,6
TRIP02115,USER1300,Istanbul,19-03-2024,27-04-2024,Beach,Cruise,4,945.76,9
TRIP02116,USER6379,Barcelona,16-08-2024,23-02-2025,Adventure,Bus,2,3527.86,2
TRIP02117,USER8476,New York,27-02-2025,03-04-2025,Leisure,Car,5,3802.16,4
TRIP02118,USER1820,Paris,26-07-2024,01-04-2025,Beach,Bus,5,3920.76,9
TRIP02119,USER4745,Rome,05-02-2025,15-04-2025,Adventure,Bus,4,3844.16,10
TRIP02121,USER1811,London,23-01-2025,18-03-2025,Business,Car,2,2636.41,10
TRIP02122,USER3474,Tokyo,03-09-2024,25-03-2025,Family,Bus,2,533.22,4
TRIP02123,USER3940,Sydney,17-06-2024,01-12-2024,Leisure,Bus,3,3319.87,9
TRIP02124,USER8384,Paris,22-11-2024,09-04-2025,Leisure,Car,4,3978.7,2
TRIP02125,USER8579,Paris,20-08-2024,15-09-2024,Adventure,Bus,2,3604.27,7
TRIP02126,USER1429,Barcelona,02-09-2024,30-01-2025,Beach,Car,1,1466.05,3
TRIP02127,USER5672,Tokyo,11-03-2025,12-04-2025,Beach,Bus,5,1387.06,7
TRIP02128,USER6241,New York,22-04-2024,09-09-2024,Beach,Cruise,1,4910.77,7
TRIP02129,USER7009,Dubai,05-02-2025,12-02-2025,Family,Bus,1,954.51,2
TRIP02130,USER5872,Barcelona,07-01-2025,20-02-2025,Leisure,Flight,5,2393.21,7
TRIP02131,USER6705,Sydney,04-09-2024,19-10-2024,Adventure,Flight,3,1781.62,9
TRIP02132,USER9963,Rome,06-09-2024,09-09-2024,Adventure,Car,5,1082.75,4
TRIP02133,USER3579,London,23-06-2024,21-11-2024,Cultural,Bus,3,3681.85,8
TRIP02134,USER6209,Tokyo,27-10-2024,28-11-2024,Leisure,Flight,2,4261.12,1
TRIP02135,USER2220,Istanbul,14-09-2024,11-02-2025,Beach,Train,3,3357.05,3
TRIP02136,USER9684,Bangkok,30-08-2024,06-10-2024,Beach,Flight,4,4429.4,2
TRIP02137,USER2315,Istanbul,21-12-2024,19-01-2025,Family,Flight,3,1932.67,1
TRIP02138,USER9483,Bangkok,04-12-2024,13-03-2025,Business,Bus,3,1087.11,2
TRIP02139,USER8203,Bangkok,01-05-2024,14-05-2024,Business,Car,3,2201.83,4
TRIP02140,USER5344,Bangkok,12-08-2024,02-01-2025,Beach,Car,5,2421.71,4
TRIP02141,USER1128,Rome,06-03-2025,27-03-2025,Cultural,Bus,1,4786.72,3
TRIP02142,USER1158,Tokyo,24-07-2024,06-04-2025,Adventure,Cruise,5,4259.94,5
TRIP02143,USER4380,Istanbul,29-03-2024,01-10-2024,Adventure,Flight,5,2329.88,5
TRIP02144,USER7267,Sydney,10-06-2024,15-12-2024,Business,Cruise,5,4081.57,9
TRIP02145,USER3236,Bangkok,25-04-2024,10-02-2025,Business,Train,2,4793.26,2
TRIP02146,USER9541,Tokyo,25-11-2024,26-11-2024,Leisure,Bus,1,1584.37,1
TRIP02147,USER1523,New York,13-03-2025,18-03-2025,Beach,Train,4,1732.46,10
TRIP02148,USER4068,Dubai,18-04-2024,11-07-2024,Business,Car,2,4867.72,9
TRIP02149,USER5210,Barcelona,20-05-2024,26-05-2024,Beach,Car,5,4631.04,2
TRIP02150,USER4977,New York,06-08-2024,26-08-2024,Leisure,Flight,1,4065.29,9
TRIP02151,USER4913,Istanbul,03-08-2024,02-10-2024,Business,Train,3,1001.76,6
TRIP02152,USER7388,Dubai,07-08-2024,23-09-2024,Beach,Cruise,1,1451.54,9
TRIP02153,USER7295,Rome,28-03-2024,06-07-2024,Adventure,Car,4,4596.7,2
TRIP02154,USER9300,Sydney,14-12-2024,01-04-2025,Family,Flight,3,4185.83,6
TRIP02155,USER6965,London,20-03-2024,30-11-2024,Beach,Bus,3,2221.39,9
TRIP02156,USER6843,Dubai,27-10-2024,09-11-2024,Cultural,Train,3,2670.69,7
TRIP02157,USER8413,Bangkok,16-03-2024,21-03-2025,Family,Train,1,727.09,3
TRIP02158,USER2785,Tokyo,28-01-2025,25-03-2025,Beach,Cruise,4,2021.43,6
TRIP02159,USER5308,Rome,08-11-2024,07-01-2025,Business,Flight,1,590.67,2
TRIP02160,USER4729,Paris,13-03-2025,05-04-2025,Adventure,Flight,3,1269.33,6
TRIP02161,USER1413,Istanbul,01-03-2025,11-03-2025,Business,Flight,4,3404.47,5
TRIP02162,USER3754,Barcelona,02-08-2024,04-01-2025,Family,Car,2,2380.77,9
TRIP02163,USER4748,Rome,22-02-2025,22-02-2025,Business,Cruise,5,2717.35,5
TRIP02164,USER3300,Istanbul,11-03-2025,18-03-2025,Business,Cruise,2,3072.8,3
TRIP02165,USER6857,London,19-10-2024,12-04-2025,Family,Cruise,3,2968.27,2
TRIP02166,USER9415,New York,12-04-2024,24-05-2024,Family,Train,2,4790.78,3
TRIP02167,USER7221,New York,30-08-2024,21-10-2024,Leisure,Flight,2,2865.28,10
TRIP02168,USER9000,Rome,02-04-2024,26-02-2025,Leisure,Bus,1,973.41,9
TRIP02169,USER1342,Sydney,02-10-2024,29-01-2025,Adventure,Car,2,3469.02,9
TRIP02170,USER4819,Bangkok,20-03-2024,12-04-2024,Cultural,Bus,2,970.66,9
TRIP02171,USER8609,Barcelona,25-08-2024,09-10-2024,Beach,Flight,2,3477.29,6
TRIP02172,USER3168,Dubai,13-05-2024,21-05-2024,Adventure,Train,3,3544.4,8
TRIP02173,USER9110,London,24-12-2024,10-02-2025,Cultural,Flight,5,3437.12,3
TRIP02174,USER9167,Tokyo,21-12-2024,28-01-2025,Leisure,Train,3,1167.43,8
TRIP02175,USER4664,Rome,07-03-2025,28-03-2025,Cultural,Flight,4,1261.5,6
TRIP02176,USER2313,Tokyo,12-12-2024,16-02-2025,Leisure,Bus,5,1881.86,1
TRIP02177,USER5183,Paris,06-06-2024,23-03-2025,Business,Flight,2,817.19,7
TRIP02178,USER5522,Paris,24-05-2024,16-07-2024,Adventure,Car,4,4186.84,10
TRIP02179,USER2406,Sydney,09-11-2024,29-12-2024,Family,Cruise,5,818.56,1
TRIP02180,USER3396,Tokyo,02-08-2024,11-11-2024,Family,Flight,5,4581.32,2
TRIP02181,USER7004,Bangkok,02-11-2024,04-12-2024,Business,Train,1,3305.78,7
TRIP02182,USER9565,New York,05-06-2024,09-04-2025,Business,Bus,3,1014.16,2
TRIP02183,USER1503,Barcelona,03-10-2024,04-04-2025,Beach,Car,3,1248.87,7
TRIP02184,USER2007,Rome,29-11-2024,28-12-2024,Leisure,Train,4,2953.03,4
TRIP02185,USER2637,New York,12-09-2024,06-01-2025,Family,Train,1,1591.95,10
TRIP02186,USER3747,Barcelona,22-03-2024,19-04-2024,Cultural,Cruise,2,928.41,6
TRIP02187,USER7304,Bangkok,18-09-2024,28-01-2025,Adventure,Bus,5,4425.11,2
TRIP02188,USER7399,Istanbul,12-12-2024,10-03-2025,Family,Cruise,5,2187.93,7
TRIP02189,USER4283,Tokyo,23-03-2024,29-10-2024,Cultural,Train,4,2913.65,1
TRIP02190,USER3972,Bangkok,14-09-2024,28-01-2025,Family,Flight,5,1529.04,5
TRIP02191,USER5841,Rome,24-06-2024,05-08-2024,Business,Train,3,3738.91,7
TRIP02192,USER3208,Paris,09-06-2024,27-01-2025,Leisure,Car,3,4653.36,5
TRIP02193,USER4516,Paris,09-11-2024,15-02-2025,Cultural,Bus,1,1807.18,1
TRIP02194,USER8869,Bangkok,23-05-2024,26-06-2024,Business,Car,5,4475.72,4
TRIP02195,USER5772,Istanbul,09-10-2024,10-10-2024,Family,Car,3,1041.17,1
TRIP02197,USER8271,Paris,03-08-2024,08-08-2024,Adventure,Flight,4,3015.89,3
TRIP02198,USER4695,Tokyo,30-11-2024,17-03-2025,Business,Flight,2,3302.61,5
TRIP02199,USER7895,Sydney,09-11-2024,08-01-2025,Family,Car,5,3796.11,6
TRIP02200,USER1279,Istanbul,23-10-2024,22-12-2024,Beach,Train,4,2030.43,7
TRIP02201,USER3129,Tokyo,28-11-2024,24-02-2025,Family,Car,4,3331.38,7
TRIP02202,USER9495,Barcelona,23-09-2024,13-10-2024,Family,Train,2,1662.57,5
TRIP02203,USER6534,London,18-12-2024,12-03-2025,Family,Car,2,513.49,5
TRIP02204,USER6096,Istanbul,04-05-2024,23-07-2024,Family,Train,2,3953.93,4
TRIP02205,USER3860,Barcelona,23-04-2024,05-02-2025,Beach,Train,2,1955.31,1
TRIP02206,USER9598,Bangkok,23-02-2025,05-03-2025,Adventure,Car,4,4885.6,6
TRIP02207,USER3745,Paris,01-10-2024,03-04-2025,Leisure,Train,4,1890.48,5
TRIP02208,USER8905,Sydney,16-06-2024,16-06-2024,Cultural,Cruise,4,3839.8,4
TRIP02209,USER3672,Dubai,18-03-2024,02-04-2024,Family,Bus,1,1906.66,9
TRIP02210,USER1233,Sydney,21-02-2025,24-03-2025,Cultural,Bus,2,3692.3,1
TRIP02211,USER4244,Rome,14-04-2024,26-12-2024,Business,Train,1,1263.65,6
TRIP02212,USER3411,Rome,09-06-2024,28-01-2025,Cultural,Car,3,1803.4,8
TRIP02213,USER5545,Tokyo,06-11-2024,24-02-2025,Adventure,Car,1,3955.58,7
TRIP02214,USER5150,New York,29-07-2024,22-11-2024,Cultural,Train,2,1529.97,5
TRIP02215,USER6724,London,26-10-2024,07-04-2025,Beach,Cruise,5,3300.82,6
TRIP02216,USER5970,Dubai,09-12-2024,23-02-2025,Business,Bus,3,4850.74,10
TRIP02217,USER4054,New York,22-11-2024,10-03-2025,Cultural,Cruise,1,1950.24,2
TRIP02218,USER5669,Dubai,06-03-2025,03-04-2025,Family,Flight,3,1908.48,4
TRIP02219,USER7378,Bangkok,19-03-2024,06-11-2024,Leisure,Bus,1,4907.21,2
TRIP02220,USER7157,Paris,13-08-2024,29-11-2024,Leisure,Cruise,3,3016.77,4
TRIP02221,USER1112,Tokyo,19-02-2025,21-03-2025,Business,Train,4,4984.18,3
TRIP02222,USER7320,Sydney,09-06-2024,08-01-2025,Business,Flight,4,3981.73,10
TRIP02223,USER2825,London,07-12-2024,01-04-2025,Beach,Flight,2,3248.77,9
TRIP02224,USER6191,London,23-04-2024,12-09-2024,Family,Flight,5,4287.1,1
TRIP02225,USER1186,Tokyo,05-12-2024,31-03-2025,Beach,Car,4,3325.68,7
TRIP02226,USER5500,New York,13-11-2024,22-12-2024,Cultural,Bus,2,3345.14,5
TRIP02227,USER9656,Paris,09-09-2024,18-09-2024,Adventure,Car,5,3048.52,8
TRIP02228,USER9803,Bangkok,10-12-2024,31-01-2025,Beach,Train,1,3594.7,4
TRIP02229,USER2657,Sydney,24-05-2024,15-11-2024,Beach,Cruise,4,1419.94,7
TRIP02230,USER9126,Sydney,02-03-2025,21-03-2025,Beach,Flight,1,2789.32,7
TRIP02231,USER8998,Paris,09-02-2025,22-03-2025,Leisure,Train,1,1882.82,9
TRIP02232,USER3106,Barcelona,02-05-2024,07-05-2024,Business,Bus,4,4800.86,3
TRIP02233,USER9350,New York,23-03-2024,20-11-2024,Adventure,Cruise,2,665.53,8
TRIP02234,USER4288,Tokyo,16-10-2024,08-03-2025,Beach,Flight,3,1214.91,1
TRIP02235,USER1697,Tokyo,21-06-2024,14-02-2025,Leisure,Flight,5,4231.06,2
TRIP02236,USER9914,Bangkok,27-08-2024,23-01-2025,Family,Train,1,1190.68,7
TRIP02237,USER8587,Sydney,10-08-2024,29-03-2025,Cultural,Train,5,2344.44,4
TRIP02238,USER6552,Dubai,30-06-2024,26-10-2024,Beach,Train,1,3790.05,9
TRIP02239,USER3797,Sydney,03-10-2024,21-10-2024,Leisure,Bus,2,3460.8,8
TRIP02240,USER1364,Istanbul,17-11-2024,23-01-2025,Leisure,Flight,4,854.17,8
TRIP02241,USER7543,Istanbul,02-10-2024,28-02-2025,Adventure,Train,5,2677.26,9
TRIP02242,USER1676,Barcelona,29-09-2024,09-01-2025,Family,Car,3,3013.48,8
TRIP02243,USER1362,Paris,01-03-2025,11-03-2025,Adventure,Train,1,2636.29,9
TRIP02244,USER7433,New York,01-04-2024,19-05-2024,Cultural,Cruise,4,594.88,7
TRIP02245,USER7732,Sydney,30-04-2024,13-04-2025,Family,Train,1,4273.82,1
TRIP02246,USER2303,Bangkok,21-12-2024,10-04-2025,Business,Car,5,3739.02,1
TRIP02247,USER5674,New York,31-01-2025,11-04-2025,Business,Cruise,2,1975.59,6
TRIP02248,USER6503,Tokyo,01-05-2024,27-01-2025,Cultural,Train,2,2086.86,7
TRIP02249,USER8378,Tokyo,08-08-2024,02-01-2025,Leisure,Car,3,4529.89,8
TRIP02250,USER8382,Rome,28-03-2024,09-05-2024,Business,Cruise,4,1172.46,10
TRIP02251,USER2596,Paris,14-05-2024,17-12-2024,Business,Bus,2,4872.79,5
TRIP02252,USER2452,Tokyo,06-01-2025,13-03-2025,Business,Flight,1,4998.97,5
TRIP02253,USER9052,London,24-04-2024,19-02-2025,Beach,Bus,1,3979.18,3
TRIP02254,USER1989,Bangkok,07-04-2024,20-04-2024,Beach,Flight,5,2170.27,2
TRIP02255,USER8391,New York,29-04-2024,29-07-2024,Family,Flight,1,4473.83,10
TRIP02256,USER7405,Sydney,04-06-2024,28-08-2024,Business,Bus,3,3951.44,5
TRIP02257,USER5454,Paris,21-04-2024,30-05-2024,Adventure,Car,2,2519.77,5
TRIP02258,USER5101,Rome,29-12-2024,05-02-2025,Cultural,Flight,3,2015.63,8
TRIP02259,USER1693,New York,01-03-2025,10-04-2025,Family,Bus,5,509.32,8
TRIP02260,USER6025,Sydney,07-08-2024,10-02-2025,Cultural,Train,3,2557.46,10
TRIP02261,USER3613,Dubai,13-04-2024,01-02-2025,Cultural,Car,3,1178.57,1
TRIP02262,USER5341,Istanbul,06-02-2025,04-03-2025,Adventure,Flight,5,3610.15,9
TRIP02263,USER9836,Bangkok,23-04-2024,19-09-2024,Leisure,Car,5,3325.5,6
TRIP02264,USER4629,Istanbul,30-03-2024,07-03-2025,Beach,Cruise,4,1059.9,2
TRIP02265,USER3902,Istanbul,05-05-2024,17-10-2024,Beach,Train,1,3120.24,4
TRIP02266,USER4900,London,11-04-2024,15-12-2024,Business,Bus,3,3445.52,9
TRIP02267,USER1383,Bangkok,17-12-2024,11-02-2025,Leisure,Bus,2,4631.26,4
TRIP02268,USER1559,Tokyo,13-11-2024,14-01-2025,Cultural,Cruise,3,1068.32,2
TRIP02269,USER7768,Dubai,01-12-2024,07-04-2025,Family,Cruise,3,2016.01,7
TRIP02270,USER5194,Paris,01-11-2024,19-11-2024,Business,Car,2,606.92,5
TRIP02271,USER6086,London,10-06-2024,01-02-2025,Leisure,Flight,5,993.57,10
TRIP02272,USER8924,Dubai,04-11-2024,06-02-2025,Family,Bus,4,3627.1,8
TRIP02273,USER4049,New York,13-04-2024,23-03-2025,Cultural,Bus,2,1728.23,7
TRIP02274,USER4586,Sydney,10-06-2024,26-07-2024,Cultural,Train,4,641.2,6
TRIP02275,USER8201,New York,26-08-2024,11-12-2024,Beach,Cruise,3,2787.05,3
TRIP02276,USER2701,Sydney,07-01-2025,26-03-2025,Adventure,Flight,3,4580.23,4
TRIP02277,USER6407,Sydney,09-01-2025,10-04-2025,Cultural,Bus,5,4043.41,6
TRIP02278,USER3767,Rome,23-01-2025,15-03-2025,Leisure,Flight,2,2793.98,8
TRIP02279,USER3817,Bangkok,17-04-2024,09-11-2024,Adventure,Car,2,3868.61,3
TRIP02280,USER2850,New York,02-10-2024,11-11-2024,Adventure,Train,1,4794.21,9
TRIP02281,USER6247,Tokyo,06-10-2024,29-01-2025,Cultural,Car,4,2263.14,7
TRIP02282,USER3146,Rome,18-05-2024,16-03-2025,Leisure,Train,3,2198.86,3
TRIP02283,USER6815,Istanbul,30-06-2024,31-03-2025,Business,Cruise,2,3725.21,1
TRIP02284,USER3486,London,18-04-2024,29-07-2024,Adventure,Bus,1,2275.03,7
TRIP02285,USER5181,Dubai,07-11-2024,23-11-2024,Adventure,Cruise,5,1028,2
TRIP02286,USER7933,Bangkok,04-04-2024,21-04-2024,Beach,Flight,1,1901.65,6
TRIP02287,USER4556,New York,14-07-2024,14-09-2024,Beach,Train,4,4371.9,7
TRIP02288,USER6190,Barcelona,20-02-2025,29-03-2025,Beach,Cruise,1,4925.36,8
TRIP02289,USER3791,Paris,18-09-2024,10-11-2024,Beach,Car,4,718.66,8
TRIP02290,USER2010,Barcelona,24-06-2024,26-09-2024,Family,Bus,4,2422.9,1
TRIP02291,USER5328,Rome,08-02-2025,12-02-2025,Cultural,Car,5,4902.36,3
TRIP02292,USER4074,Tokyo,14-10-2024,20-11-2024,Adventure,Train,1,3809.31,9
TRIP02293,USER9243,Bangkok,19-10-2024,19-01-2025,Family,Flight,1,621.19,6
TRIP02294,USER6726,Barcelona,11-09-2024,12-10-2024,Family,Train,5,4823.29,8
TRIP02295,USER9601,Paris,20-06-2024,25-10-2024,Business,Car,3,2116.38,4
TRIP02296,USER4081,Sydney,15-11-2024,02-02-2025,Business,Bus,4,3777.55,7
TRIP02297,USER2113,Bangkok,04-06-2024,25-09-2024,Family,Flight,3,2016.77,10
TRIP02298,USER2440,New York,21-09-2024,21-12-2024,Family,Bus,3,528.29,9
TRIP02299,USER3585,Rome,26-11-2024,25-01-2025,Beach,Bus,5,2693.5,2
TRIP02300,USER9198,London,06-10-2024,28-01-2025,Adventure,Car,5,4641.56,2
TRIP02302,USER9971,Sydney,02-12-2024,28-03-2025,Business,Cruise,4,2487.88,7
TRIP02303,USER2380,Sydney,31-05-2024,24-10-2024,Beach,Train,2,4447.2,3
TRIP02304,USER8722,Rome,11-09-2024,01-01-2025,Adventure,Car,1,2343.53,2
TRIP02305,USER9787,London,24-06-2024,28-11-2024,Adventure,Train,1,1021.3,9
TRIP02306,USER5435,Sydney,04-05-2024,12-02-2025,Beach,Train,2,2309.01,9
TRIP02307,USER4814,New York,28-10-2024,09-12-2024,Leisure,Cruise,2,4949.96,3
TRIP02308,USER2021,London,23-04-2024,27-09-2024,Leisure,Flight,4,2996.48,10
TRIP02309,USER9159,Bangkok,06-11-2024,09-03-2025,Business,Car,4,513.06,9
TRIP02310,USER7909,London,22-02-2025,14-04-2025,Beach,Cruise,2,3796.87,7
TRIP02311,USER9901,New York,22-07-2024,21-12-2024,Family,Bus,3,1734.18,2
TRIP02312,USER9541,Rome,31-12-2024,02-03-2025,Business,Bus,4,4744.34,4
TRIP02313,USER5315,Bangkok,02-02-2025,05-04-2025,Leisure,Cruise,1,4625.63,8
TRIP02314,USER8356,Tokyo,08-10-2024,02-04-2025,Adventure,Cruise,4,2465.74,7
TRIP02315,USER6703,New York,29-03-2024,22-03-2025,Cultural,Cruise,5,3805.72,4
TRIP02316,USER2382,Barcelona,31-10-2024,28-01-2025,Cultural,Flight,5,2592.79,9
TRIP02317,USER7346,Barcelona,26-02-2025,21-03-2025,Leisure,Cruise,5,3791.37,9
TRIP02318,USER9508,Paris,07-07-2024,22-12-2024,Beach,Car,1,4104.58,7
TRIP02319,USER5543,Paris,12-07-2024,01-08-2024,Beach,Flight,5,4591.57,1
TRIP02320,USER9763,New York,23-12-2024,14-02-2025,Cultural,Cruise,1,3275.81,9
TRIP02321,USER3473,Sydney,23-08-2024,07-12-2024,Adventure,Cruise,2,1681.35,1
TRIP02322,USER4819,Bangkok,08-02-2025,01-03-2025,Leisure,Flight,2,864.72,9
TRIP02323,USER2616,London,16-08-2024,18-08-2024,Business,Car,4,4394.85,1
TRIP02324,USER6691,New York,23-08-2024,06-12-2024,Leisure,Flight,4,3769.75,2
TRIP02325,USER7555,Istanbul,28-07-2024,01-08-2024,Business,Bus,5,2065.82,7
TRIP02326,USER1262,Paris,18-08-2024,16-09-2024,Leisure,Bus,4,3302.75,3
TRIP02327,USER4327,Dubai,05-10-2024,24-03-2025,Business,Car,1,1411.85,6
TRIP02328,USER3801,New York,09-12-2024,02-04-2025,Business,Train,1,3895.92,1
TRIP02329,USER4467,Istanbul,26-08-2024,13-11-2024,Adventure,Car,3,4052.29,2
TRIP02330,USER2897,Dubai,20-03-2024,23-06-2024,Family,Cruise,4,724.66,10
TRIP02331,USER6099,Rome,28-11-2024,12-03-2025,Family,Car,4,805.01,7
TRIP02332,USER3212,Paris,30-08-2024,13-04-2025,Business,Car,3,2788.2,1
TRIP02333,USER4669,Sydney,14-02-2025,20-03-2025,Leisure,Train,5,4459.9,7
TRIP02334,USER5416,Rome,26-12-2024,12-02-2025,Family,Flight,1,1477.15,4
TRIP02335,USER1114,London,08-11-2024,18-01-2025,Leisure,Train,3,2810.37,1
TRIP02336,USER1961,Sydney,13-12-2024,22-03-2025,Cultural,Train,4,1936.28,2
TRIP02337,USER5005,Dubai,09-02-2025,22-02-2025,Adventure,Cruise,4,568.39,8
TRIP02338,USER8417,Sydney,18-08-2024,22-03-2025,Business,Car,4,3866.98,4
TRIP02339,USER7749,Istanbul,16-01-2025,17-02-2025,Business,Train,1,2743.07,1
TRIP02340,USER4571,New York,18-07-2024,15-11-2024,Adventure,Cruise,1,2600.39,8
TRIP02341,USER5662,Barcelona,16-06-2024,04-09-2024,Cultural,Train,5,3940.64,1
TRIP02342,USER7916,London,03-11-2024,30-12-2024,Adventure,Flight,2,3879.63,10
TRIP02343,USER9231,Barcelona,01-03-2025,16-03-2025,Beach,Car,1,807.56,2
TRIP02344,USER5073,Barcelona,20-04-2024,16-08-2024,Cultural,Cruise,4,3954.39,2
TRIP02345,USER5010,London,17-02-2025,04-04-2025,Leisure,Bus,3,1314.69,8
TRIP02346,USER9173,Rome,14-04-2024,27-03-2025,Family,Car,2,1679.69,7
TRIP02347,USER6888,New York,13-02-2025,07-04-2025,Business,Flight,5,1953.02,5
TRIP02348,USER8593,Dubai,06-08-2024,19-10-2024,Leisure,Flight,5,800.73,2
TRIP02349,USER8320,Rome,13-07-2024,09-12-2024,Adventure,Train,4,2052.67,4
TRIP02350,USER3757,Paris,13-04-2024,14-11-2024,Leisure,Train,3,3887.84,9
TRIP02351,USER7525,Istanbul,04-08-2024,30-01-2025,Family,Car,2,4243.73,2
TRIP02352,USER3177,Dubai,03-10-2024,22-12-2024,Family,Train,4,2351.27,2
TRIP02353,USER9665,Bangkok,10-11-2024,02-12-2024,Leisure,Train,1,504.68,10
TRIP02354,USER7587,New York,18-02-2025,27-02-2025,Cultural,Flight,1,2270.32,9
TRIP02355,USER3876,Tokyo,11-03-2025,23-03-2025,Cultural,Flight,1,4469.42,2
TRIP02356,USER2040,Paris,14-09-2024,18-10-2024,Adventure,Cruise,1,4238.54,1
TRIP02357,USER9546,Rome,03-01-2025,26-02-2025,Cultural,Flight,2,4506.25,2
TRIP02358,USER3135,Bangkok,18-06-2024,15-03-2025,Cultural,Flight,4,2022.66,10
TRIP02359,USER1307,Paris,24-04-2024,08-04-2025,Leisure,Cruise,3,905.42,8
TRIP02360,USER4668,Barcelona,20-11-2024,28-12-2024,Adventure,Car,3,761.03,9
TRIP02361,USER6818,Sydney,04-12-2024,09-04-2025,Business,Bus,5,554.85,3
TRIP02362,USER1102,Paris,10-08-2024,03-04-2025,Beach,Car,2,2593.12,9
TRIP02363,USER9189,Bangkok,25-05-2024,18-12-2024,Cultural,Car,4,1940.12,5
TRIP02364,USER8402,Paris,12-03-2025,05-04-2025,Beach,Cruise,1,1221.41,9
TRIP02365,USER8686,Istanbul,19-09-2024,17-03-2025,Leisure,Train,4,2885.28,7
TRIP02366,USER4190,London,24-06-2024,25-09-2024,Cultural,Flight,3,1563.58,2
TRIP02367,USER5649,Barcelona,31-01-2025,23-02-2025,Cultural,Bus,2,2158.63,7
TRIP02368,USER2799,London,28-02-2025,14-04-2025,Beach,Car,2,3590.23,4
TRIP02369,USER7136,Rome,21-03-2024,12-02-2025,Leisure,Flight,2,4429.35,8
TRIP02370,USER9089,Istanbul,22-12-2024,07-04-2025,Business,Flight,3,3803.37,8
TRIP02371,USER1715,Paris,06-10-2024,05-03-2025,Adventure,Car,1,840.14,4
TRIP02372,USER4836,Dubai,15-04-2024,20-12-2024,Leisure,Flight,2,3480.08,7
TRIP02373,USER6580,London,23-10-2024,03-12-2024,Business,Flight,2,4234.35,10
TRIP02374,USER1679,Tokyo,27-09-2024,06-04-2025,Leisure,Bus,2,3137.86,7
TRIP02375,USER8196,Sydney,24-05-2024,11-04-2025,Adventure,Car,5,1637.07,9
TRIP02376,USER7995,New York,09-06-2024,06-04-2025,Beach,Cruise,2,1491.71,3
TRIP02377,USER8450,Bangkok,10-06-2024,18-09-2024,Business,Car,4,707.54,8
TRIP02378,USER9139,Rome,12-11-2024,31-03-2025,Adventure,Cruise,2,4825.18,9
TRIP02379,USER7558,Tokyo,25-06-2024,10-03-2025,Cultural,Train,1,886.48,5
TRIP02380,USER8884,Istanbul,30-10-2024,01-01-2025,Family,Bus,3,3846.57,5
TRIP02381,USER8885,Rome,04-01-2025,07-01-2025,Beach,Bus,1,1016.84,10
TRIP02382,USER8280,Dubai,31-10-2024,23-01-2025,Leisure,Car,1,1335.8,9
TRIP02383,USER6640,Dubai,28-01-2025,17-03-2025,Leisure,Train,1,1455.94,4
TRIP02384,USER9935,Paris,09-01-2025,25-03-2025,Leisure,Bus,2,4278.05,8
TRIP02385,USER4889,Sydney,08-12-2024,16-03-2025,Family,Cruise,4,2643.76,2
TRIP02386,USER5834,Rome,31-12-2024,11-04-2025,Beach,Bus,5,2078.33,2
TRIP02387,USER5905,Tokyo,14-03-2025,18-03-2025,Business,Train,3,2840.89,9
TRIP02388,USER6816,Rome,29-03-2024,04-08-2024,Business,Bus,2,3812.44,5
TRIP02389,USER7848,Barcelona,07-12-2024,26-02-2025,Family,Bus,1,3485.86,10
TRIP02390,USER7569,Bangkok,05-05-2024,22-07-2024,Adventure,Bus,1,4247.52,7
TRIP02391,USER7724,Dubai,16-09-2024,11-02-2025,Beach,Flight,4,4570.83,10
TRIP02392,USER8436,Barcelona,23-11-2024,04-12-2024,Cultural,Bus,3,753.97,9
TRIP02393,USER5297,Dubai,30-06-2024,01-03-2025,Cultural,Flight,1,4447.84,3
TRIP02394,USER5758,Rome,29-10-2024,13-02-2025,Leisure,Car,3,3019.09,10
TRIP02395,USER6450,Dubai,03-05-2024,13-01-2025,Leisure,Car,4,3885.97,7
TRIP02396,USER5027,Bangkok,03-11-2024,05-02-2025,Cultural,Flight,5,564.67,6
TRIP02397,USER7099,Istanbul,04-01-2025,09-02-2025,Beach,Train,4,1184.28,4
TRIP02398,USER8154,Bangkok,24-10-2024,08-12-2024,Adventure,Bus,5,1786.39,8
TRIP02399,USER3990,Istanbul,24-04-2024,04-09-2024,Beach,Cruise,3,4256.38,8
TRIP02400,USER7019,Rome,04-10-2024,19-10-2024,Leisure,Flight,4,4075.91,8
TRIP02401,USER9565,Dubai,10-11-2024,14-11-2024,Adventure,Cruise,3,1001.49,3
TRIP02402,USER7318,London,11-06-2024,01-07-2024,Leisure,Flight,1,3149.84,3
TRIP02403,USER5113,Barcelona,29-03-2024,21-06-2024,Beach,Train,3,1968.9,5
TRIP02404,USER5144,Tokyo,16-11-2024,08-12-2024,Family,Cruise,1,800.27,3
TRIP02405,USER2134,Barcelona,12-02-2025,21-03-2025,Beach,Bus,1,2606.09,1
TRIP02406,USER9209,Tokyo,26-05-2024,06-09-2024,Business,Cruise,4,1598.17,6
TRIP02407,USER9371,Bangkok,29-01-2025,27-02-2025,Business,Bus,1,2292.59,6
TRIP02408,USER7710,London,10-12-2024,17-01-2025,Business,Cruise,3,2893.13,1
TRIP02409,USER7750,Istanbul,06-10-2024,13-11-2024,Beach,Car,3,1178.36,4
TRIP02410,USER9553,Sydney,14-07-2024,23-01-2025,Business,Flight,3,3466.88,4
TRIP02411,USER9919,Tokyo,29-08-2024,23-11-2024,Adventure,Car,2,1732.5,4
TRIP02412,USER3257,London,20-02-2025,09-04-2025,Family,Bus,1,2722.48,10
TRIP02413,USER4440,Sydney,16-09-2024,01-10-2024,Adventure,Bus,5,4728.42,4
TRIP02414,USER4843,Paris,24-02-2025,28-02-2025,Cultural,Flight,1,1138.61,10
TRIP02415,USER9823,Dubai,21-04-2024,08-06-2024,Leisure,Car,3,2455.08,1
TRIP02416,USER5293,Paris,05-07-2024,23-07-2024,Business,Car,4,3742.51,1
TRIP02417,USER8906,Dubai,03-08-2024,23-12-2024,Business,Cruise,4,3225.17,5
TRIP02418,USER7105,Istanbul,23-05-2024,23-11-2024,Cultural,Car,1,2483.51,5
TRIP02419,USER3473,London,24-03-2024,09-01-2025,Adventure,Car,3,2983.66,6
TRIP02420,USER8544,Istanbul,29-01-2025,05-02-2025,Cultural,Bus,5,1185.08,1
TRIP02421,USER9889,Barcelona,08-11-2024,23-03-2025,Cultural,Bus,2,4843.19,2
TRIP02422,USER4643,Paris,23-06-2024,30-12-2024,Adventure,Train,3,3745.15,2
TRIP02423,USER3396,New York,17-05-2024,03-03-2025,Cultural,Cruise,3,1540.41,1
TRIP02424,USER9341,New York,10-07-2024,05-03-2025,Cultural,Cruise,5,893.4,9
TRIP02425,USER8022,Istanbul,31-01-2025,06-03-2025,Business,Bus,2,3965.92,6
TRIP02426,USER4987,Paris,29-06-2024,06-07-2024,Beach,Train,3,1541.17,9
TRIP02427,USER2716,Dubai,22-04-2024,15-10-2024,Adventure,Train,5,921.06,7
TRIP02428,USER7832,New York,30-07-2024,17-02-2025,Cultural,Train,1,1264.57,3
TRIP02429,USER7973,Tokyo,25-06-2024,21-01-2025,Leisure,Flight,4,2050.07,6
TRIP02430,USER1823,Dubai,20-01-2025,14-04-2025,Adventure,Train,4,3697.72,6
TRIP02431,USER6999,Istanbul,01-12-2024,24-12-2024,Family,Car,3,1567.49,7
TRIP02432,USER5442,Paris,22-01-2025,15-03-2025,Beach,Bus,2,4032.54,7
TRIP02433,USER1109,Istanbul,08-11-2024,05-12-2024,Adventure,Car,4,3138.47,1
TRIP02434,USER9747,Tokyo,30-05-2024,13-01-2025,Cultural,Cruise,1,821.32,6
TRIP02435,USER7418,Rome,04-03-2025,15-03-2025,Business,Flight,5,2392.97,1
TRIP02436,USER1114,Barcelona,13-04-2024,18-06-2024,Family,Flight,4,4662.71,1
TRIP02437,USER6063,Barcelona,02-07-2024,02-01-2025,Cultural,Bus,3,4433.51,10
TRIP02438,USER7312,London,13-10-2024,28-12-2024,Cultural,Cruise,3,1633.26,5
TRIP02439,USER6930,Istanbul,29-12-2024,28-01-2025,Leisure,Train,1,2305.65,9
TRIP02440,USER4960,Sydney,08-08-2024,07-11-2024,Leisure,Train,3,4261.12,3
TRIP02441,USER7407,New York,15-07-2024,16-02-2025,Business,Flight,3,1984.73,2
TRIP02442,USER1258,Dubai,11-07-2024,21-12-2024,Cultural,Cruise,2,2592.29,2
TRIP02443,USER6796,Dubai,18-10-2024,27-11-2024,Business,Flight,1,2220.25,2
TRIP02444,USER5694,Bangkok,08-01-2025,29-03-2025,Leisure,Flight,1,1372.35,1
TRIP02445,USER3259,Barcelona,03-02-2025,15-04-2025,Beach,Cruise,5,4011.09,9
TRIP02446,USER6672,Rome,30-06-2024,28-11-2024,Leisure,Car,3,3971.54,9
TRIP02447,USER7352,London,20-03-2024,02-05-2024,Family,Train,1,4959.03,8
TRIP02448,USER9836,Sydney,18-01-2025,04-04-2025,Family,Flight,2,3222.94,10
TRIP02449,USER3779,New York,10-01-2025,23-03-2025,Family,Car,5,1156.79,2
TRIP02450,USER6110,Barcelona,01-09-2024,04-11-2024,Leisure,Bus,4,3907.8,5
TRIP02451,USER1511,Paris,20-10-2024,06-12-2024,Leisure,Flight,5,4746.83,8
TRIP02452,USER6150,Barcelona,11-10-2024,26-11-2024,Beach,Train,1,1715.16,5
TRIP02453,USER9207,Rome,23-04-2024,17-02-2025,Leisure,Bus,2,1156.15,10
TRIP02454,USER2331,Dubai,10-03-2025,15-04-2025,Family,Bus,2,1027.39,3
TRIP02455,USER2805,Sydney,05-10-2024,26-01-2025,Cultural,Flight,1,4335.26,3
TRIP02456,USER9993,New York,17-12-2024,16-02-2025,Cultural,Cruise,3,812.91,1
TRIP02457,USER3253,Tokyo,24-01-2025,08-02-2025,Cultural,Train,1,1438.77,3
TRIP02458,USER1219,Rome,22-04-2024,12-02-2025,Leisure,Bus,3,4077.36,9
TRIP02459,USER4113,Dubai,04-10-2024,14-10-2024,Cultural,Bus,5,4147.79,5
TRIP02460,USER5418,Dubai,29-08-2024,06-12-2024,Adventure,Car,3,3542.03,8
TRIP02461,USER9427,Tokyo,13-08-2024,16-02-2025,Beach,Bus,3,1604.49,10
TRIP02462,USER6297,London,25-03-2024,13-12-2024,Family,Flight,1,3344.81,2
TRIP02463,USER8132,Dubai,13-02-2025,07-03-2025,Leisure,Cruise,3,1926.15,3
TRIP02464,USER7953,London,08-06-2024,26-09-2024,Cultural,Train,3,1847.78,2
TRIP02465,USER7805,Paris,15-10-2024,11-03-2025,Beach,Cruise,3,3732.07,6
TRIP02466,USER9054,London,11-01-2025,26-01-2025,Business,Bus,3,2293.16,3
TRIP02467,USER6822,Barcelona,13-08-2024,23-09-2024,Cultural,Train,5,2140.74,8
TRIP02468,USER7317,Tokyo,27-03-2024,11-01-2025,Business,Cruise,2,2690.13,3
TRIP02469,USER6982,Tokyo,11-08-2024,02-12-2024,Leisure,Flight,3,1333.22,5
TRIP02470,USER9831,Sydney,26-10-2024,14-01-2025,Business,Bus,1,2571.71,4
TRIP02471,USER1931,Dubai,15-07-2024,31-01-2025,Adventure,Cruise,2,1000.67,3
TRIP02472,USER9778,Rome,10-07-2024,28-10-2024,Leisure,Train,4,2369.76,3
TRIP02473,USER9572,Paris,02-04-2024,17-11-2024,Business,Flight,4,2297.43,6
TRIP02474,USER7636,London,07-05-2024,02-03-2025,Leisure,Flight,3,1214.91,8
TRIP02475,USER5344,Barcelona,20-11-2024,18-02-2025,Cultural,Train,1,4753.78,9
TRIP02476,USER4652,Tokyo,20-11-2024,11-12-2024,Family,Train,2,3968.11,6
TRIP02477,USER6841,Barcelona,09-02-2025,02-03-2025,Adventure,Bus,5,2506.05,1
TRIP02478,USER7628,Rome,01-10-2024,29-10-2024,Adventure,Cruise,4,2820.52,3
TRIP02479,USER9308,Bangkok,14-03-2025,30-03-2025,Leisure,Cruise,3,3126.32,9
TRIP02480,USER5366,Dubai,27-10-2024,16-02-2025,Leisure,Bus,3,2641.24,4
TRIP02481,USER8911,Paris,08-09-2024,02-11-2024,Family,Train,4,4884.19,8
TRIP02482,USER2340,Dubai,03-12-2024,29-12-2024,Adventure,Train,1,1975.57,6
TRIP02483,USER3005,Rome,28-11-2024,04-03-2025,Beach,Train,5,4099.84,5
TRIP02484,USER1065,Tokyo,06-08-2024,10-03-2025,Cultural,Cruise,1,1770.36,10
TRIP02485,USER5417,Rome,27-11-2024,11-12-2024,Beach,Bus,4,1454.6,7
TRIP02486,USER2859,Paris,11-09-2024,30-03-2025,Family,Car,2,3861.58,5
TRIP02487,USER5230,New York,16-04-2024,08-01-2025,Business,Car,1,4254.41,1
TRIP02488,USER7173,Sydney,11-08-2024,30-10-2024,Cultural,Flight,4,1344.71,9
TRIP02489,USER7100,Istanbul,02-09-2024,05-02-2025,Leisure,Bus,4,2624.03,7
TRIP02490,USER9293,New York,07-05-2024,11-03-2025,Business,Car,5,4752.82,8
TRIP02491,USER5422,London,01-05-2024,25-12-2024,Family,Car,1,4274.01,9
TRIP02492,USER5408,London,05-06-2024,12-11-2024,Family,Flight,5,3840.26,5
TRIP02493,USER5026,Dubai,02-10-2024,04-01-2025,Business,Car,1,4057.12,9
TRIP02494,USER7614,Tokyo,10-03-2025,15-04-2025,Cultural,Car,3,732.26,10
TRIP02495,USER7682,London,04-10-2024,10-02-2025,Business,Bus,1,2795.05,2
TRIP02496,USER8244,Rome,15-06-2024,10-12-2024,Family,Train,3,4161.54,1
TRIP02497,USER6108,Sydney,19-05-2024,28-09-2024,Beach,Train,2,4047.88,7
TRIP02498,USER1565,Barcelona,13-01-2025,19-01-2025,Adventure,Train,4,3849.64,9
TRIP02499,USER8209,Dubai,14-01-2025,21-01-2025,Adventure,Train,2,3646.22,2
TRIP02500,USER6593,London,31-03-2024,22-04-2024,Business,Flight,3,4867.4,1
TRIP02501,USER7607,Rome,25-03-2024,22-07-2024,Beach,Bus,3,1001.69,3
TRIP02502,USER2316,New York,05-07-2024,06-09-2024,Cultural,Flight,1,3185.12,4
TRIP02503,USER5879,Tokyo,28-07-2024,27-09-2024,Family,Cruise,1,3405.42,8
TRIP02504,USER4787,Paris,31-10-2024,23-11-2024,Family,Car,4,2714.55,5
TRIP02505,USER9396,Tokyo,25-10-2024,19-11-2024,Adventure,Cruise,2,4745.25,8
TRIP02506,USER9600,Tokyo,27-03-2024,17-10-2024,Cultural,Car,4,1722.16,4
TRIP02507,USER3357,Sydney,08-04-2024,24-08-2024,Cultural,Cruise,5,1588.38,1
TRIP02508,USER1819,New York,19-02-2025,23-02-2025,Business,Cruise,5,2702.66,7
TRIP02509,USER8268,Istanbul,03-07-2024,15-07-2024,Adventure,Flight,2,1004.54,1
TRIP02510,USER2631,Dubai,09-05-2024,15-06-2024,Leisure,Bus,2,796.42,2
TRIP02511,USER2042,Sydney,26-11-2024,02-04-2025,Beach,Car,3,592.83,6
TRIP02512,USER9590,Paris,03-10-2024,06-01-2025,Leisure,Car,2,2294.07,1
TRIP02513,USER7870,Sydney,15-03-2025,23-03-2025,Leisure,Flight,5,2994.53,4
TRIP02514,USER4194,Bangkok,19-01-2025,04-03-2025,Family,Cruise,2,4801.96,9
TRIP02515,USER1762,Paris,27-11-2024,30-11-2024,Business,Cruise,5,3529.76,3
TRIP02516,USER7829,Dubai,14-12-2024,27-03-2025,Business,Train,5,853.38,1
TRIP02517,USER8527,Rome,20-12-2024,07-01-2025,Adventure,Bus,5,3632.12,10
TRIP02518,USER7411,Barcelona,12-04-2024,19-07-2024,Adventure,Train,3,1343.36,4
TRIP02519,USER4604,Sydney,16-04-2024,17-09-2024,Adventure,Car,4,4612.13,3
TRIP02520,USER3757,London,02-01-2025,15-04-2025,Family,Bus,2,2218.32,1
TRIP02521,USER6990,Paris,15-10-2024,28-11-2024,Business,Cruise,4,801.57,3
TRIP02522,USER4388,Bangkok,24-03-2024,04-04-2025,Cultural,Bus,4,1169.55,10
TRIP02523,USER7673,Paris,12-07-2024,25-11-2024,Business,Car,5,4843.2,1
TRIP02524,USER1715,Sydney,30-03-2024,10-10-2024,Leisure,Flight,2,1797.59,7
TRIP02525,USER8232,New York,19-06-2024,04-01-2025,Beach,Cruise,4,4005.64,4
TRIP02526,USER8596,Sydney,10-03-2025,21-03-2025,Adventure,Train,3,1023.81,9
TRIP02527,USER4258,Paris,21-11-2024,17-01-2025,Adventure,Train,5,4218.71,5
TRIP02528,USER4983,Dubai,01-03-2025,19-03-2025,Beach,Bus,3,4919.33,4
TRIP02529,USER3132,Dubai,20-08-2024,15-03-2025,Family,Train,5,2030.55,10
TRIP02530,USER6714,New York,30-07-2024,07-11-2024,Family,Bus,2,1483.75,7
TRIP02531,USER5901,Barcelona,31-08-2024,30-03-2025,Beach,Car,1,3971.17,6
TRIP02532,USER7808,Sydney,24-02-2025,05-03-2025,Adventure,Flight,3,2637.9,5
TRIP02533,USER1661,London,08-05-2024,24-12-2024,Family,Bus,3,3079.6,10
TRIP02534,USER2835,Sydney,25-03-2024,14-07-2024,Beach,Car,3,906.49,5
TRIP02535,USER4033,Istanbul,03-07-2024,28-02-2025,Leisure,Bus,1,2517.52,9
TRIP02536,USER1614,Tokyo,27-10-2024,21-01-2025,Business,Cruise,4,844.01,2
TRIP02537,USER7806,Rome,11-03-2025,09-04-2025,Adventure,Cruise,3,998.58,8
TRIP02538,USER5029,Paris,19-10-2024,09-04-2025,Adventure,Car,3,1621.76,7
TRIP02539,USER9783,Bangkok,03-02-2025,22-03-2025,Beach,Flight,5,3195.7,4
TRIP02540,USER6285,Sydney,30-10-2024,17-01-2025,Adventure,Bus,1,2418.47,3
TRIP02541,USER2292,London,08-07-2024,26-07-2024,Family,Car,2,2318.08,5
TRIP02542,USER1698,Sydney,13-10-2024,05-11-2024,Family,Car,4,4795.45,4
TRIP02543,USER5172,Rome,01-03-2025,19-03-2025,Adventure,Flight,2,2408.6,9
TRIP02544,USER1935,Paris,03-04-2024,25-07-2024,Beach,Car,2,2629.24,4
TRIP02545,USER6320,Rome,12-06-2024,02-04-2025,Beach,Cruise,1,1122.48,8
TRIP02547,USER2258,Dubai,10-02-2025,07-03-2025,Beach,Cruise,1,2540.47,7
TRIP02548,USER6676,Paris,21-07-2024,22-07-2024,Family,Bus,1,1268.58,9
TRIP02549,USER3698,Dubai,29-07-2024,13-01-2025,Adventure,Flight,2,3491.99,5
TRIP02550,USER3266,Bangkok,07-10-2024,03-01-2025,Beach,Car,5,1347.8,10
TRIP02551,USER8399,Barcelona,17-04-2024,05-01-2025,Adventure,Cruise,2,2525,5
TRIP02552,USER3435,London,11-11-2024,29-01-2025,Leisure,Cruise,5,4081.38,10
TRIP02553,USER7506,New York,31-12-2024,20-02-2025,Family,Flight,3,1488.46,1
TRIP02554,USER1145,Rome,25-03-2024,03-02-2025,Business,Flight,4,3776.16,2
TRIP02555,USER2923,New York,24-04-2024,04-04-2025,Business,Train,3,992.3,3
TRIP02556,USER7987,New York,20-03-2024,29-01-2025,Beach,Flight,5,3310.15,4
TRIP02557,USER3516,New York,05-01-2025,05-04-2025,Family,Cruise,1,1235.29,4
TRIP02558,USER9432,Barcelona,02-06-2024,07-09-2024,Family,Flight,1,2153.22,10
TRIP02559,USER5696,New York,04-04-2024,13-04-2024,Beach,Flight,1,2409.29,8
TRIP02560,USER2822,Paris,24-03-2024,08-11-2024,Leisure,Car,1,1088.95,1
TRIP02561,USER3438,Istanbul,18-06-2024,27-09-2024,Adventure,Flight,1,4197.04,6
TRIP02562,USER1000,Tokyo,20-08-2024,30-11-2024,Family,Cruise,4,1381.79,4
TRIP02563,USER4415,Barcelona,04-12-2024,17-03-2025,Leisure,Cruise,2,2634.03,6
TRIP02564,USER2139,Bangkok,19-12-2024,15-01-2025,Adventure,Car,5,1250.15,7
TRIP02565,USER4133,Barcelona,19-08-2024,09-04-2025,Business,Bus,3,4135.25,2
TRIP02566,USER7088,Sydney,16-06-2024,07-01-2025,Family,Bus,1,667.2,10
TRIP02567,USER3624,Istanbul,01-10-2024,09-12-2024,Cultural,Cruise,1,3020.27,9
TRIP02568,USER6787,Tokyo,07-05-2024,22-11-2024,Business,Flight,3,4759.96,6
TRIP02569,USER2249,Dubai,16-07-2024,24-07-2024,Cultural,Flight,1,4354.48,10
TRIP02570,USER3920,Bangkok,02-08-2024,22-11-2024,Cultural,Bus,2,1393.68,8
TRIP02571,USER6303,Istanbul,10-02-2025,28-02-2025,Beach,Bus,2,4672.42,3
TRIP02572,USER9929,Istanbul,15-05-2024,10-01-2025,Leisure,Cruise,2,3444.85,6
TRIP02573,USER1495,Dubai,29-06-2024,23-03-2025,Business,Bus,3,2088.08,7
TRIP02574,USER5066,Barcelona,24-04-2024,27-01-2025,Business,Bus,4,1457.67,10
TRIP02575,USER8641,Dubai,14-05-2024,08-04-2025,Family,Cruise,5,902.33,2
TRIP02576,USER2956,Bangkok,19-12-2024,22-01-2025,Beach,Bus,2,4390.05,6
TRIP02577,USER7268,Dubai,07-08-2024,06-09-2024,Business,Car,4,4510.92,2
TRIP02578,USER9197,New York,27-10-2024,02-11-2024,Business,Train,4,3968.46,1
TRIP02579,USER9849,Tokyo,22-10-2024,30-11-2024,Adventure,Bus,2,1131.71,6
TRIP02580,USER5917,Paris,05-09-2024,03-10-2024,Beach,Train,1,3259.57,4
TRIP02581,USER6078,Rome,19-06-2024,07-04-2025,Beach,Flight,4,3098.77,3
TRIP02582,USER6062,Barcelona,03-06-2024,07-07-2024,Adventure,Train,4,2283.97,2
TRIP02583,USER8475,Dubai,28-04-2024,04-01-2025,Leisure,Bus,1,3665.77,4
TRIP02584,USER8354,Paris,10-11-2024,23-12-2024,Family,Car,1,2210.23,9
TRIP02585,USER3775,Sydney,19-09-2024,08-03-2025,Adventure,Car,4,4451.54,8
TRIP02586,USER3779,Dubai,07-01-2025,13-04-2025,Leisure,Cruise,1,4048.68,7
TRIP02587,USER1134,Rome,21-02-2025,28-02-2025,Cultural,Flight,1,3205.48,1
TRIP02588,USER8176,New York,07-06-2024,12-06-2024,Leisure,Car,1,1849.2,8
TRIP02589,USER4852,Bangkok,21-05-2024,17-07-2024,Adventure,Train,1,1340.65,6
TRIP02590,USER1023,Barcelona,18-01-2025,26-02-2025,Family,Car,1,1755.86,10
TRIP02591,USER1305,Paris,02-01-2025,08-03-2025,Business,Bus,5,653.69,4
TRIP02592,USER4511,Paris,26-01-2025,02-03-2025,Business,Cruise,4,1937.35,10
TRIP02593,USER7305,Barcelona,31-01-2025,31-03-2025,Family,Cruise,5,1044.14,2
TRIP02594,USER3182,Istanbul,21-06-2024,12-07-2024,Leisure,Bus,5,1923.75,5
TRIP02595,USER7306,Bangkok,26-05-2024,08-04-2025,Cultural,Train,3,1931.47,9
TRIP02596,USER2761,Sydney,20-12-2024,26-01-2025,Family,Train,2,911.72,1
TRIP02597,USER9082,Dubai,17-08-2024,19-08-2024,Business,Car,5,2107.38,9
TRIP02598,USER5877,Istanbul,13-07-2024,22-09-2024,Leisure,Bus,4,2349.62,6
TRIP02599,USER6012,Dubai,22-10-2024,21-12-2024,Business,Flight,3,2536.38,4
TRIP02600,USER1641,Istanbul,23-12-2024,01-04-2025,Beach,Cruise,1,1007.44,2
TRIP02601,USER4893,Barcelona,24-07-2024,27-01-2025,Cultural,Bus,5,1813.53,1
TRIP02602,USER5372,Bangkok,21-05-2024,26-01-2025,Adventure,Train,3,1870.74,7
TRIP02603,USER2362,Sydney,19-09-2024,12-11-2024,Family,Bus,2,609.83,8
TRIP02604,USER7194,Dubai,14-07-2024,16-08-2024,Leisure,Train,4,1082.28,10
TRIP02605,USER9994,Barcelona,04-05-2024,25-10-2024,Beach,Car,2,1747.83,2
TRIP02606,USER3634,Paris,30-09-2024,10-04-2025,Family,Train,5,4138.96,5
TRIP02607,USER8586,Sydney,22-05-2024,21-11-2024,Leisure,Car,2,534.11,8
TRIP02608,USER7771,Tokyo,19-11-2024,12-02-2025,Cultural,Car,3,1681.03,1
TRIP02609,USER5176,New York,02-03-2025,15-04-2025,Business,Flight,4,1007.75,6
TRIP02610,USER9230,London,16-04-2024,07-02-2025,Adventure,Flight,2,4244.15,9
TRIP02611,USER1292,Paris,30-08-2024,17-12-2024,Cultural,Train,4,3034.75,6
TRIP02612,USER9559,Paris,01-10-2024,24-10-2024,Leisure,Car,3,3184.38,8
TRIP02613,USER8299,Sydney,11-12-2024,07-03-2025,Family,Train,4,3168.56,1
TRIP02614,USER8172,New York,28-05-2024,16-11-2024,Beach,Bus,5,783.74,1
TRIP02615,USER7117,Bangkok,21-04-2024,06-03-2025,Beach,Train,2,682.04,3
TRIP02616,USER8096,Barcelona,09-06-2024,06-08-2024,Cultural,Flight,5,1674.6,2
TRIP02617,USER6593,Barcelona,19-05-2024,20-08-2024,Family,Flight,4,1412.8,7
TRIP02618,USER8018,Istanbul,29-06-2024,28-10-2024,Beach,Car,1,3598.62,5
TRIP02619,USER1232,Barcelona,01-07-2024,08-08-2024,Beach,Bus,1,570.8,2
TRIP02620,USER5812,Barcelona,15-02-2025,15-02-2025,Business,Cruise,5,4113.84,8
TRIP02621,USER7153,Istanbul,01-04-2024,20-03-2025,Cultural,Bus,4,1041.45,8
TRIP02622,USER7288,Barcelona,01-07-2024,15-09-2024,Cultural,Train,1,4977.03,1
TRIP02623,USER4191,Paris,29-05-2024,17-01-2025,Cultural,Flight,5,1061.28,1
TRIP02624,USER6394,New York,02-11-2024,30-12-2024,Cultural,Flight,5,2633.8,8
TRIP02625,USER3806,Rome,25-11-2024,03-04-2025,Adventure,Flight,4,3121.21,10
TRIP02626,USER4953,Paris,17-03-2024,17-05-2024,Family,Train,3,4087.84,7
TRIP02627,USER1828,New York,26-12-2024,25-03-2025,Business,Flight,2,2720.06,2
TRIP02628,USER1532,Rome,30-12-2024,04-01-2025,Cultural,Car,4,4681.48,10
TRIP02629,USER4476,Istanbul,16-01-2025,26-02-2025,Leisure,Bus,5,2085.7,1
TRIP02630,USER1190,London,24-04-2024,04-07-2024,Cultural,Bus,4,4593.31,1
TRIP02631,USER8389,Dubai,10-12-2024,15-01-2025,Beach,Flight,1,3666.12,5
TRIP02632,USER1869,Paris,23-11-2024,03-01-2025,Adventure,Car,4,1691.81,4
TRIP02633,USER6241,Tokyo,25-05-2024,01-03-2025,Leisure,Cruise,2,3148.29,5
TRIP02634,USER3305,London,02-01-2025,20-03-2025,Cultural,Bus,4,2873.29,6
TRIP02635,USER3647,Paris,31-08-2024,15-12-2024,Beach,Cruise,4,2837.99,9
TRIP02636,USER7521,Tokyo,27-07-2024,30-03-2025,Leisure,Train,2,2461.82,2
TRIP02637,USER9304,Paris,20-04-2024,31-08-2024,Adventure,Car,3,2310.26,9
TRIP02638,USER7965,Rome,28-12-2024,10-02-2025,Business,Cruise,1,812.09,2
TRIP02639,USER4976,Istanbul,04-02-2025,15-04-2025,Family,Car,3,3697.57,3
TRIP02640,USER6168,Dubai,08-12-2024,20-01-2025,Adventure,Flight,1,4422.88,7
TRIP02641,USER6829,Barcelona,02-03-2025,02-04-2025,Adventure,Car,1,3242.43,6
TRIP02642,USER5815,Tokyo,14-05-2024,05-02-2025,Business,Bus,4,4282.22,7
TRIP02643,USER3670,New York,02-10-2024,07-12-2024,Leisure,Bus,5,1051.36,2
TRIP02644,USER1811,Istanbul,22-09-2024,29-11-2024,Beach,Car,4,3718.31,3
TRIP02645,USER8659,Barcelona,18-08-2024,06-01-2025,Beach,Cruise,3,4710.84,6
TRIP02646,USER3272,Bangkok,14-02-2025,03-03-2025,Family,Car,4,1377.33,5
TRIP02647,USER1861,Rome,27-03-2024,27-11-2024,Beach,Bus,4,1678.21,10
TRIP02648,USER2496,Istanbul,20-04-2024,16-09-2024,Beach,Flight,1,4771.34,5
TRIP02649,USER9143,London,21-10-2024,13-11-2024,Adventure,Cruise,5,2552.49,1
TRIP02650,USER7512,Istanbul,04-07-2024,06-01-2025,Adventure,Car,2,4207.53,6
TRIP02651,USER7541,Rome,01-10-2024,24-02-2025,Beach,Bus,3,3909.84,6
TRIP02652,USER4390,Sydney,12-09-2024,26-10-2024,Beach,Bus,2,1154.08,7
TRIP02653,USER8588,Istanbul,29-08-2024,07-04-2025,Family,Train,3,2549.6,8
TRIP02654,USER1009,Paris,16-11-2024,13-04-2025,Family,Bus,1,4477.08,4
TRIP02655,USER3887,Sydney,12-10-2024,28-02-2025,Family,Bus,2,3009.89,6
TRIP02656,USER4729,Rome,20-09-2024,12-01-2025,Adventure,Bus,3,1611.15,10
TRIP02657,USER4706,Dubai,23-01-2025,12-03-2025,Leisure,Bus,3,825.98,3
TRIP02658,USER9403,Istanbul,08-11-2024,15-01-2025,Business,Cruise,1,544.99,2
TRIP02659,USER4112,Barcelona,15-04-2024,15-07-2024,Family,Train,5,3021.7,10
TRIP02660,USER9729,London,26-04-2024,03-03-2025,Beach,Train,5,1369.27,9
TRIP02661,USER9140,Dubai,27-03-2024,23-09-2024,Leisure,Flight,2,1265.75,6
TRIP02662,USER3309,Barcelona,22-02-2025,24-03-2025,Beach,Train,5,3944.77,3
TRIP02663,USER3627,Bangkok,01-02-2025,03-04-2025,Business,Flight,1,4568.85,9
TRIP02664,USER2019,Tokyo,03-12-2024,01-02-2025,Family,Car,2,2490.13,5
TRIP02665,USER6682,London,07-07-2024,08-08-2024,Leisure,Flight,3,1782.9,2
TRIP02666,USER3043,Tokyo,01-10-2024,28-02-2025,Leisure,Bus,3,3666.4,10
TRIP02667,USER8942,Paris,19-04-2024,22-04-2024,Leisure,Car,2,4389.47,8
TRIP02668,USER8265,London,09-03-2025,28-03-2025,Leisure,Flight,3,1809.73,6
TRIP02669,USER9910,Tokyo,03-07-2024,19-01-2025,Adventure,Flight,4,1549.47,1
TRIP02670,USER9434,Sydney,06-02-2025,17-03-2025,Cultural,Bus,5,1265.05,6
TRIP02671,USER8342,Dubai,15-11-2024,25-12-2024,Adventure,Train,5,3877.85,10
TRIP02672,USER4863,Paris,22-01-2025,16-02-2025,Family,Flight,4,4898.78,1
TRIP02673,USER1018,Dubai,17-05-2024,16-11-2024,Business,Cruise,3,2627.61,10
TRIP02674,USER2994,Sydney,12-02-2025,07-04-2025,Adventure,Flight,4,2843.93,2
TRIP02675,USER1432,Barcelona,10-01-2025,16-01-2025,Cultural,Cruise,1,544.11,3
TRIP02676,USER5522,Paris,17-06-2024,06-09-2024,Leisure,Flight,1,2184.54,4
TRIP02677,USER1754,London,13-12-2024,27-03-2025,Adventure,Train,4,1535.81,1
TRIP02678,USER7920,Istanbul,25-03-2024,14-05-2024,Cultural,Flight,2,2696.22,2
TRIP02679,USER5670,London,22-06-2024,04-09-2024,Family,Cruise,4,3079.2,10
TRIP02680,USER2919,New York,26-03-2024,01-06-2024,Cultural,Train,2,4510.12,5
TRIP02681,USER7543,Bangkok,13-12-2024,22-12-2024,Adventure,Flight,5,4172.78,3
TRIP02682,USER8448,Tokyo,23-07-2024,08-04-2025,Cultural,Bus,2,2852.74,7
TRIP02683,USER6377,Paris,15-01-2025,27-03-2025,Business,Cruise,1,3869.76,10
TRIP02684,USER5526,Istanbul,24-04-2024,30-05-2024,Cultural,Flight,1,2352.19,5
TRIP02685,USER7864,Sydney,20-09-2024,12-02-2025,Cultural,Car,3,4700.32,8
TRIP02686,USER1780,Barcelona,15-01-2025,20-03-2025,Adventure,Flight,4,3673.65,5
TRIP02687,USER9230,Rome,16-01-2025,17-02-2025,Leisure,Flight,1,1606.53,4
TRIP02688,USER7056,Sydney,30-03-2024,30-12-2024,Business,Train,1,3859.89,1
TRIP02689,USER3608,Sydney,19-04-2024,30-01-2025,Family,Train,2,1282.58,9
TRIP02690,USER4707,New York,09-01-2025,02-03-2025,Family,Train,4,1840.51,7
TRIP02691,USER1377,Barcelona,04-12-2024,06-02-2025,Family,Train,2,1282.92,9
TRIP02692,USER8371,Sydney,10-01-2025,04-02-2025,Business,Flight,5,3415.28,3
TRIP02693,USER6266,Bangkok,28-06-2024,16-02-2025,Family,Flight,1,1805.78,3
TRIP02694,USER8015,Tokyo,02-01-2025,23-02-2025,Family,Bus,4,4820.37,8
TRIP02695,USER9445,Paris,04-04-2024,13-07-2024,Leisure,Flight,2,2599.89,9
TRIP02696,USER7156,Paris,15-12-2024,29-01-2025,Family,Train,3,594.98,9
TRIP02697,USER6154,Bangkok,05-02-2025,01-04-2025,Business,Cruise,1,3453.76,8
TRIP02698,USER3279,Barcelona,30-04-2024,06-09-2024,Family,Cruise,5,2223.58,6
TRIP02699,USER2708,Tokyo,02-12-2024,19-01-2025,Adventure,Cruise,3,3428.27,7
TRIP02700,USER3894,Barcelona,04-09-2024,20-09-2024,Beach,Bus,2,578.6,2
TRIP02701,USER7790,Sydney,25-08-2024,10-11-2024,Business,Cruise,4,1693.59,10
TRIP02702,USER3264,Rome,19-07-2024,30-03-2025,Leisure,Cruise,4,1408.68,2
TRIP02703,USER2464,Barcelona,25-12-2024,13-01-2025,Leisure,Car,3,1498.91,1
TRIP02704,USER4683,Barcelona,28-10-2024,24-01-2025,Beach,Car,4,4891.11,9
TRIP02705,USER7933,Sydney,19-06-2024,17-10-2024,Cultural,Flight,1,1246.79,7
TRIP02706,USER9915,New York,25-04-2024,09-07-2024,Family,Cruise,4,2977.39,10
TRIP02707,USER2204,Bangkok,23-12-2024,30-12-2024,Leisure,Bus,2,2700.38,9
TRIP02708,USER6211,Sydney,20-12-2024,29-01-2025,Family,Cruise,4,3388.44,2
TRIP02709,USER2965,Rome,17-05-2024,23-07-2024,Family,Cruise,2,1533.67,2
TRIP02710,USER6012,Paris,13-08-2024,05-01-2025,Beach,Car,2,973.12,10
TRIP02711,USER7969,Sydney,28-12-2024,17-01-2025,Family,Bus,1,1709.54,2
TRIP02712,USER1543,New York,04-03-2025,12-04-2025,Beach,Flight,3,4894.46,1
TRIP02714,USER2110,Barcelona,28-02-2025,28-03-2025,Beach,Bus,2,2245.84,5
TRIP02715,USER1311,Bangkok,07-05-2024,29-11-2024,Cultural,Car,3,1860.97,9
TRIP02716,USER3961,Sydney,17-11-2024,04-02-2025,Leisure,Flight,4,4366.07,9
TRIP02717,USER3877,Tokyo,06-06-2024,18-01-2025,Business,Flight,4,2947.72,4
TRIP02718,USER7787,Bangkok,16-11-2024,22-01-2025,Leisure,Flight,3,1971.81,3
TRIP02719,USER5503,New York,11-03-2025,10-04-2025,Business,Flight,5,2369,5
TRIP02720,USER2499,New York,10-12-2024,05-03-2025,Adventure,Train,1,1792.26,7
TRIP02721,USER8701,London,10-01-2025,10-02-2025,Adventure,Flight,2,680.77,5
TRIP02722,USER1304,Rome,18-03-2024,31-03-2025,Leisure,Flight,5,1580.42,10
TRIP02723,USER9929,New York,20-03-2024,12-02-2025,Leisure,Train,5,2713.85,5
TRIP02724,USER8980,Paris,31-07-2024,10-04-2025,Business,Car,2,589.02,1
TRIP02725,USER8569,Dubai,02-03-2025,14-04-2025,Beach,Car,5,2611.43,10
TRIP02726,USER7058,Sydney,22-09-2024,14-01-2025,Adventure,Cruise,3,4734.69,6
TRIP02727,USER2367,Barcelona,11-10-2024,17-12-2024,Cultural,Train,3,867.42,3
TRIP02728,USER3001,London,06-03-2025,22-03-2025,Business,Train,2,3838.84,4
TRIP02729,USER7459,New York,26-05-2024,20-07-2024,Adventure,Cruise,1,509.38,3
TRIP02730,USER9105,Paris,18-10-2024,23-03-2025,Family,Bus,4,2258.87,3
TRIP02732,USER7897,Tokyo,30-05-2024,07-12-2024,Beach,Flight,3,3991.34,8
TRIP02733,USER4396,Barcelona,07-07-2024,10-07-2024,Adventure,Bus,5,2363.36,1
TRIP02734,USER2012,New York,20-07-2024,25-01-2025,Beach,Bus,4,3853.98,2
TRIP02735,USER1685,Sydney,26-11-2024,05-03-2025,Adventure,Car,5,639.28,7
TRIP02736,USER1006,Rome,16-09-2024,20-11-2024,Beach,Car,5,2151.86,6
TRIP02737,USER8898,Barcelona,26-01-2025,05-02-2025,Adventure,Bus,5,3616.95,5
TRIP02738,USER3149,Rome,10-12-2024,29-03-2025,Beach,Train,1,3549.75,3
TRIP02739,USER9172,Barcelona,31-07-2024,27-11-2024,Family,Train,5,4998.98,1
TRIP02740,USER4288,Barcelona,30-09-2024,08-03-2025,Leisure,Cruise,5,1720.98,8
TRIP02741,USER3198,Istanbul,06-10-2024,11-03-2025,Cultural,Car,3,1501.36,4
TRIP02742,USER1240,Tokyo,29-10-2024,03-11-2024,Beach,Flight,4,1965.75,9
TRIP02743,USER6346,Dubai,08-12-2024,24-12-2024,Leisure,Bus,4,516.48,6
TRIP02744,USER8859,Rome,14-11-2024,18-12-2024,Family,Bus,2,2187.61,9
TRIP02745,USER2180,Istanbul,09-09-2024,16-09-2024,Adventure,Train,1,901.72,10
TRIP02746,USER9619,New York,23-02-2025,09-03-2025,Leisure,Bus,3,2742.24,6
TRIP02747,USER5178,Bangkok,13-03-2025,09-04-2025,Family,Cruise,3,2127.95,6
TRIP02748,USER3382,Dubai,01-11-2024,01-12-2024,Cultural,Car,3,4097.33,7
TRIP02749,USER5542,London,21-09-2024,10-03-2025,Business,Cruise,4,1182.83,1
TRIP02750,USER7288,Barcelona,09-11-2024,29-12-2024,Business,Flight,1,2868.05,10
TRIP02751,USER4989,Dubai,30-12-2024,02-01-2025,Adventure,Train,3,4313.18,10
TRIP02752,USER2966,Sydney,27-06-2024,07-07-2024,Leisure,Cruise,3,1451.7,5
TRIP02753,USER8512,Dubai,05-01-2025,01-03-2025,Leisure,Bus,4,2740.47,3
TRIP02754,USER4244,Sydney,13-11-2024,21-12-2024,Business,Bus,3,1131.49,3
TRIP02755,USER5323,Bangkok,08-12-2024,16-02-2025,Business,Bus,3,3722.44,1
TRIP02756,USER6398,Sydney,21-07-2024,21-10-2024,Leisure,Bus,2,906.61,10
TRIP02757,USER3850,New York,04-05-2024,13-04-2025,Cultural,Car,2,4492.4,5
TRIP02758,USER9399,Paris,06-01-2025,15-01-2025,Beach,Flight,3,4538.73,5
TRIP02759,USER4378,Bangkok,16-01-2025,08-03-2025,Business,Bus,2,3023.08,2
TRIP02760,USER5419,Tokyo,06-10-2024,13-02-2025,Adventure,Flight,3,2612.5,8
TRIP02761,USER4362,Dubai,30-06-2024,29-10-2024,Cultural,Car,1,4513.12,7
TRIP02762,USER5215,New York,05-07-2024,09-09-2024,Beach,Train,2,2863.15,3
TRIP02763,USER2128,Tokyo,31-01-2025,14-02-2025,Adventure,Train,5,663.05,4
TRIP02764,USER8604,Tokyo,08-08-2024,27-10-2024,Business,Bus,5,4958.96,2
TRIP02765,USER7721,Sydney,20-04-2024,12-08-2024,Family,Cruise,4,2340.93,9
TRIP02766,USER3039,Dubai,06-09-2024,14-11-2024,Leisure,Cruise,1,3976.08,4
TRIP02767,USER9602,Dubai,27-12-2024,13-02-2025,Family,Car,3,2561.15,2
TRIP02768,USER2350,Bangkok,25-10-2024,08-04-2025,Beach,Car,2,3190.74,7
TRIP02769,USER9671,Paris,05-03-2025,23-03-2025,Beach,Bus,1,4935.8,2
TRIP02770,USER2636,Bangkok,28-10-2024,28-12-2024,Family,Cruise,4,3509.2,3
TRIP02771,USER9548,Sydney,31-07-2024,15-01-2025,Adventure,Cruise,5,2952.07,10
TRIP02772,USER8704,London,23-07-2024,22-10-2024,Business,Bus,4,3953.19,7
TRIP02773,USER7243,Bangkok,20-05-2024,28-11-2024,Family,Bus,1,2403.18,3
TRIP02774,USER1481,Istanbul,05-11-2024,12-02-2025,Beach,Car,3,3772.32,10
TRIP02775,USER1376,Istanbul,28-03-2024,12-07-2024,Family,Bus,3,1145.65,7
TRIP02776,USER2016,Istanbul,09-07-2024,17-07-2024,Adventure,Car,4,2607.75,5
TRIP02777,USER2012,Paris,31-12-2024,01-03-2025,Leisure,Flight,2,4357.13,1
TRIP02778,USER2085,New York,06-10-2024,29-01-2025,Business,Flight,1,1951.56,6
TRIP02779,USER1776,Rome,17-07-2024,01-04-2025,Leisure,Car,5,2555.79,3
TRIP02780,USER8426,Tokyo,05-05-2024,16-12-2024,Business,Cruise,3,4309.1,2
TRIP02781,USER2445,Rome,10-01-2025,11-04-2025,Family,Car,2,3144.04,2
TRIP02782,USER7805,Barcelona,21-06-2024,11-08-2024,Adventure,Bus,1,2841.64,7
TRIP02783,USER9954,Barcelona,28-06-2024,09-12-2024,Family,Car,1,1941.48,10
TRIP02785,USER5803,New York,17-10-2024,01-03-2025,Beach,Bus,1,534.4,1
TRIP02786,USER4630,Rome,18-05-2024,06-03-2025,Family,Train,4,4465.48,8
TRIP02787,USER3023,Tokyo,17-12-2024,02-04-2025,Cultural,Car,1,654.83,6
TRIP02788,USER4984,Dubai,26-08-2024,02-11-2024,Family,Bus,2,2810.65,2
TRIP02789,USER6124,Bangkok,24-01-2025,10-04-2025,Beach,Train,4,3241.8,4
TRIP02790,USER9870,Barcelona,27-05-2024,23-06-2024,Business,Car,4,751.46,10
TRIP02791,USER5714,Bangkok,23-06-2024,30-08-2024,Beach,Train,1,636.83,9
TRIP02792,USER3247,Tokyo,06-10-2024,05-11-2024,Leisure,Cruise,3,3697.62,8
TRIP02793,USER6112,New York,30-01-2025,13-02-2025,Business,Bus,1,3538.1,5
TRIP02794,USER4040,London,02-03-2025,25-03-2025,Family,Flight,2,1216.66,9
TRIP02795,USER3245,Dubai,28-07-2024,14-02-2025,Adventure,Car,4,1161.83,10
TRIP02796,USER7089,Barcelona,12-02-2025,22-03-2025,Leisure,Car,2,3774.25,1
TRIP02797,USER8484,Istanbul,06-07-2024,04-09-2024,Adventure,Cruise,3,1053.96,4
TRIP02798,USER3838,Dubai,31-10-2024,11-04-2025,Family,Flight,2,3138.28,6
TRIP02799,USER4016,Barcelona,25-04-2024,06-02-2025,Beach,Flight,2,3362.4,3
TRIP02800,USER3331,Bangkok,25-04-2024,23-01-2025,Leisure,Flight,5,2256.12,1
TRIP02801,USER2544,Tokyo,20-08-2024,17-10-2024,Business,Flight,3,4328.01,6
TRIP02802,USER6681,Paris,29-11-2024,24-02-2025,Family,Flight,5,1407.24,4
TRIP02803,USER7835,Paris,01-09-2024,13-04-2025,Family,Cruise,1,4615.16,7
TRIP02804,USER7373,Istanbul,14-08-2024,06-01-2025,Family,Bus,4,915.69,9
TRIP02805,USER5882,Tokyo,25-03-2024,15-04-2025,Cultural,Train,3,1620.14,10
TRIP02806,USER4164,Rome,07-06-2024,27-11-2024,Family,Car,4,1257.1,7
TRIP02807,USER9327,New York,30-07-2024,10-11-2024,Adventure,Cruise,2,2342.62,2
TRIP02808,USER9619,Tokyo,28-03-2024,21-08-2024,Business,Flight,3,4736.28,2
TRIP02809,USER3080,Barcelona,22-04-2024,26-07-2024,Adventure,Cruise,3,3791.55,5
TRIP02810,USER8775,Tokyo,17-10-2024,28-03-2025,Business,Cruise,3,1713.93,6
TRIP02811,USER6691,London,11-06-2024,14-10-2024,Leisure,Cruise,3,932.86,7
TRIP02812,USER2206,Bangkok,26-06-2024,15-10-2024,Adventure,Flight,3,566.7,4
TRIP02813,USER9213,Dubai,03-02-2025,29-03-2025,Cultural,Train,1,4525.71,5
TRIP02814,USER5519,London,25-02-2025,18-03-2025,Family,Flight,1,619.13,3
TRIP02815,USER5003,Barcelona,23-01-2025,21-02-2025,Leisure,Flight,2,4472.65,6
TRIP02816,USER8139,Istanbul,15-07-2024,27-08-2024,Business,Cruise,5,2830.68,4
TRIP02817,USER4606,Barcelona,20-06-2024,16-10-2024,Cultural,Cruise,4,3603.8,8
TRIP02818,USER1310,Dubai,11-09-2024,25-01-2025,Family,Train,2,1065.01,5
TRIP02819,USER3618,Bangkok,22-11-2024,26-11-2024,Family,Flight,4,2823.53,9
TRIP02820,USER8522,Sydney,09-10-2024,12-10-2024,Business,Cruise,5,4649.58,10
TRIP02821,USER3096,Paris,05-11-2024,03-02-2025,Leisure,Bus,3,2557.25,1
TRIP02822,USER5692,London,22-08-2024,18-01-2025,Family,Cruise,1,4138.14,4
TRIP02823,USER6654,Paris,27-09-2024,31-12-2024,Family,Car,2,2482.93,5
TRIP02824,USER6244,Paris,06-10-2024,18-10-2024,Cultural,Cruise,5,3958.74,6
TRIP02825,USER6301,Istanbul,03-06-2024,22-06-2024,Cultural,Train,3,3742.35,2
TRIP02826,USER3191,Istanbul,24-10-2024,10-02-2025,Family,Car,3,3674.5,1
TRIP02827,USER3580,New York,12-12-2024,25-12-2024,Leisure,Bus,4,3044.78,4
TRIP02828,USER4340,New York,21-03-2024,21-03-2024,Leisure,Car,2,4811.83,9
TRIP02829,USER2393,New York,04-07-2024,23-03-2025,Cultural,Flight,3,4133.08,4
TRIP02830,USER1016,Dubai,01-12-2024,09-12-2024,Adventure,Car,4,3179.4,2
TRIP02831,USER4943,Paris,30-05-2024,05-04-2025,Cultural,Car,1,4185.54,4
TRIP02832,USER8383,London,15-06-2024,19-10-2024,Business,Train,2,3498.23,9
TRIP02833,USER1017,Istanbul,30-09-2024,11-02-2025,Beach,Train,1,3930.22,10
TRIP02834,USER8315,Paris,01-06-2024,14-09-2024,Family,Train,3,2567.44,7
TRIP02835,USER4154,Rome,04-10-2024,26-10-2024,Cultural,Bus,4,1240.42,3
TRIP02836,USER6095,Tokyo,29-07-2024,24-10-2024,Cultural,Car,4,1871.61,6
TRIP02837,USER3650,Rome,01-07-2024,26-07-2024,Cultural,Flight,3,3118.63,2
TRIP02838,USER1923,Istanbul,18-11-2024,06-04-2025,Business,Train,5,4283.58,4
TRIP02839,USER5107,Paris,22-03-2024,16-05-2024,Leisure,Car,2,2534.94,10
TRIP02840,USER1555,Rome,26-07-2024,21-02-2025,Business,Flight,5,793.73,9
TRIP02841,USER6608,Paris,08-06-2024,13-10-2024,Adventure,Car,1,4560.31,1
TRIP02842,USER3709,Tokyo,05-10-2024,09-12-2024,Beach,Train,5,2514.09,4
TRIP02843,USER9970,Sydney,30-08-2024,14-04-2025,Beach,Bus,2,1650.61,7
TRIP02844,USER3600,Tokyo,09-03-2025,10-04-2025,Beach,Car,1,2804.47,2
TRIP02845,USER1658,New York,09-04-2024,09-01-2025,Cultural,Bus,1,2041.23,4
TRIP02846,USER4481,Rome,10-03-2025,26-03-2025,Family,Bus,3,4303.96,9
TRIP02847,USER5046,Sydney,20-02-2025,08-03-2025,Business,Flight,1,3497.63,9
TRIP02848,USER5368,Dubai,22-09-2024,12-10-2024,Business,Cruise,4,2712.52,10
TRIP02850,USER1146,Istanbul,19-02-2025,05-03-2025,Leisure,Train,5,3334.46,1
TRIP02851,USER9463,New York,04-06-2024,22-02-2025,Leisure,Car,3,2222.91,8
TRIP02852,USER6888,Istanbul,25-03-2024,30-10-2024,Leisure,Flight,3,1552.41,10
TRIP02853,USER9229,Istanbul,18-11-2024,16-02-2025,Leisure,Cruise,1,1722.37,1
TRIP02854,USER5801,Istanbul,29-10-2024,05-11-2024,Business,Car,4,3492.51,1
TRIP02855,USER8981,Dubai,05-09-2024,08-02-2025,Business,Car,3,3613.39,4
TRIP02856,USER8513,Paris,20-05-2024,09-07-2024,Business,Train,3,2695.19,4
TRIP02857,USER3411,Istanbul,24-08-2024,16-03-2025,Family,Cruise,4,3847.23,7
TRIP02858,USER7757,Barcelona,28-01-2025,10-03-2025,Beach,Bus,3,3170.7,8
TRIP02859,USER1891,London,04-04-2024,26-09-2024,Business,Car,5,4207.01,7
TRIP02860,USER3204,Bangkok,28-02-2025,01-03-2025,Business,Bus,3,2515.29,3
TRIP02861,USER1360,Dubai,04-10-2024,21-03-2025,Family,Car,3,811.79,2
TRIP02862,USER3085,Sydney,12-08-2024,02-09-2024,Business,Flight,5,722.62,3
TRIP02863,USER7255,Bangkok,11-01-2025,19-02-2025,Family,Cruise,4,622.51,7
TRIP02864,USER4041,Paris,17-02-2025,25-02-2025,Adventure,Train,5,695.35,4
TRIP02865,USER8981,Sydney,02-07-2024,10-03-2025,Leisure,Cruise,4,3122.11,1
TRIP02866,USER3606,London,27-11-2024,23-03-2025,Business,Flight,4,911.23,10
TRIP02867,USER5580,Sydney,10-08-2024,15-03-2025,Leisure,Bus,3,1229.22,3
TRIP02868,USER2244,Tokyo,14-11-2024,13-01-2025,Business,Flight,5,4592.45,8
TRIP02869,USER9430,Tokyo,04-04-2024,22-10-2024,Beach,Car,2,2101.17,7
TRIP02870,USER7737,Tokyo,29-12-2024,14-02-2025,Leisure,Car,1,1996.66,3
TRIP02871,USER8730,New York,26-02-2025,14-04-2025,Adventure,Flight,3,2107.46,7
TRIP02872,USER6454,New York,26-06-2024,06-02-2025,Leisure,Bus,5,3947.44,8
TRIP02873,USER4917,Sydney,21-04-2024,18-08-2024,Leisure,Bus,3,4254.34,3
TRIP02874,USER6977,Istanbul,07-04-2024,18-08-2024,Adventure,Flight,2,3626.86,9
TRIP02875,USER2717,London,30-01-2025,03-03-2025,Family,Flight,3,1295.07,8
TRIP02876,USER3040,Rome,23-05-2024,01-02-2025,Beach,Train,5,2980.99,4
TRIP02877,USER4151,Sydney,23-10-2024,05-01-2025,Cultural,Car,1,4987.76,6
TRIP02878,USER8994,Tokyo,27-04-2024,06-11-2024,Adventure,Bus,2,4687.58,9
TRIP02879,USER3739,New York,09-08-2024,19-12-2024,Business,Cruise,2,3537.95,1
TRIP02880,USER2460,Barcelona,18-12-2024,08-04-2025,Adventure,Bus,4,2424.79,9
TRIP02881,USER8733,Dubai,15-12-2024,20-03-2025,Leisure,Bus,4,3605.36,2
TRIP02882,USER5243,Istanbul,16-02-2025,11-04-2025,Leisure,Flight,3,3711.53,4
TRIP02883,USER5276,London,18-08-2024,28-10-2024,Cultural,Train,3,1435.57,5
TRIP02884,USER4383,New York,30-07-2024,13-09-2024,Business,Train,3,2634.41,4
TRIP02885,USER6507,London,26-02-2025,28-03-2025,Beach,Cruise,1,3634.66,1
TRIP02886,USER7779,Barcelona,19-11-2024,22-12-2024,Beach,Cruise,4,2575.57,1
TRIP02887,USER1018,Sydney,06-01-2025,12-01-2025,Beach,Bus,5,4997.94,6
TRIP02888,USER1108,Dubai,06-02-2025,23-02-2025,Leisure,Train,1,2694.05,2
TRIP02889,USER8402,London,01-06-2024,06-01-2025,Family,Flight,3,1074.88,8
TRIP02890,USER2128,Rome,06-05-2024,28-10-2024,Adventure,Bus,2,2719.79,10
TRIP02891,USER1006,Paris,20-08-2024,30-01-2025,Family,Cruise,5,2605.97,5
TRIP02892,USER2796,Sydney,27-07-2024,30-07-2024,Family,Train,2,2701.59,1
TRIP02893,USER7220,Rome,13-02-2025,06-04-2025,Beach,Bus,4,3649.38,2
TRIP02894,USER5800,Dubai,21-04-2024,04-01-2025,Leisure,Cruise,1,1915.44,8
TRIP02895,USER7567,Bangkok,30-11-2024,24-12-2024,Beach,Bus,3,740.41,3
TRIP02896,USER3324,Bangkok,23-03-2024,15-12-2024,Beach,Flight,3,2674.77,3
TRIP02897,USER9239,Bangkok,01-06-2024,26-08-2024,Leisure,Flight,2,1411.9,1
TRIP02898,USER1408,Dubai,23-12-2024,13-02-2025,Cultural,Car,1,916.02,8
TRIP02899,USER8752,Tokyo,28-11-2024,11-03-2025,Adventure,Car,1,4140.86,9
TRIP02900,USER2414,Dubai,23-04-2024,26-04-2024,Family,Bus,3,2220.19,8
TRIP02901,USER7033,Paris,25-01-2025,04-02-2025,Beach,Cruise,3,2070.72,4
TRIP02902,USER2520,Dubai,13-05-2024,27-10-2024,Family,Train,5,1600.93,7
TRIP02903,USER8621,Barcelona,08-07-2024,30-07-2024,Cultural,Flight,5,2797.26,9
TRIP02904,USER1406,Barcelona,06-09-2024,17-03-2025,Family,Flight,4,3210.85,9
TRIP02905,USER7400,Barcelona,11-12-2024,16-03-2025,Family,Car,2,3243.61,4
TRIP02906,USER6708,Barcelona,01-08-2024,05-01-2025,Adventure,Bus,4,1195.22,2
TRIP02907,USER4338,Sydney,05-12-2024,31-12-2024,Adventure,Flight,2,2053.72,6
TRIP02908,USER2657,Paris,10-01-2025,04-02-2025,Family,Bus,5,3684.74,5
TRIP02909,USER1897,Bangkok,04-04-2024,19-07-2024,Leisure,Car,5,2101.94,4
TRIP02910,USER5594,Barcelona,09-03-2025,26-03-2025,Family,Train,1,1988.12,2
TRIP02911,USER9600,Tokyo,13-12-2024,02-01-2025,Beach,Train,3,4607.7,5
TRIP02912,USER8586,Tokyo,11-02-2025,11-04-2025,Business,Flight,1,4954.55,6
TRIP02913,USER5912,Barcelona,19-02-2025,27-02-2025,Leisure,Cruise,5,2586.33,9
TRIP02914,USER2474,Sydney,26-01-2025,01-02-2025,Leisure,Flight,4,2768.32,10
TRIP02915,USER6960,London,25-04-2024,03-03-2025,Business,Flight,5,563.67,9
TRIP02916,USER4595,Tokyo,23-10-2024,28-10-2024,Beach,Train,1,3973.55,9
TRIP02917,USER7281,Rome,01-04-2024,26-02-2025,Family,Car,5,3679.81,9
TRIP02918,USER4064,Tokyo,08-08-2024,21-01-2025,Beach,Cruise,1,1569.94,6
TRIP02919,USER9921,New York,26-06-2024,27-11-2024,Cultural,Car,5,1896.6,4
TRIP02920,USER4729,Sydney,11-05-2024,27-05-2024,Leisure,Car,3,1884.66,4
TRIP02921,USER6776,Rome,30-12-2024,25-03-2025,Business,Train,3,2100.22,5
TRIP02922,USER9646,Dubai,16-03-2025,19-03-2025,Cultural,Train,2,1865.09,1
TRIP02923,USER7403,Sydney,27-03-2024,02-05-2024,Business,Train,2,1024.02,3
TRIP02924,USER4763,Bangkok,10-12-2024,17-12-2024,Business,Car,1,2975.57,4
TRIP02925,USER5454,Paris,13-10-2024,11-12-2024,Adventure,Car,1,1017.16,6
TRIP02926,USER1879,Tokyo,14-04-2024,19-09-2024,Family,Train,3,4156.92,7
TRIP02927,USER4408,New York,12-01-2025,06-04-2025,Business,Car,1,1473.05,5
TRIP02928,USER1185,Istanbul,05-09-2024,21-11-2024,Leisure,Car,4,2527.7,7
TRIP02929,USER8796,Dubai,25-12-2024,07-02-2025,Leisure,Train,4,4468.64,10
TRIP02930,USER5766,London,07-09-2024,25-03-2025,Cultural,Car,5,3930.47,3
TRIP02931,USER6270,Sydney,28-07-2024,05-11-2024,Leisure,Cruise,3,1530.09,6
TRIP02932,USER6438,Tokyo,25-11-2024,28-11-2024,Adventure,Train,3,3134.83,7
TRIP02933,USER3167,Tokyo,03-08-2024,07-12-2024,Beach,Car,3,565.14,6
TRIP02934,USER6885,Rome,05-11-2024,22-02-2025,Beach,Car,3,1187.42,9
TRIP02935,USER2214,Barcelona,10-10-2024,24-01-2025,Adventure,Train,2,2541.43,4
TRIP02936,USER7868,New York,04-02-2025,04-04-2025,Cultural,Bus,2,641.03,6
TRIP02937,USER7230,Rome,06-01-2025,15-04-2025,Leisure,Car,5,2873.22,6
TRIP02938,USER4663,Sydney,25-10-2024,17-01-2025,Business,Car,4,697.02,1
TRIP02939,USER1514,Rome,04-03-2025,01-04-2025,Beach,Train,3,4905.75,1
TRIP02940,USER9726,Istanbul,26-12-2024,08-03-2025,Beach,Bus,5,848.2,5
TRIP02941,USER7402,Rome,31-01-2025,21-02-2025,Business,Train,2,3053.3,8
TRIP02942,USER8738,New York,29-01-2025,01-04-2025,Cultural,Cruise,4,4289.19,3
TRIP02943,USER3744,Tokyo,22-03-2024,19-06-2024,Cultural,Flight,2,1789.27,2
TRIP02944,USER8869,Rome,28-02-2025,01-03-2025,Adventure,Cruise,4,4305.76,1
TRIP02945,USER6916,Istanbul,16-02-2025,16-02-2025,Family,Train,1,578.82,3
TRIP02946,USER3623,Istanbul,12-02-2025,05-03-2025,Business,Car,5,3834.04,7
TRIP02947,USER1498,Tokyo,19-12-2024,28-12-2024,Beach,Train,2,1384.94,7
TRIP02948,USER2281,Rome,16-04-2024,20-03-2025,Business,Flight,1,4741.68,2
TRIP02949,USER2381,Tokyo,30-12-2024,18-03-2025,Leisure,Car,2,1974.96,8
TRIP02950,USER3376,Istanbul,31-08-2024,09-11-2024,Leisure,Bus,5,2642.82,9
TRIP02951,USER2079,New York,04-12-2024,12-04-2025,Family,Train,3,4142.47,6
TRIP02952,USER3002,Barcelona,28-06-2024,14-12-2024,Beach,Bus,5,2613.98,3
TRIP02953,USER2094,Tokyo,25-09-2024,28-03-2025,Beach,Train,2,4232.38,9
TRIP02954,USER7287,Paris,03-05-2024,17-05-2024,Leisure,Car,2,4070.61,9
TRIP02955,USER6419,Rome,25-05-2024,05-01-2025,Business,Bus,1,3170.96,7
TRIP02956,USER4569,Barcelona,05-10-2024,07-04-2025,Adventure,Bus,2,2020.24,1
TRIP02957,USER1511,Rome,28-11-2024,31-03-2025,Business,Flight,4,4858.43,5
TRIP02958,USER1985,Paris,19-02-2025,17-03-2025,Leisure,Cruise,3,4153.83,5
TRIP02959,USER7488,Tokyo,09-01-2025,25-02-2025,Business,Bus,1,4948.33,7
TRIP02960,USER3068,Sydney,10-05-2024,03-01-2025,Family,Car,5,3022.72,9
TRIP02961,USER3348,London,15-06-2024,17-01-2025,Business,Car,4,2445.66,1
TRIP02962,USER7266,London,30-11-2024,03-01-2025,Family,Flight,4,4556.17,3
TRIP02963,USER5676,Tokyo,12-07-2024,04-11-2024,Leisure,Car,5,2087.33,1
TRIP02964,USER8821,Rome,02-12-2024,17-12-2024,Business,Train,4,2924.35,5
TRIP02965,USER1262,Istanbul,12-01-2025,02-02-2025,Family,Bus,4,3811.32,10
TRIP02966,USER6974,Tokyo,10-11-2024,30-12-2024,Leisure,Cruise,3,2329.31,8
TRIP02967,USER3771,Barcelona,14-07-2024,24-01-2025,Adventure,Bus,3,1561.4,10
TRIP02968,USER1838,Istanbul,10-11-2024,27-12-2024,Business,Bus,2,3221.25,1
TRIP02969,USER1482,London,23-09-2024,14-01-2025,Adventure,Flight,5,2630.89,9
TRIP02970,USER2067,Istanbul,28-04-2024,26-06-2024,Leisure,Cruise,3,585.77,10
TRIP02971,USER1558,Dubai,21-02-2025,23-02-2025,Cultural,Train,3,1787.45,2
TRIP02972,USER5273,Barcelona,22-10-2024,21-02-2025,Adventure,Car,1,1387.73,6
TRIP02973,USER8479,Rome,15-07-2024,11-01-2025,Beach,Flight,4,4970.06,6
TRIP02974,USER2115,Tokyo,05-05-2024,23-02-2025,Adventure,Flight,5,2837.47,5
TRIP02975,USER4262,New York,06-03-2025,29-03-2025,Cultural,Flight,4,3558.83,2
TRIP02976,USER4969,Istanbul,27-08-2024,18-01-2025,Adventure,Car,2,3455.84,6
TRIP02977,USER3921,Paris,10-05-2024,28-05-2024,Business,Car,1,1360.91,1
TRIP02978,USER3888,Dubai,02-08-2024,02-10-2024,Leisure,Cruise,2,3851.86,2
TRIP02979,USER2990,Paris,24-03-2024,25-12-2024,Business,Car,4,864.26,5
TRIP02980,USER1106,Barcelona,07-10-2024,10-02-2025,Cultural,Train,1,1697.97,7
TRIP02981,USER3793,New York,17-10-2024,31-10-2024,Cultural,Train,5,3574.55,9
TRIP02982,USER7235,Dubai,24-10-2024,04-03-2025,Business,Cruise,2,2372.13,4
TRIP02983,USER4018,Bangkok,08-11-2024,12-12-2024,Business,Train,3,3383.6,9
TRIP02984,USER8294,Istanbul,19-10-2024,22-02-2025,Cultural,Bus,1,3921.42,2
TRIP02985,USER1121,Rome,13-01-2025,14-02-2025,Family,Flight,3,4012.14,7
TRIP02986,USER5443,Sydney,29-11-2024,23-01-2025,Beach,Cruise,4,1864.89,2
TRIP02987,USER7677,Istanbul,30-05-2024,09-07-2024,Beach,Train,5,680.81,7
TRIP02988,USER2104,Dubai,24-03-2024,11-05-2024,Business,Flight,5,1464.41,6
TRIP02989,USER2131,Dubai,15-11-2024,02-04-2025,Business,Flight,3,1681.02,5
TRIP02990,USER6258,New York,22-09-2024,09-12-2024,Adventure,Train,5,2307.41,4
TRIP02991,USER7057,Rome,08-01-2025,24-03-2025,Cultural,Car,4,4857.89,6
TRIP02992,USER1023,Tokyo,12-02-2025,24-02-2025,Adventure,Train,4,4560.29,9
TRIP02993,USER3573,Sydney,07-04-2024,20-02-2025,Cultural,Flight,2,614.65,6
TRIP02994,USER3405,Tokyo,10-08-2024,29-03-2025,Beach,Bus,4,2614.9,1
TRIP02995,USER1005,Bangkok,21-12-2024,03-01-2025,Beach,Car,4,814.47,10
TRIP02996,USER8624,London,06-03-2025,15-03-2025,Beach,Train,5,3238.84,10
TRIP02997,USER8929,Tokyo,22-01-2025,05-03-2025,Leisure,Train,3,2700.59,6
TRIP02998,USER8191,Sydney,01-09-2024,17-10-2024,Family,Bus,1,4316.85,10
TRIP02999,USER3393,London,26-02-2025,11-04-2025,Cultural,Bus,3,549.82,3
TRIP03000,USER8674,Bangkok,24-07-2024,03-10-2024,Cultural,Train,3,835.59,1
TRIP03001,USER2165,Rome,25-02-2025,15-03-2025,Leisure,Bus,1,2613.76,10
TRIP03002,USER3371,London,23-03-2024,31-03-2024,Business,Train,5,4176.91,6
TRIP03004,USER8446,London,18-10-2024,17-02-2025,Business,Train,1,1987.92,9
TRIP03005,USER9066,Paris,05-07-2024,18-12-2024,Cultural,Car,2,4490.9,1
TRIP03006,USER9663,London,07-04-2024,22-10-2024,Leisure,Bus,5,1730.74,10
TRIP03007,USER2805,Sydney,28-07-2024,04-03-2025,Leisure,Train,5,770.05,10
TRIP03008,USER4303,Rome,13-08-2024,08-04-2025,Adventure,Flight,1,500.82,6
TRIP03009,USER9462,Rome,16-03-2025,17-03-2025,Cultural,Flight,2,578.05,6
TRIP03010,USER2184,London,06-06-2024,14-06-2024,Adventure,Cruise,3,1874.19,5
TRIP03011,USER6821,Istanbul,15-11-2024,15-12-2024,Leisure,Bus,3,2272.05,9
TRIP03012,USER4118,New York,24-06-2024,21-12-2024,Adventure,Bus,2,2142.4,4
TRIP03013,USER7507,Tokyo,18-09-2024,16-11-2024,Adventure,Car,2,4948.71,10
TRIP03014,USER6659,Rome,29-07-2024,01-08-2024,Family,Cruise,5,3121.22,10
TRIP03015,USER6000,New York,17-01-2025,06-04-2025,Beach,Flight,5,1298.27,6
TRIP03016,USER8890,Paris,20-10-2024,11-02-2025,Leisure,Bus,2,2626.42,8
TRIP03017,USER7062,Istanbul,16-03-2025,31-03-2025,Cultural,Car,1,2581.84,4
TRIP03018,USER9910,Paris,24-12-2024,21-01-2025,Leisure,Bus,2,4109.81,5
TRIP03019,USER4068,Istanbul,25-04-2024,26-12-2024,Business,Car,5,1089.39,5
TRIP03020,USER5598,Istanbul,17-03-2024,09-06-2024,Cultural,Bus,4,4272.22,9
TRIP03021,USER1103,London,30-07-2024,17-08-2024,Cultural,Cruise,3,1728.72,3
TRIP03022,USER5046,Istanbul,28-11-2024,14-12-2024,Business,Car,1,3340.24,2
TRIP03023,USER1230,Bangkok,31-12-2024,22-01-2025,Leisure,Car,1,4796.69,10
TRIP03024,USER3074,Bangkok,13-06-2024,05-02-2025,Business,Flight,2,4771.18,5
TRIP03026,USER4839,Sydney,07-10-2024,30-03-2025,Beach,Cruise,1,834.17,4
TRIP03027,USER1698,Paris,15-07-2024,12-04-2025,Leisure,Flight,4,2424.64,9
TRIP03028,USER4781,Paris,10-09-2024,21-11-2024,Leisure,Bus,5,4859.59,10
TRIP03029,USER9423,New York,03-04-2024,16-11-2024,Beach,Train,2,2558.82,1
TRIP03030,USER4754,Tokyo,01-02-2025,10-02-2025,Family,Train,5,824.91,6
TRIP03031,USER2229,Tokyo,25-06-2024,20-09-2024,Adventure,Cruise,5,1742.65,5
TRIP03032,USER3849,Tokyo,05-08-2024,31-03-2025,Beach,Bus,3,3533.94,1
TRIP03033,USER8016,London,08-01-2025,27-02-2025,Cultural,Train,2,1040.9,1
TRIP03034,USER3711,Paris,14-01-2025,01-04-2025,Leisure,Train,3,3828.7,5
TRIP03035,USER9316,Dubai,09-05-2024,03-12-2024,Family,Flight,3,1108.51,9
TRIP03036,USER5598,Barcelona,15-03-2025,14-04-2025,Adventure,Bus,5,4091.37,9
TRIP03037,USER3793,Tokyo,18-05-2024,28-11-2024,Family,Bus,4,2365.55,6
TRIP03038,USER1482,Barcelona,26-08-2024,19-09-2024,Adventure,Bus,3,1979.18,7
TRIP03039,USER6837,Istanbul,22-05-2024,26-09-2024,Beach,Bus,2,3448.39,6
TRIP03040,USER1848,Dubai,22-05-2024,05-08-2024,Adventure,Car,1,1858.83,6
TRIP03041,USER5019,New York,15-09-2024,03-01-2025,Beach,Car,1,2563.32,4
TRIP03042,USER8568,New York,03-06-2024,22-12-2024,Business,Bus,1,3251.49,3
TRIP03043,USER4210,Istanbul,09-12-2024,13-01-2025,Adventure,Car,1,4637.46,5
TRIP03044,USER3307,Sydney,26-03-2024,27-02-2025,Cultural,Bus,2,685.3,1
TRIP03045,USER3603,Barcelona,05-05-2024,10-06-2024,Family,Flight,2,4519.6,3
TRIP03046,USER3117,Istanbul,05-01-2025,28-02-2025,Adventure,Car,2,3914.36,3
TRIP03047,USER1469,New York,04-03-2025,01-04-2025,Leisure,Flight,2,2901.48,6
TRIP03048,USER6983,New York,23-03-2024,11-04-2024,Adventure,Car,4,4377.65,4
TRIP03049,USER9471,London,08-12-2024,21-02-2025,Business,Train,1,3521.55,5
TRIP03050,USER1109,Sydney,30-09-2024,06-04-2025,Adventure,Cruise,3,2289.11,9
TRIP03051,USER1446,New York,05-12-2024,20-02-2025,Business,Car,5,1948.94,8
TRIP03052,USER4628,Tokyo,15-07-2024,30-01-2025,Cultural,Car,4,4161.93,8
TRIP03053,USER7347,London,03-04-2024,18-09-2024,Beach,Bus,4,3382.79,1
TRIP03054,USER2019,Istanbul,20-12-2024,19-03-2025,Cultural,Car,3,3758.89,6
TRIP03055,USER7312,New York,24-01-2025,01-02-2025,Leisure,Car,4,2252.36,10
TRIP03056,USER8131,Paris,24-03-2024,17-04-2024,Cultural,Flight,2,2452.26,9
TRIP03057,USER2961,New York,02-12-2024,31-12-2024,Family,Cruise,4,4855.27,9
TRIP03058,USER2978,Bangkok,15-06-2024,22-08-2024,Adventure,Car,2,3476.19,8
TRIP03059,USER8828,Dubai,26-07-2024,12-10-2024,Cultural,Train,4,2963.1,5
TRIP03060,USER5860,Rome,09-05-2024,02-03-2025,Beach,Cruise,4,4546.68,10
TRIP03061,USER5004,Paris,18-09-2024,02-12-2024,Cultural,Bus,5,1704.52,10
TRIP03062,USER6704,Sydney,02-08-2024,10-03-2025,Adventure,Bus,5,2677.13,10
TRIP03063,USER2849,Sydney,15-12-2024,20-03-2025,Business,Bus,2,1517.87,7
TRIP03064,USER8960,Istanbul,03-10-2024,09-03-2025,Business,Car,5,3848.56,4
TRIP03065,USER2729,Sydney,04-04-2024,31-07-2024,Business,Train,3,1011.34,9
TRIP03066,USER8123,Sydney,19-11-2024,15-01-2025,Adventure,Train,5,1969.26,5
TRIP03067,USER4923,Dubai,29-12-2024,05-03-2025,Business,Bus,4,607.81,9
TRIP03068,USER5022,London,25-06-2024,06-02-2025,Business,Train,3,3393.59,6
TRIP03069,USER7141,Bangkok,22-02-2025,25-02-2025,Beach,Cruise,1,3404.49,4
TRIP03070,USER1993,Dubai,21-08-2024,22-09-2024,Business,Train,4,3370.49,7
TRIP03071,USER3064,Tokyo,02-01-2025,03-04-2025,Adventure,Train,3,1220.67,6
TRIP03072,USER2249,Bangkok,22-12-2024,11-01-2025,Adventure,Bus,5,1979.31,2
TRIP03073,USER9357,Barcelona,08-12-2024,13-01-2025,Family,Car,3,4985.71,7
TRIP03074,USER6784,Tokyo,21-01-2025,14-02-2025,Cultural,Train,3,2474.32,6
TRIP03075,USER5187,Rome,13-11-2024,20-11-2024,Beach,Car,5,2058.37,8
TRIP03076,USER2867,Dubai,25-08-2024,28-02-2025,Leisure,Car,5,4659.14,1
TRIP03077,USER4190,Paris,23-07-2024,27-11-2024,Beach,Bus,5,4679.21,6
TRIP03078,USER5951,London,15-09-2024,13-02-2025,Business,Train,5,1237.92,4
TRIP03079,USER8057,Barcelona,14-10-2024,25-02-2025,Cultural,Train,4,2705.63,3
TRIP03080,USER7897,Bangkok,25-01-2025,09-02-2025,Cultural,Train,3,3395.62,6
TRIP03081,USER4738,London,18-03-2024,03-12-2024,Leisure,Car,2,3983.94,9
TRIP03082,USER6649,Barcelona,01-08-2024,28-08-2024,Cultural,Car,2,3274.66,4
TRIP03083,USER7618,New York,17-06-2024,08-01-2025,Leisure,Car,3,4581.22,10
TRIP03084,USER1878,Dubai,26-07-2024,06-10-2024,Beach,Cruise,2,2478.52,8
TRIP03085,USER1907,Dubai,09-01-2025,09-02-2025,Family,Car,1,1417.03,8
TRIP03086,USER8536,Dubai,26-06-2024,15-12-2024,Leisure,Car,2,2156.19,2
TRIP03087,USER5799,Sydney,22-02-2025,14-04-2025,Adventure,Bus,5,2249.47,5
TRIP03088,USER4289,Bangkok,13-07-2024,13-04-2025,Cultural,Car,1,4861.53,3
TRIP03089,USER8427,Bangkok,07-08-2024,23-12-2024,Business,Bus,2,2899.75,1
TRIP03090,USER6641,Barcelona,01-06-2024,11-08-2024,Beach,Bus,1,3803.03,8
TRIP03091,USER9055,Istanbul,30-03-2024,10-08-2024,Cultural,Flight,4,1395.34,3
TRIP03092,USER7509,Istanbul,10-12-2024,07-03-2025,Cultural,Bus,5,4843.54,8
TRIP03093,USER3104,New York,29-03-2024,17-05-2024,Family,Train,2,632.77,9
TRIP03094,USER3869,Paris,10-10-2024,19-12-2024,Business,Train,3,4392.33,2
TRIP03095,USER8250,Istanbul,20-12-2024,29-12-2024,Business,Cruise,4,2553.26,5
TRIP03096,USER4894,Paris,13-09-2024,13-04-2025,Leisure,Cruise,2,735.43,8
TRIP03097,USER2025,Bangkok,10-03-2025,19-03-2025,Beach,Bus,3,2561.1,5
TRIP03098,USER6450,New York,26-06-2024,10-03-2025,Leisure,Cruise,5,4657.48,3
TRIP03099,USER1586,Bangkok,29-07-2024,28-10-2024,Leisure,Flight,5,877.43,7
TRIP03100,USER8482,Dubai,04-10-2024,25-03-2025,Beach,Car,5,3589.29,10
TRIP03101,USER1545,Rome,19-03-2024,26-02-2025,Family,Bus,2,1712.05,8
TRIP03102,USER2359,Tokyo,31-05-2024,12-03-2025,Adventure,Flight,3,3999.09,2
TRIP03103,USER8900,New York,23-03-2024,04-02-2025,Leisure,Train,3,1256.57,7
TRIP03104,USER2478,New York,07-08-2024,23-01-2025,Family,Bus,3,4635.61,8
TRIP03105,USER1963,Tokyo,28-03-2024,11-07-2024,Family,Bus,4,4888.76,6
TRIP03106,USER8047,New York,26-04-2024,29-04-2024,Business,Cruise,2,1412.41,10
TRIP03107,USER5324,Bangkok,25-01-2025,28-02-2025,Family,Flight,5,3650.47,6
TRIP03108,USER3115,New York,01-08-2024,03-08-2024,Adventure,Car,2,4355.69,8
TRIP03109,USER8004,London,25-02-2025,14-04-2025,Leisure,Car,4,3827.62,2
TRIP03110,USER1673,Istanbul,25-01-2025,03-04-2025,Family,Cruise,4,1920.99,2
TRIP03111,USER9182,London,08-11-2024,20-11-2024,Beach,Bus,5,693.08,2
TRIP03112,USER5099,Rome,20-10-2024,09-03-2025,Leisure,Car,3,555.97,8
TRIP03113,USER7419,Paris,31-01-2025,09-03-2025,Adventure,Train,3,4054,2
TRIP03114,USER5009,Barcelona,01-05-2024,08-03-2025,Family,Car,1,860.22,2
TRIP03115,USER8146,Paris,07-03-2025,28-03-2025,Leisure,Cruise,3,954.99,4
TRIP03116,USER9863,Sydney,23-11-2024,23-01-2025,Cultural,Bus,2,1322.9,10
TRIP03117,USER3934,Istanbul,26-10-2024,18-03-2025,Adventure,Bus,5,3029.87,5
TRIP03118,USER8326,Paris,05-06-2024,24-08-2024,Family,Flight,1,2935.97,5
TRIP03119,USER6643,Barcelona,02-02-2025,13-04-2025,Family,Train,5,3717.3,8
TRIP03120,USER4829,Dubai,22-02-2025,10-04-2025,Family,Train,2,1116.55,8
TRIP03121,USER6693,Dubai,31-05-2024,15-09-2024,Family,Cruise,5,3828.13,2
TRIP03122,USER1865,Paris,14-06-2024,19-01-2025,Business,Bus,1,514.16,2
TRIP03123,USER7995,Bangkok,20-11-2024,17-03-2025,Cultural,Bus,1,2934.03,1
TRIP03124,USER1613,Paris,17-02-2025,31-03-2025,Business,Bus,1,2433.48,5
TRIP03125,USER7895,Istanbul,29-04-2024,25-06-2024,Beach,Bus,5,4794.18,4
TRIP03126,USER2770,Paris,08-05-2024,30-06-2024,Beach,Cruise,5,4543.96,9
TRIP03127,USER5196,Barcelona,08-01-2025,02-04-2025,Leisure,Car,3,2892.54,7
TRIP03128,USER6945,Rome,27-09-2024,28-09-2024,Business,Cruise,2,2185.65,10
TRIP03129,USER5031,Sydney,20-04-2024,20-05-2024,Business,Bus,3,710.83,1
TRIP03130,USER3070,Rome,27-06-2024,21-12-2024,Adventure,Car,4,2332.28,4
TRIP03131,USER2144,Barcelona,31-01-2025,23-02-2025,Beach,Flight,3,2380.15,5
TRIP03132,USER4673,New York,30-12-2024,17-01-2025,Business,Bus,3,3392.15,5
TRIP03133,USER9806,London,06-09-2024,27-12-2024,Beach,Bus,2,3713.34,9
TRIP03134,USER3432,Barcelona,24-02-2025,06-04-2025,Business,Bus,5,4172.83,2
TRIP03135,USER3301,Rome,24-03-2024,30-06-2024,Family,Flight,3,4107.5,7
TRIP03136,USER8004,Rome,21-06-2024,14-04-2025,Cultural,Bus,3,1500.24,10
TRIP03137,USER8505,London,06-07-2024,15-11-2024,Leisure,Bus,3,3777.63,10
TRIP03138,USER1880,Bangkok,10-11-2024,19-03-2025,Adventure,Cruise,2,1702.66,6
TRIP03139,USER8719,Dubai,10-10-2024,30-01-2025,Beach,Car,5,3503.95,5
TRIP03140,USER9007,Paris,14-10-2024,08-01-2025,Leisure,Flight,3,3602.02,5
TRIP03141,USER3244,New York,11-08-2024,20-01-2025,Business,Car,3,2302.6,10
TRIP03142,USER2968,Tokyo,03-03-2025,05-03-2025,Cultural,Car,2,4059.04,3
TRIP03143,USER3580,New York,02-10-2024,13-12-2024,Adventure,Flight,1,4376.34,8
TRIP03144,USER6754,New York,26-10-2024,15-04-2025,Family,Train,2,859.2,8
TRIP03145,USER5646,Barcelona,08-10-2024,25-11-2024,Beach,Bus,2,1489.48,7
TRIP03146,USER5198,Tokyo,03-10-2024,13-02-2025,Adventure,Flight,3,2023,2
TRIP03147,USER2159,Istanbul,15-04-2024,18-07-2024,Family,Bus,5,2388.48,9
TRIP03148,USER1701,Tokyo,18-06-2024,26-03-2025,Business,Bus,1,657.46,9
TRIP03149,USER4727,Paris,11-12-2024,28-02-2025,Business,Train,5,3308.23,1
TRIP03150,USER3733,Dubai,31-01-2025,05-03-2025,Family,Bus,4,1329.73,3
TRIP03151,USER7583,Barcelona,08-05-2024,27-11-2024,Business,Train,2,3103.97,5
TRIP03152,USER6075,Istanbul,03-12-2024,18-02-2025,Cultural,Flight,4,2290.52,5
TRIP03153,USER2978,Dubai,31-08-2024,14-09-2024,Cultural,Flight,1,4818.3,2
TRIP03154,USER8571,Tokyo,20-09-2024,28-03-2025,Leisure,Car,3,1530.59,10
TRIP03155,USER1995,Sydney,12-09-2024,01-10-2024,Business,Cruise,5,4120.09,8
TRIP03156,USER8363,Bangkok,14-12-2024,01-03-2025,Business,Cruise,5,4324.99,6
TRIP03157,USER3927,Sydney,19-11-2024,09-12-2024,Business,Flight,3,2498.29,1
TRIP03158,USER3829,New York,07-04-2024,30-10-2024,Leisure,Train,2,2139.89,5
TRIP03159,USER4277,Sydney,04-07-2024,17-07-2024,Family,Train,2,705.93,6
TRIP03160,USER1961,Barcelona,16-08-2024,08-12-2024,Adventure,Cruise,1,1773.76,5
TRIP03161,USER4770,Dubai,13-08-2024,05-03-2025,Family,Train,3,3464.39,7
TRIP03162,USER3891,Paris,10-04-2024,29-12-2024,Beach,Car,4,1438.7,1
TRIP03163,USER1998,London,30-08-2024,22-02-2025,Beach,Cruise,4,4207.03,7
TRIP03164,USER9423,London,12-12-2024,28-12-2024,Beach,Car,3,4348.76,2
TRIP03165,USER9198,Istanbul,24-10-2024,07-02-2025,Beach,Car,5,507.92,4
TRIP03166,USER9981,Rome,10-11-2024,10-12-2024,Business,Car,1,2316.95,2
TRIP03167,USER7113,Rome,13-03-2025,15-04-2025,Beach,Cruise,2,2820.1,8
TRIP03168,USER1362,Istanbul,05-12-2024,27-01-2025,Business,Cruise,5,1644.33,10
TRIP03169,USER5164,Paris,16-07-2024,15-01-2025,Beach,Bus,3,1869.83,10
TRIP03170,USER9126,New York,20-01-2025,26-02-2025,Adventure,Car,4,1671.82,3
TRIP03171,USER1244,Sydney,01-08-2024,22-10-2024,Family,Car,3,1380.07,4
TRIP03172,USER5243,Sydney,07-12-2024,01-02-2025,Business,Car,4,4772.62,4
TRIP03173,USER9884,Dubai,19-06-2024,20-09-2024,Family,Flight,1,1118.38,2
TRIP03174,USER7663,New York,13-11-2024,07-12-2024,Adventure,Bus,3,2235.4,5
TRIP03175,USER2038,New York,02-09-2024,09-02-2025,Leisure,Car,4,3863.16,7
TRIP03176,USER7666,Bangkok,23-07-2024,09-12-2024,Cultural,Cruise,2,1259.93,7
TRIP03177,USER2826,Paris,22-11-2024,12-12-2024,Adventure,Flight,5,2654.19,1
TRIP03178,USER1819,Rome,09-09-2024,03-10-2024,Cultural,Cruise,5,1978.27,1
TRIP03179,USER9241,Barcelona,21-05-2024,24-09-2024,Cultural,Train,2,2642.35,5
TRIP03180,USER4871,Istanbul,04-03-2025,29-03-2025,Family,Flight,2,4249.81,8
TRIP03181,USER2136,London,23-06-2024,13-08-2024,Family,Cruise,1,4176.66,7
TRIP03182,USER8976,Tokyo,08-05-2024,28-12-2024,Leisure,Cruise,5,4674.35,6
TRIP03183,USER5691,Rome,22-06-2024,03-02-2025,Business,Cruise,5,3128.21,3
TRIP03184,USER4084,Tokyo,13-09-2024,14-04-2025,Family,Bus,3,1552.22,2
TRIP03185,USER9122,New York,03-06-2024,15-07-2024,Family,Cruise,1,3887.46,1
TRIP03186,USER6277,Barcelona,30-03-2024,06-04-2025,Beach,Car,1,3220.6,10
TRIP03187,USER9831,New York,18-01-2025,22-03-2025,Family,Cruise,3,2891.9,2
TRIP03188,USER9424,Barcelona,15-08-2024,16-09-2024,Family,Flight,2,1679.25,7
TRIP03189,USER5698,Sydney,05-05-2024,04-02-2025,Adventure,Cruise,4,3733.3,4
TRIP03190,USER3852,Istanbul,06-03-2025,17-03-2025,Adventure,Train,1,3299.82,8
TRIP03191,USER4334,Sydney,08-09-2024,11-12-2024,Business,Bus,2,2640.29,5
TRIP03192,USER4104,Tokyo,19-10-2024,16-02-2025,Leisure,Flight,2,4141.06,2
TRIP03193,USER3999,Istanbul,29-04-2024,23-11-2024,Business,Train,5,1053.46,7
TRIP03194,USER2062,London,22-08-2024,23-03-2025,Adventure,Flight,4,3208.96,8
TRIP03195,USER7903,Paris,14-05-2024,24-08-2024,Business,Car,4,3686.58,5
TRIP03196,USER4634,Barcelona,11-02-2025,08-04-2025,Cultural,Cruise,5,1323.08,3
TRIP03197,USER2214,Barcelona,19-10-2024,28-11-2024,Beach,Train,1,1423.97,10
TRIP03198,USER2852,Sydney,09-09-2024,21-03-2025,Beach,Bus,4,1901.47,8
TRIP03199,USER8002,Tokyo,19-11-2024,06-12-2024,Business,Car,1,4686.37,7
TRIP03200,USER9120,New York,20-11-2024,24-12-2024,Adventure,Cruise,5,4176.31,8
TRIP03201,USER1030,Sydney,04-11-2024,24-03-2025,Business,Cruise,4,4340.29,3
TRIP03202,USER9281,Rome,08-07-2024,03-10-2024,Business,Car,3,3832.14,3
TRIP03203,USER5618,Rome,07-12-2024,02-03-2025,Business,Flight,5,3776.06,7
TRIP03204,USER4253,Sydney,13-05-2024,08-10-2024,Adventure,Flight,3,1788.55,4
TRIP03205,USER2782,Dubai,10-06-2024,26-12-2024,Adventure,Flight,4,1302.37,7
TRIP03206,USER6673,Tokyo,07-06-2024,29-12-2024,Business,Train,1,3932.49,5
TRIP03207,USER7211,Barcelona,21-10-2024,30-01-2025,Business,Cruise,3,3169.72,5
TRIP03208,USER5973,Tokyo,14-10-2024,17-11-2024,Cultural,Car,2,1538.77,3
TRIP03209,USER2597,Bangkok,04-06-2024,30-10-2024,Leisure,Car,1,3657.62,1
TRIP03210,USER5420,Dubai,12-07-2024,02-12-2024,Business,Train,3,2740.29,1
TRIP03211,USER5841,Bangkok,04-10-2024,17-12-2024,Family,Bus,4,3494.63,1
TRIP03212,USER1081,Istanbul,31-03-2024,08-04-2025,Family,Car,5,3336.39,4
TRIP03213,USER8153,Sydney,09-02-2025,29-03-2025,Family,Flight,1,4702.37,3
TRIP03214,USER3375,Rome,14-08-2024,20-02-2025,Family,Train,4,566.69,8
TRIP03215,USER5804,New York,11-03-2025,16-03-2025,Beach,Car,4,3893.39,5
TRIP03216,USER2377,Istanbul,18-09-2024,04-03-2025,Beach,Train,1,1197.33,10
TRIP03217,USER7073,Dubai,09-10-2024,24-03-2025,Leisure,Car,4,663.83,5
TRIP03218,USER2421,London,07-01-2025,05-03-2025,Cultural,Cruise,2,3407.02,1
TRIP03219,USER2140,Barcelona,27-03-2024,13-08-2024,Leisure,Flight,2,3580.11,2
TRIP03220,USER5731,Bangkok,28-12-2024,07-04-2025,Leisure,Flight,2,3283.37,2
TRIP03221,USER3260,Istanbul,12-04-2024,26-04-2024,Adventure,Flight,5,2759.1,1
TRIP03222,USER1139,Sydney,07-12-2024,29-01-2025,Cultural,Flight,4,4721.53,7
TRIP03223,USER9532,Paris,20-02-2025,11-03-2025,Beach,Train,1,4641.39,6
TRIP03224,USER5823,Dubai,12-01-2025,18-03-2025,Adventure,Car,5,1157.4,4
TRIP03225,USER6528,Istanbul,03-03-2025,13-03-2025,Leisure,Bus,3,3740.02,4
TRIP03226,USER1350,Barcelona,03-07-2024,28-09-2024,Cultural,Train,5,3845.14,10
TRIP03227,USER2933,Istanbul,10-08-2024,15-01-2025,Adventure,Flight,1,1729.29,6
TRIP03228,USER7945,Tokyo,26-03-2024,06-10-2024,Beach,Bus,5,705.25,10
TRIP03229,USER6101,Sydney,19-06-2024,21-01-2025,Adventure,Flight,3,3153.54,10
TRIP03230,USER4644,London,15-12-2024,30-03-2025,Family,Bus,4,1980.23,1
TRIP03231,USER5709,New York,22-07-2024,25-03-2025,Family,Bus,1,4512.17,10
TRIP03232,USER4548,London,10-05-2024,31-08-2024,Business,Car,4,2264.8,1
TRIP03233,USER1855,Bangkok,07-09-2024,03-12-2024,Beach,Bus,5,1310.9,2
TRIP03234,USER4531,New York,01-04-2024,23-04-2024,Beach,Train,5,4814.28,10
TRIP03235,USER8194,Istanbul,27-11-2024,28-12-2024,Cultural,Train,3,660.7,3
TRIP03236,USER6065,Tokyo,18-02-2025,05-03-2025,Adventure,Bus,1,2248.95,9
TRIP03237,USER5826,Paris,18-02-2025,12-04-2025,Beach,Cruise,2,4477.08,4
TRIP03238,USER7114,Paris,25-09-2024,02-10-2024,Beach,Car,3,675.46,6
TRIP03239,USER5585,Rome,15-11-2024,04-03-2025,Beach,Train,4,4282.64,5
TRIP03240,USER3824,Barcelona,30-09-2024,05-04-2025,Cultural,Bus,3,1639.53,5
TRIP03241,USER3096,New York,09-10-2024,10-01-2025,Leisure,Cruise,5,1290.23,8
TRIP03242,USER6932,London,29-12-2024,19-03-2025,Beach,Train,4,2873.71,4
TRIP03243,USER5150,Barcelona,14-12-2024,28-03-2025,Cultural,Flight,2,2594.1,10
TRIP03244,USER9997,Tokyo,05-11-2024,02-03-2025,Beach,Train,4,4973.93,10
TRIP03245,USER6613,Paris,17-01-2025,08-04-2025,Leisure,Bus,3,598.56,1
TRIP03246,USER5873,Dubai,03-09-2024,07-12-2024,Adventure,Train,2,1275.29,6
TRIP03247,USER1033,Istanbul,02-02-2025,03-03-2025,Leisure,Cruise,5,4352.62,5
TRIP03248,USER5320,Tokyo,16-12-2024,12-03-2025,Family,Cruise,1,1132.51,8
TRIP03249,USER7914,London,15-01-2025,18-02-2025,Business,Bus,1,535.43,7
TRIP03250,USER4049,Rome,06-11-2024,12-01-2025,Cultural,Bus,4,1753.51,5
TRIP03251,USER1306,Rome,22-03-2024,26-06-2024,Leisure,Bus,5,3459.77,9
TRIP03252,USER2336,Barcelona,15-04-2024,01-11-2024,Business,Cruise,3,4467.44,1
TRIP03253,USER1714,Istanbul,01-09-2024,10-02-2025,Leisure,Cruise,1,2617.85,9
TRIP03254,USER3732,Istanbul,07-12-2024,22-02-2025,Family,Train,5,781.22,2
TRIP03255,USER6770,Rome,27-01-2025,25-02-2025,Beach,Cruise,4,1646.39,4
TRIP03256,USER6085,Tokyo,12-03-2025,28-03-2025,Beach,Cruise,4,4876.87,9
TRIP03257,USER5783,New York,16-06-2024,20-02-2025,Adventure,Flight,1,1201.77,9
TRIP03258,USER9631,Rome,06-05-2024,06-08-2024,Adventure,Cruise,3,1393.22,5
TRIP03259,USER8148,Barcelona,05-04-2024,30-11-2024,Cultural,Flight,3,3738.97,4
TRIP03260,USER3167,Dubai,27-02-2025,07-03-2025,Leisure,Car,1,2947.72,10
TRIP03261,USER2591,Dubai,03-05-2024,11-07-2024,Family,Bus,2,2066.46,5
TRIP03262,USER2579,Bangkok,12-03-2025,08-04-2025,Family,Train,1,3022.35,5
TRIP03263,USER7626,Bangkok,01-12-2024,11-02-2025,Beach,Flight,1,1734.93,9
TRIP03264,USER9835,Barcelona,22-07-2024,15-02-2025,Family,Flight,4,2927.96,7
TRIP03265,USER2942,Paris,19-12-2024,22-02-2025,Cultural,Cruise,5,721.21,3
TRIP03266,USER8399,London,09-07-2024,18-12-2024,Leisure,Cruise,3,3525.84,2
TRIP03267,USER9934,Dubai,04-08-2024,02-11-2024,Family,Bus,5,3152.97,6
TRIP03268,USER9855,New York,13-01-2025,24-02-2025,Leisure,Train,2,3809.79,8
TRIP03269,USER1606,Rome,13-04-2024,29-01-2025,Family,Flight,5,3551.32,3
TRIP03270,USER6067,Barcelona,17-09-2024,07-11-2024,Beach,Cruise,4,3329.88,9
TRIP03271,USER6196,Tokyo,10-05-2024,02-03-2025,Leisure,Car,3,4304.31,5
TRIP03272,USER7831,London,16-08-2024,26-03-2025,Leisure,Train,3,4267.67,8
TRIP03273,USER6141,New York,03-09-2024,21-10-2024,Adventure,Bus,5,1918.78,3
TRIP03274,USER5071,Paris,26-01-2025,06-04-2025,Family,Cruise,1,2253.27,5
TRIP03275,USER5525,Bangkok,15-07-2024,04-02-2025,Beach,Train,5,1246.04,2
TRIP03276,USER3404,Sydney,22-09-2024,09-11-2024,Beach,Car,5,2299.6,2
TRIP03277,USER7587,Dubai,22-02-2025,23-03-2025,Leisure,Cruise,5,4999.32,2
TRIP03278,USER2797,Dubai,06-03-2025,06-03-2025,Adventure,Car,2,1508.18,8
TRIP03279,USER2627,Bangkok,06-04-2024,25-07-2024,Leisure,Bus,2,1174.38,10
TRIP03280,USER9388,Dubai,10-07-2024,02-08-2024,Cultural,Flight,4,4455.68,7
TRIP03281,USER1304,Rome,16-11-2024,03-03-2025,Adventure,Bus,1,1054.5,5
TRIP03282,USER8313,Tokyo,12-12-2024,03-03-2025,Adventure,Train,1,550.75,6
TRIP03283,USER9310,Paris,11-09-2024,07-10-2024,Family,Bus,1,2815.14,1
TRIP03284,USER7532,Rome,10-01-2025,23-02-2025,Beach,Train,3,3050.4,4
TRIP03285,USER1139,New York,14-02-2025,24-02-2025,Cultural,Train,4,4957.6,7
TRIP03286,USER8160,Tokyo,17-07-2024,22-03-2025,Leisure,Bus,1,4285.37,7
TRIP03287,USER7071,Tokyo,17-04-2024,01-09-2024,Leisure,Car,5,4456.57,4
TRIP03288,USER8155,Barcelona,06-06-2024,25-10-2024,Adventure,Cruise,1,3679.45,1
TRIP03289,USER2308,Paris,03-08-2024,23-08-2024,Business,Bus,3,4681.08,8
TRIP03290,USER5531,Bangkok,31-01-2025,14-02-2025,Leisure,Flight,2,3185.48,8
TRIP03291,USER6130,New York,07-09-2024,29-09-2024,Adventure,Flight,5,938.37,9
TRIP03292,USER9382,Bangkok,16-12-2024,02-04-2025,Leisure,Train,4,4546.69,3
TRIP03293,USER4170,New York,13-11-2024,09-01-2025,Adventure,Cruise,3,1930.23,9
TRIP03294,USER8244,Bangkok,25-09-2024,22-10-2024,Family,Flight,1,508.06,6
TRIP03295,USER2179,Dubai,28-09-2024,03-10-2024,Adventure,Bus,5,4693.79,7
TRIP03296,USER8804,Rome,23-03-2024,07-11-2024,Adventure,Bus,4,2617.2,1
TRIP03297,USER7240,Istanbul,24-04-2024,20-06-2024,Business,Bus,1,4675.91,1
TRIP03298,USER1178,Dubai,16-02-2025,21-03-2025,Leisure,Cruise,4,1853.86,10
TRIP03300,USER3981,Tokyo,30-03-2024,06-08-2024,Beach,Bus,5,4274.24,8
TRIP03301,USER8734,Sydney,28-01-2025,11-04-2025,Family,Car,4,3214.34,1
TRIP03302,USER7721,Paris,07-05-2024,30-07-2024,Adventure,Train,4,1827.5,7
TRIP03303,USER5357,New York,06-03-2025,20-03-2025,Adventure,Bus,2,4115.54,7
TRIP03304,USER6983,Barcelona,11-05-2024,11-05-2024,Business,Car,5,3748.57,9
TRIP03305,USER4882,London,10-04-2024,02-01-2025,Family,Car,3,4652.01,10
TRIP03306,USER4966,Barcelona,06-09-2024,17-10-2024,Family,Cruise,1,4715.94,5
TRIP03307,USER5263,London,02-06-2024,20-06-2024,Adventure,Flight,3,1663.41,7
TRIP03308,USER5097,Barcelona,06-01-2025,31-01-2025,Cultural,Cruise,3,1379.2,7
TRIP03309,USER1601,Bangkok,15-01-2025,23-02-2025,Beach,Flight,1,1486.5,10
TRIP03310,USER6874,Istanbul,15-12-2024,24-02-2025,Cultural,Cruise,3,2130.22,1
TRIP03311,USER3007,Bangkok,06-11-2024,28-02-2025,Leisure,Flight,2,2347.44,5
TRIP03312,USER3699,Dubai,24-11-2024,26-01-2025,Family,Train,5,2151.97,8
TRIP03313,USER8493,Rome,18-06-2024,16-07-2024,Business,Flight,2,2383.08,3
TRIP03314,USER7756,Paris,31-03-2024,10-07-2024,Leisure,Cruise,3,2956.77,4
TRIP03315,USER7090,Sydney,12-05-2024,29-09-2024,Cultural,Car,4,559.24,4
TRIP03316,USER8528,Paris,05-11-2024,11-01-2025,Business,Cruise,5,3287.27,3
TRIP03317,USER2090,Rome,15-04-2024,28-11-2024,Family,Flight,5,2578.48,9
TRIP03318,USER3204,Istanbul,11-09-2024,19-09-2024,Cultural,Train,4,2169.09,4
TRIP03319,USER3279,New York,28-08-2024,18-12-2024,Business,Car,5,602.6,10
TRIP03320,USER9091,Sydney,07-11-2024,03-03-2025,Business,Train,2,773.92,3
TRIP03321,USER1437,Paris,15-12-2024,08-03-2025,Beach,Car,2,3156.52,1
TRIP03322,USER8236,Sydney,27-09-2024,22-03-2025,Cultural,Bus,2,2371.51,5
TRIP03323,USER5846,Istanbul,20-09-2024,27-10-2024,Adventure,Car,1,3744.3,8
TRIP03324,USER4783,Rome,12-12-2024,14-12-2024,Adventure,Train,5,3212.99,7
TRIP03325,USER5806,Rome,11-12-2024,16-01-2025,Family,Train,3,1774.28,7
TRIP03326,USER3956,Tokyo,27-02-2025,03-04-2025,Beach,Cruise,4,2230.63,10
TRIP03327,USER2689,Istanbul,01-06-2024,23-02-2025,Leisure,Flight,3,1488.5,1
TRIP03328,USER7288,Paris,05-05-2024,17-10-2024,Business,Train,4,1576.49,3
TRIP03329,USER2839,Tokyo,05-01-2025,22-02-2025,Leisure,Train,1,1102.62,5
TRIP03330,USER8338,Rome,29-04-2024,15-06-2024,Adventure,Bus,1,520.71,6
TRIP03331,USER6045,Bangkok,22-07-2024,19-03-2025,Beach,Cruise,4,1874.68,10
TRIP03332,USER8564,Dubai,03-03-2025,16-03-2025,Adventure,Car,5,2957.93,4
TRIP03333,USER8271,Tokyo,02-01-2025,02-01-2025,Business,Train,5,1973.38,7
TRIP03334,USER6119,Istanbul,06-01-2025,18-03-2025,Adventure,Cruise,1,1379.05,3
TRIP03335,USER6435,Paris,05-07-2024,03-02-2025,Beach,Flight,2,3175.01,1
TRIP03336,USER4782,Bangkok,10-07-2024,18-08-2024,Leisure,Car,1,2818.45,9
TRIP03337,USER9174,Istanbul,08-10-2024,10-11-2024,Beach,Cruise,3,4377.6,10
TRIP03338,USER3518,Sydney,22-09-2024,09-04-2025,Leisure,Cruise,1,3143.55,5
TRIP03339,USER4151,Sydney,26-07-2024,14-09-2024,Business,Train,2,606.11,1
TRIP03340,USER8159,London,23-01-2025,23-02-2025,Adventure,Bus,2,2220.04,3
TRIP03341,USER2768,London,09-06-2024,02-09-2024,Beach,Car,4,1585.64,8
TRIP03342,USER5086,Barcelona,04-05-2024,02-02-2025,Family,Train,5,3564.02,6
TRIP03343,USER8757,New York,25-12-2024,30-12-2024,Cultural,Car,1,3908.44,1
TRIP03344,USER3491,Barcelona,18-09-2024,10-11-2024,Beach,Car,5,3307.01,6
TRIP03345,USER4382,Rome,02-07-2024,05-08-2024,Business,Cruise,4,3262.69,7
TRIP03346,USER6919,London,26-10-2024,18-01-2025,Beach,Bus,4,1248.51,10
TRIP03347,USER8730,Tokyo,19-03-2024,20-07-2024,Cultural,Flight,5,1942.32,10
TRIP03348,USER8003,London,10-03-2025,07-04-2025,Beach,Train,5,3648.84,5
TRIP03349,USER2839,Tokyo,24-09-2024,06-12-2024,Beach,Cruise,3,1184.73,1
TRIP03350,USER3218,Sydney,13-09-2024,09-10-2024,Cultural,Train,1,3954.95,7
TRIP03351,USER1648,London,16-11-2024,15-04-2025,Leisure,Car,5,4208.19,10
TRIP03352,USER1422,New York,25-04-2024,06-08-2024,Adventure,Flight,3,517.58,3
TRIP03353,USER8913,Tokyo,13-04-2024,16-11-2024,Beach,Bus,2,1954.44,9
TRIP03354,USER9549,Dubai,05-03-2025,20-03-2025,Business,Car,2,4468.92,6
TRIP03355,USER9500,Rome,21-02-2025,14-04-2025,Beach,Train,4,872.72,2
TRIP03356,USER3909,Dubai,16-03-2025,22-03-2025,Leisure,Flight,1,816.65,1
TRIP03357,USER1867,Sydney,21-06-2024,31-07-2024,Adventure,Bus,5,2415.93,9
TRIP03358,USER7418,Dubai,11-03-2025,11-03-2025,Family,Flight,4,752.8,1
TRIP03359,USER2359,Rome,03-02-2025,25-03-2025,Beach,Car,3,4062.3,9
TRIP03360,USER6049,New York,08-10-2024,02-11-2024,Adventure,Train,3,895.56,6
TRIP03361,USER2621,Paris,07-12-2024,16-12-2024,Leisure,Cruise,4,1773.57,2
TRIP03362,USER2366,Istanbul,27-05-2024,26-07-2024,Adventure,Cruise,3,2382.62,1
TRIP03363,USER9622,Rome,08-07-2024,30-03-2025,Beach,Car,5,1226.92,10
TRIP03364,USER6732,Sydney,03-04-2024,21-04-2024,Business,Flight,1,1364.31,3
TRIP03365,USER6564,Rome,18-08-2024,16-11-2024,Beach,Car,3,2258.97,3
TRIP03366,USER3588,Dubai,05-05-2024,27-11-2024,Leisure,Flight,4,1607.6,3
TRIP03367,USER3397,Istanbul,19-06-2024,11-08-2024,Leisure,Flight,1,2410.49,7
TRIP03368,USER8873,Paris,29-04-2024,02-05-2024,Business,Flight,1,1563.18,3
TRIP03369,USER4859,New York,22-02-2025,13-04-2025,Beach,Cruise,5,4850.34,7
TRIP03370,USER1762,London,26-04-2024,17-03-2025,Adventure,Flight,1,4195.14,3
TRIP03371,USER3139,Bangkok,05-08-2024,14-10-2024,Adventure,Cruise,2,2222.94,2
TRIP03372,USER9084,Paris,31-03-2024,06-12-2024,Cultural,Bus,2,2121.97,4
TRIP03373,USER9860,Istanbul,26-03-2024,04-11-2024,Family,Train,2,4451.54,5
TRIP03374,USER3848,Rome,05-11-2024,04-02-2025,Cultural,Train,5,1585.59,3
TRIP03375,USER3166,Istanbul,22-05-2024,29-01-2025,Leisure,Bus,5,2795.75,6
TRIP03376,USER5617,New York,25-06-2024,16-03-2025,Family,Flight,2,732.37,4
TRIP03377,USER9440,London,09-04-2024,02-01-2025,Business,Car,3,1408.28,1
TRIP03378,USER9735,New York,15-11-2024,07-02-2025,Cultural,Flight,3,4777.99,4
TRIP03379,USER2976,Bangkok,27-10-2024,09-04-2025,Business,Bus,3,1776.73,10
TRIP03380,USER5673,Rome,24-09-2024,24-10-2024,Business,Car,2,3377.36,7
TRIP03381,USER4105,London,06-11-2024,10-01-2025,Adventure,Cruise,2,1024.36,6
TRIP03382,USER3918,Rome,28-11-2024,26-03-2025,Cultural,Train,2,3501.66,10
TRIP03383,USER6257,New York,13-08-2024,28-10-2024,Business,Flight,4,3931.72,6
TRIP03384,USER9550,Bangkok,23-03-2024,28-12-2024,Family,Car,5,4875.73,1
TRIP03385,USER1123,Dubai,19-10-2024,26-03-2025,Leisure,Car,1,3824.57,7
TRIP03386,USER9337,Bangkok,29-04-2024,25-02-2025,Business,Cruise,4,1741.27,5
TRIP03387,USER8375,Istanbul,19-01-2025,13-02-2025,Business,Car,4,4665.27,5
TRIP03388,USER2353,Paris,28-12-2024,22-03-2025,Leisure,Car,1,1862.7,8
TRIP03389,USER6079,Rome,02-08-2024,16-10-2024,Business,Bus,3,1635.37,10
TRIP03390,USER2729,Istanbul,30-07-2024,12-04-2025,Business,Bus,3,2865.99,7
TRIP03391,USER9639,Bangkok,21-04-2024,29-07-2024,Leisure,Car,1,4435.09,3
TRIP03392,USER9697,Rome,07-10-2024,14-01-2025,Cultural,Cruise,1,4205.93,6
TRIP03393,USER2807,Rome,04-04-2024,11-04-2024,Family,Flight,3,4883.62,1
TRIP03394,USER6850,Rome,15-08-2024,18-09-2024,Cultural,Train,1,4032.42,10
TRIP03395,USER4657,Tokyo,10-06-2024,02-04-2025,Business,Bus,1,3761.43,10
TRIP03396,USER7700,Barcelona,16-12-2024,08-02-2025,Business,Cruise,2,2474.16,9
TRIP03397,USER1313,Tokyo,05-11-2024,15-01-2025,Beach,Train,3,4269.57,5
TRIP03398,USER8270,Paris,08-10-2024,03-01-2025,Leisure,Car,5,2624.64,10
TRIP03399,USER8748,Tokyo,29-09-2024,30-11-2024,Business,Train,4,879.93,3
TRIP03400,USER5896,New York,29-09-2024,18-03-2025,Business,Car,4,1347.2,3
TRIP03401,USER2769,London,02-01-2025,23-02-2025,Business,Train,4,4190.63,1
TRIP03402,USER2253,Rome,15-04-2024,28-10-2024,Beach,Car,5,2172.07,4
TRIP03403,USER9859,Rome,25-06-2024,12-04-2025,Cultural,Cruise,2,2663.91,4
TRIP03404,USER1580,London,10-05-2024,12-11-2024,Cultural,Train,5,1143.13,8
TRIP03405,USER2554,Istanbul,08-05-2024,22-06-2024,Beach,Train,5,3849.84,6
TRIP03406,USER2486,Istanbul,23-12-2024,08-04-2025,Family,Flight,3,4984.03,3
TRIP03407,USER5533,Bangkok,15-05-2024,14-10-2024,Leisure,Bus,4,4977.23,6
TRIP03408,USER2082,Rome,18-03-2024,20-09-2024,Adventure,Bus,1,4327.69,8
TRIP03409,USER7047,Paris,18-05-2024,14-09-2024,Leisure,Bus,2,1691.37,1
TRIP03410,USER2987,New York,01-01-2025,13-01-2025,Adventure,Flight,4,4303.67,5
TRIP03411,USER8233,Bangkok,25-01-2025,07-04-2025,Adventure,Train,1,4950.5,1
TRIP03412,USER1696,Dubai,10-02-2025,13-04-2025,Cultural,Flight,1,4051.27,10
TRIP03413,USER2993,Sydney,19-04-2024,24-03-2025,Cultural,Flight,1,4842.46,1
TRIP03414,USER8607,Bangkok,23-10-2024,14-01-2025,Family,Bus,5,2226.75,10
TRIP03415,USER3262,New York,02-07-2024,16-11-2024,Leisure,Train,1,2804.2,3
TRIP03416,USER2527,Dubai,14-09-2024,01-04-2025,Beach,Cruise,1,3546.36,1
TRIP03417,USER8611,London,04-06-2024,19-10-2024,Adventure,Bus,4,2172.6,5
TRIP03418,USER8163,New York,06-07-2024,24-08-2024,Business,Cruise,3,715.76,10
TRIP03419,USER4424,Dubai,04-04-2024,02-09-2024,Business,Cruise,1,4063.99,7
TRIP03420,USER7481,Sydney,19-06-2024,17-07-2024,Leisure,Car,1,3109.7,3
TRIP03421,USER2312,New York,25-08-2024,23-02-2025,Adventure,Car,1,1858.47,10
TRIP03422,USER2795,London,13-09-2024,13-11-2024,Leisure,Cruise,2,4918.34,5
TRIP03423,USER4552,Dubai,21-01-2025,10-03-2025,Cultural,Car,5,1764.2,10
TRIP03424,USER1439,Bangkok,29-12-2024,08-03-2025,Beach,Car,5,3106.23,9
TRIP03425,USER2721,Istanbul,21-05-2024,23-05-2024,Leisure,Train,4,4136.06,1
TRIP03426,USER1135,Paris,29-07-2024,30-10-2024,Cultural,Bus,5,1617.78,9
TRIP03427,USER5713,Istanbul,25-07-2024,24-03-2025,Beach,Cruise,5,4093.29,1
TRIP03428,USER5987,Tokyo,12-11-2024,06-12-2024,Adventure,Flight,3,1368.91,3
TRIP03429,USER6988,Paris,01-01-2025,04-01-2025,Beach,Bus,3,2230.04,5
TRIP03430,USER6905,Istanbul,13-09-2024,22-01-2025,Leisure,Train,1,3141.93,5
TRIP03431,USER9418,London,23-12-2024,01-04-2025,Cultural,Cruise,2,1243.86,3
TRIP03432,USER1278,Sydney,20-05-2024,28-07-2024,Leisure,Train,2,2347.91,2
TRIP03433,USER8208,Tokyo,29-05-2024,14-04-2025,Family,Car,4,4726.3,2
TRIP03434,USER6595,Dubai,26-03-2024,23-08-2024,Cultural,Flight,5,1293.04,5
TRIP03436,USER2328,London,26-07-2024,20-10-2024,Leisure,Cruise,4,729.2,4
TRIP03437,USER2099,Rome,25-09-2024,08-02-2025,Leisure,Flight,3,1476.05,5
TRIP03438,USER4494,Paris,01-05-2024,13-10-2024,Beach,Train,2,713.58,1
TRIP03439,USER5916,Istanbul,19-09-2024,06-01-2025,Cultural,Train,5,1347.81,3
TRIP03440,USER9407,Paris,06-04-2024,06-10-2024,Leisure,Train,5,2142.84,7
TRIP03441,USER8330,Tokyo,14-11-2024,12-01-2025,Beach,Bus,5,4456.94,10
TRIP03442,USER7792,Barcelona,27-03-2024,17-07-2024,Beach,Flight,4,1643.46,1
TRIP03443,USER3725,Dubai,03-07-2024,06-03-2025,Leisure,Train,4,3494.76,1
TRIP03444,USER8382,Rome,07-12-2024,18-12-2024,Beach,Train,5,849.15,6
TRIP03445,USER5636,Sydney,12-07-2024,16-08-2024,Family,Car,3,3558.55,1
TRIP03446,USER4617,New York,13-01-2025,22-01-2025,Business,Train,4,3409.56,9
TRIP03447,USER3415,Paris,19-05-2024,03-07-2024,Cultural,Car,2,3840.27,9
TRIP03448,USER9238,Rome,15-11-2024,06-12-2024,Cultural,Bus,3,1784.52,8
TRIP03449,USER9095,New York,21-08-2024,18-10-2024,Family,Flight,5,3917.08,7
TRIP03450,USER1472,Barcelona,31-08-2024,13-04-2025,Cultural,Train,4,976.38,5
TRIP03451,USER6875,Bangkok,18-03-2024,24-04-2024,Adventure,Cruise,4,2278.32,1
TRIP03452,USER1793,Paris,25-02-2025,07-03-2025,Business,Cruise,4,4318.32,6
TRIP03453,USER6848,Sydney,13-08-2024,14-01-2025,Beach,Flight,3,4950.98,6
TRIP03454,USER6390,Rome,28-08-2024,06-11-2024,Leisure,Car,5,913.02,2
TRIP03455,USER3801,Barcelona,01-11-2024,30-12-2024,Cultural,Train,2,2138.09,6
TRIP03456,USER7902,Rome,24-10-2024,27-12-2024,Family,Bus,5,4347.07,10
TRIP03457,USER7044,London,11-09-2024,11-03-2025,Adventure,Bus,4,2578.44,7
TRIP03458,USER8341,Istanbul,28-10-2024,17-02-2025,Family,Bus,5,3127.65,6
TRIP03459,USER7449,Barcelona,24-04-2024,15-08-2024,Cultural,Car,4,1555.92,4
TRIP03460,USER1202,Dubai,14-09-2024,13-02-2025,Family,Flight,4,4979.48,6
TRIP03461,USER3473,Paris,05-08-2024,10-09-2024,Adventure,Flight,2,4540.46,6
TRIP03462,USER7154,Sydney,24-09-2024,08-03-2025,Family,Bus,3,3495.37,9
TRIP03463,USER6275,New York,02-02-2025,05-02-2025,Cultural,Train,4,4381.38,7
TRIP03464,USER6189,Barcelona,26-09-2024,10-03-2025,Cultural,Cruise,3,2902.21,6
TRIP03465,USER4124,Sydney,28-06-2024,21-11-2024,Beach,Bus,5,4883.84,7
TRIP03466,USER2169,Rome,22-01-2025,03-03-2025,Adventure,Cruise,4,4467.51,7
TRIP03467,USER7344,Barcelona,25-02-2025,21-03-2025,Family,Car,2,3134.71,6
TRIP03468,USER3001,London,29-12-2024,07-01-2025,Cultural,Train,3,3880.43,2
TRIP03469,USER3969,Sydney,10-06-2024,29-12-2024,Cultural,Cruise,1,2968.03,9
TRIP03470,USER3744,Dubai,26-11-2024,09-02-2025,Business,Cruise,4,1024.37,10
TRIP03471,USER7128,London,17-05-2024,23-12-2024,Family,Bus,2,868.5,6
TRIP03472,USER7095,Paris,14-10-2024,27-01-2025,Beach,Train,4,2069.52,1
TRIP03473,USER7723,Dubai,27-03-2024,24-10-2024,Business,Train,2,4238.51,8
TRIP03474,USER3681,Istanbul,04-07-2024,26-09-2024,Beach,Cruise,2,4011.28,7
TRIP03475,USER8716,Paris,28-05-2024,18-11-2024,Family,Cruise,5,3789.89,2
TRIP03476,USER9132,Dubai,14-09-2024,23-02-2025,Family,Bus,5,3269.48,5
TRIP03477,USER9808,Dubai,08-12-2024,15-01-2025,Beach,Cruise,4,4764.65,8
TRIP03478,USER1449,Bangkok,28-04-2024,18-06-2024,Family,Bus,1,3425.74,8
TRIP03479,USER6709,Dubai,28-12-2024,23-01-2025,Beach,Flight,5,2055.81,6
TRIP03480,USER9919,Istanbul,12-09-2024,07-04-2025,Business,Car,2,4594.18,3
TRIP03481,USER1000,Istanbul,28-05-2024,12-04-2025,Family,Flight,1,2034.1,2
TRIP03482,USER9256,Bangkok,28-07-2024,09-09-2024,Cultural,Train,4,1350.28,7
TRIP03483,USER3907,New York,11-12-2024,24-12-2024,Leisure,Cruise,4,4483.56,9
TRIP03484,USER3960,Rome,06-05-2024,11-03-2025,Business,Train,2,794.52,5
TRIP03485,USER4869,Paris,10-06-2024,10-10-2024,Leisure,Cruise,3,4706.75,7
TRIP03486,USER7376,Sydney,25-05-2024,03-10-2024,Leisure,Train,1,4143.87,4
TRIP03487,USER3654,New York,26-04-2024,20-02-2025,Business,Cruise,3,1534.33,4
TRIP03488,USER3328,Bangkok,15-01-2025,15-01-2025,Adventure,Bus,4,4940.36,7
TRIP03489,USER6294,Bangkok,01-08-2024,03-04-2025,Adventure,Cruise,4,3013.26,3
TRIP03490,USER5843,Paris,13-03-2025,22-03-2025,Cultural,Bus,2,4299.98,5
TRIP03491,USER9224,Bangkok,06-03-2025,18-03-2025,Cultural,Bus,3,4554.68,2
TRIP03492,USER1404,Dubai,24-01-2025,13-04-2025,Beach,Car,2,1873.09,3
TRIP03493,USER6636,New York,02-11-2024,28-11-2024,Beach,Bus,2,1283.12,1
TRIP03494,USER6315,London,30-03-2024,22-09-2024,Cultural,Cruise,3,2117.65,6
TRIP03495,USER2944,Paris,27-07-2024,16-09-2024,Family,Cruise,1,513.27,9
TRIP03496,USER1044,Paris,28-05-2024,04-02-2025,Family,Flight,1,1413.21,1
TRIP03497,USER1927,Dubai,18-03-2024,15-11-2024,Adventure,Cruise,5,1073.73,1
TRIP03498,USER9573,Barcelona,06-03-2025,14-03-2025,Leisure,Train,1,2824.47,4
TRIP03499,USER8908,Tokyo,26-07-2024,03-02-2025,Beach,Flight,5,2229.86,1
TRIP03500,USER9877,New York,04-10-2024,12-11-2024,Beach,Bus,3,622.2,2
TRIP03501,USER9675,Barcelona,22-07-2024,02-01-2025,Business,Cruise,5,1597.96,4
TRIP03502,USER9636,Sydney,07-01-2025,14-02-2025,Cultural,Car,4,901.4,2
TRIP03503,USER3036,London,01-01-2025,14-03-2025,Cultural,Car,3,4110.35,8
TRIP03504,USER9212,Dubai,02-07-2024,11-03-2025,Adventure,Cruise,4,2662.21,8
TRIP03505,USER1484,Tokyo,20-09-2024,01-10-2024,Leisure,Flight,5,1806.4,10
TRIP03506,USER2887,Barcelona,30-03-2024,30-03-2024,Leisure,Bus,1,4881.12,4
TRIP03507,USER1946,Tokyo,29-11-2024,14-03-2025,Beach,Train,4,1029.9,1
TRIP03508,USER2630,New York,04-05-2024,14-07-2024,Business,Car,5,3937.19,2
TRIP03509,USER8013,Barcelona,02-12-2024,17-02-2025,Cultural,Flight,1,1648.37,9
TRIP03510,USER1966,London,23-10-2024,10-11-2024,Beach,Flight,5,3466.57,7
TRIP03511,USER4402,Bangkok,26-01-2025,15-04-2025,Business,Cruise,3,1019.68,7
TRIP03512,USER1485,Istanbul,17-07-2024,25-12-2024,Family,Car,5,2514.86,8
TRIP03513,USER4635,Rome,24-06-2024,16-08-2024,Family,Car,3,988.59,2
TRIP03514,USER9638,Tokyo,16-12-2024,23-01-2025,Beach,Bus,2,1166.02,7
TRIP03515,USER9859,Dubai,24-02-2025,11-03-2025,Leisure,Train,2,3284.89,3
TRIP03516,USER4792,Dubai,07-10-2024,09-03-2025,Family,Car,4,3977.21,9
TRIP03517,USER1650,London,30-09-2024,23-01-2025,Adventure,Car,5,4612.41,8
TRIP03518,USER4378,Barcelona,03-12-2024,15-02-2025,Leisure,Train,4,2484.8,5
TRIP03519,USER3919,London,07-02-2025,01-03-2025,Family,Flight,2,3000.4,6
TRIP03520,USER4792,Barcelona,21-12-2024,04-03-2025,Cultural,Cruise,5,3241.42,1
TRIP03521,USER4191,Bangkok,10-02-2025,15-02-2025,Cultural,Car,1,848.16,3
TRIP03522,USER7606,Istanbul,25-11-2024,14-12-2024,Family,Flight,1,1903.17,1
TRIP03523,USER3180,London,18-03-2024,23-07-2024,Business,Cruise,2,4263.3,8
TRIP03524,USER7873,Barcelona,04-12-2024,28-02-2025,Family,Car,4,1098.09,5
TRIP03525,USER4973,Istanbul,10-03-2025,28-03-2025,Leisure,Bus,3,2921.16,8
TRIP03527,USER5647,Istanbul,31-01-2025,22-03-2025,Beach,Bus,2,3742.69,1
TRIP03528,USER5338,Bangkok,22-02-2025,07-04-2025,Business,Flight,5,4959.15,9
TRIP03529,USER2791,Rome,24-01-2025,12-04-2025,Beach,Flight,4,3509.74,5
TRIP03530,USER9125,Dubai,23-01-2025,26-02-2025,Cultural,Car,4,3976.39,1
TRIP03531,USER3438,Bangkok,19-12-2024,06-04-2025,Business,Cruise,4,3664.83,3
TRIP03532,USER2813,Paris,14-06-2024,21-10-2024,Beach,Cruise,4,3293.15,6
TRIP03533,USER4488,London,30-12-2024,07-02-2025,Beach,Flight,3,572.82,6
TRIP03534,USER4862,New York,26-09-2024,25-11-2024,Family,Train,3,1043.73,5
TRIP03535,USER4005,Rome,28-09-2024,09-12-2024,Cultural,Train,1,1479.86,4
TRIP03536,USER6888,Sydney,03-11-2024,22-11-2024,Family,Bus,3,1783.67,5
TRIP03537,USER4640,Istanbul,24-01-2025,09-03-2025,Family,Flight,4,3456.89,6
TRIP03538,USER2219,Istanbul,11-04-2024,03-08-2024,Family,Bus,2,4691.94,3
TRIP03539,USER4541,Dubai,28-06-2024,01-01-2025,Cultural,Cruise,5,725.81,2
TRIP03540,USER3605,Tokyo,21-03-2024,15-04-2025,Business,Bus,3,4292.28,5
TRIP03541,USER8043,Barcelona,19-11-2024,01-12-2024,Leisure,Bus,3,2912.02,1
TRIP03542,USER4027,London,14-12-2024,20-02-2025,Beach,Car,5,2022.15,9
TRIP03543,USER8586,Istanbul,12-06-2024,28-10-2024,Cultural,Bus,4,2217.13,8
TRIP03544,USER5401,Barcelona,03-11-2024,12-12-2024,Leisure,Train,3,553.44,2
TRIP03545,USER8205,Tokyo,26-08-2024,23-10-2024,Leisure,Train,4,3526.92,9
TRIP03546,USER3578,Dubai,28-09-2024,15-11-2024,Cultural,Train,5,4057.73,8
TRIP03547,USER7865,Rome,07-11-2024,07-03-2025,Cultural,Car,1,590.17,9
TRIP03548,USER3548,New York,24-06-2024,30-10-2024,Beach,Cruise,4,3560.06,4
TRIP03549,USER6190,Bangkok,16-03-2024,01-05-2024,Leisure,Train,1,3341.67,2
TRIP03550,USER2124,Paris,03-11-2024,18-03-2025,Leisure,Bus,5,3021.84,9
TRIP03551,USER9940,London,19-04-2024,28-08-2024,Family,Bus,2,3046.02,4
TRIP03552,USER1546,London,12-10-2024,28-02-2025,Adventure,Flight,2,1258.97,3
TRIP03553,USER6770,Paris,25-07-2024,11-04-2025,Business,Train,2,4746.02,7
TRIP03554,USER6308,London,11-12-2024,02-01-2025,Cultural,Bus,5,4909.15,1
TRIP03555,USER8854,New York,05-10-2024,18-12-2024,Family,Flight,4,3598.7,9
TRIP03556,USER9569,Tokyo,02-06-2024,13-04-2025,Leisure,Flight,1,2774.69,10
TRIP03557,USER1041,Sydney,13-09-2024,21-02-2025,Beach,Bus,2,4817.05,8
TRIP03558,USER1348,Dubai,03-04-2024,14-04-2025,Cultural,Cruise,5,709.8,5
TRIP03559,USER4191,Barcelona,04-09-2024,22-01-2025,Beach,Car,2,927.12,10
TRIP03561,USER7080,Sydney,02-01-2025,21-02-2025,Adventure,Train,4,1049.54,6
TRIP03562,USER7661,Tokyo,29-05-2024,12-08-2024,Beach,Cruise,3,3018.03,8
TRIP03563,USER2866,Barcelona,03-08-2024,29-01-2025,Leisure,Cruise,5,2395.29,4
TRIP03564,USER3888,Paris,28-11-2024,30-12-2024,Family,Car,3,836.72,1
TRIP03565,USER4564,Sydney,24-08-2024,23-09-2024,Family,Car,5,3827.52,8
TRIP03566,USER3963,New York,01-05-2024,21-09-2024,Cultural,Bus,2,2371.32,3
TRIP03567,USER2513,Rome,09-08-2024,03-03-2025,Cultural,Flight,1,4736.26,8
TRIP03568,USER2084,Paris,24-06-2024,18-07-2024,Cultural,Bus,1,2695.85,1
TRIP03569,USER9936,London,10-09-2024,12-02-2025,Beach,Car,5,1241.13,2
TRIP03570,USER4144,Tokyo,23-10-2024,22-03-2025,Adventure,Car,3,4455.05,7
TRIP03572,USER3804,Dubai,20-10-2024,08-04-2025,Beach,Bus,2,1066.98,5
TRIP03573,USER8137,Sydney,09-01-2025,26-01-2025,Business,Train,3,1484.02,5
TRIP03574,USER2425,Rome,02-06-2024,24-03-2025,Business,Train,1,3341.14,1
TRIP03575,USER4902,Dubai,30-01-2025,08-03-2025,Family,Bus,5,4770.63,8
TRIP03576,USER8345,Istanbul,16-09-2024,07-12-2024,Family,Cruise,3,4415.98,8
TRIP03577,USER6237,Bangkok,07-10-2024,12-02-2025,Cultural,Train,1,2518.57,3
TRIP03578,USER2557,Istanbul,17-06-2024,19-08-2024,Adventure,Bus,2,3338.24,8
TRIP03579,USER3449,Bangkok,24-04-2024,24-09-2024,Adventure,Flight,2,4277.78,10
TRIP03580,USER2067,Rome,19-10-2024,01-03-2025,Beach,Cruise,1,1538.13,2
TRIP03581,USER3412,Barcelona,10-09-2024,04-03-2025,Adventure,Bus,2,2297.35,6
TRIP03582,USER3190,Rome,05-10-2024,05-02-2025,Beach,Cruise,1,3791.51,2
TRIP03583,USER7360,Istanbul,27-06-2024,19-07-2024,Business,Bus,3,1889.99,3
TRIP03584,USER8259,Istanbul,05-10-2024,08-12-2024,Leisure,Train,1,4135.16,6
TRIP03585,USER3927,London,20-12-2024,12-02-2025,Cultural,Bus,1,3858.81,10
TRIP03586,USER1129,Dubai,31-03-2024,26-05-2024,Beach,Car,4,3423.3,1
TRIP03587,USER1064,New York,15-03-2025,31-03-2025,Family,Car,1,4274.22,8
TRIP03588,USER2363,Paris,04-03-2025,05-04-2025,Adventure,Train,2,3956.29,8
TRIP03589,USER9513,Tokyo,04-05-2024,06-08-2024,Business,Train,3,1894.6,3
TRIP03590,USER9955,Rome,23-09-2024,28-03-2025,Beach,Train,5,1494.91,5
TRIP03591,USER6709,Istanbul,30-08-2024,07-02-2025,Beach,Bus,4,3813.25,6
TRIP03592,USER5070,Tokyo,12-11-2024,01-04-2025,Adventure,Train,4,1566.98,9
TRIP03593,USER2255,Barcelona,01-05-2024,19-07-2024,Adventure,Car,3,522.76,9
TRIP03594,USER8028,Tokyo,07-01-2025,26-02-2025,Leisure,Car,2,3650.76,3
TRIP03595,USER9763,Tokyo,31-07-2024,03-09-2024,Family,Bus,3,1155.19,10
TRIP03596,USER8632,Barcelona,16-11-2024,20-01-2025,Business,Car,4,2665.96,4
TRIP03597,USER7709,London,03-09-2024,17-03-2025,Family,Car,4,3719.93,8
TRIP03598,USER1973,Tokyo,09-02-2025,03-04-2025,Cultural,Flight,5,893.47,4
TRIP03599,USER8119,New York,17-08-2024,05-01-2025,Adventure,Cruise,1,4681.21,6
TRIP03600,USER2230,Rome,11-04-2024,29-12-2024,Leisure,Flight,1,3442.87,5
TRIP03601,USER7688,New York,10-10-2024,09-01-2025,Adventure,Bus,2,2204.59,10
TRIP03602,USER1233,Bangkok,16-06-2024,04-01-2025,Leisure,Car,1,581.58,5
TRIP03603,USER2794,Barcelona,04-02-2025,15-02-2025,Beach,Cruise,1,3188.8,8
TRIP03604,USER5504,Sydney,14-03-2025,21-03-2025,Family,Bus,1,942.8,6
TRIP03605,USER4560,New York,02-08-2024,15-04-2025,Leisure,Car,3,1215.39,2
TRIP03606,USER1410,Sydney,28-02-2025,03-04-2025,Cultural,Train,4,4692.23,3
TRIP03607,USER6866,Sydney,26-02-2025,06-04-2025,Cultural,Car,3,3571.66,2
TRIP03608,USER4630,London,03-04-2024,03-09-2024,Cultural,Train,2,4160.75,8
TRIP03609,USER8976,New York,03-11-2024,24-01-2025,Beach,Bus,4,4922.06,10
TRIP03610,USER7531,Istanbul,18-10-2024,05-04-2025,Business,Bus,1,3328.33,7
TRIP03611,USER5111,Tokyo,04-08-2024,05-12-2024,Leisure,Flight,3,874.2,6
TRIP03612,USER2313,Barcelona,01-04-2024,02-07-2024,Cultural,Train,5,3167.52,2
TRIP03613,USER2061,Tokyo,16-03-2025,18-03-2025,Leisure,Flight,2,895.02,10
TRIP03614,USER8962,Barcelona,16-11-2024,04-01-2025,Adventure,Cruise,2,4126.03,9
TRIP03615,USER3668,Rome,25-07-2024,13-01-2025,Beach,Car,2,2305.33,8
TRIP03616,USER2503,Barcelona,07-06-2024,15-01-2025,Family,Flight,5,3672.27,9
TRIP03617,USER4856,New York,19-06-2024,04-04-2025,Cultural,Car,2,1203.25,2
TRIP03618,USER1285,Sydney,22-04-2024,13-09-2024,Adventure,Train,5,791.72,4
TRIP03619,USER1460,New York,30-11-2024,24-03-2025,Cultural,Train,2,3912.02,1
TRIP03620,USER6163,Paris,23-02-2025,09-04-2025,Leisure,Flight,2,4584.48,5
TRIP03621,USER5966,New York,06-04-2024,15-06-2024,Adventure,Train,5,4193.59,6
TRIP03622,USER8319,Bangkok,03-06-2024,03-12-2024,Adventure,Car,4,1128.07,4
TRIP03623,USER9946,Rome,22-04-2024,27-10-2024,Business,Train,3,3981.82,6
TRIP03624,USER5932,London,14-03-2025,18-03-2025,Adventure,Bus,4,3046.72,1
TRIP03625,USER2474,Dubai,05-12-2024,22-01-2025,Cultural,Cruise,4,2245.39,10
TRIP03626,USER2347,Paris,22-05-2024,22-10-2024,Cultural,Flight,3,1098.73,1
TRIP03627,USER4263,London,18-03-2024,08-06-2024,Beach,Cruise,4,3250.01,5
TRIP03628,USER7981,London,22-07-2024,11-01-2025,Adventure,Train,5,1009.76,6
TRIP03629,USER8167,Sydney,30-07-2024,05-03-2025,Adventure,Bus,5,1041.26,3
TRIP03630,USER5534,Barcelona,23-11-2024,29-11-2024,Beach,Flight,1,3049.34,7
TRIP03631,USER4465,Bangkok,11-11-2024,10-04-2025,Cultural,Cruise,3,946.9,5
TRIP03632,USER1963,Tokyo,17-11-2024,16-03-2025,Business,Flight,2,4667.24,2
TRIP03633,USER5147,Tokyo,12-06-2024,26-09-2024,Cultural,Train,3,4511.69,10
TRIP03634,USER5653,Barcelona,15-12-2024,22-01-2025,Leisure,Cruise,3,4623.09,7
TRIP03635,USER2161,Dubai,23-11-2024,18-12-2024,Business,Flight,2,4750.91,1
TRIP03636,USER2606,Tokyo,25-03-2024,29-10-2024,Family,Car,3,697.02,6
TRIP03637,USER6587,Istanbul,25-06-2024,21-01-2025,Beach,Cruise,3,1137.87,10
TRIP03638,USER6495,Sydney,03-04-2024,04-02-2025,Cultural,Cruise,3,3502.25,10
TRIP03639,USER3869,Paris,17-02-2025,21-02-2025,Adventure,Car,3,2581.51,3
TRIP03640,USER7186,Sydney,01-09-2024,17-11-2024,Business,Car,4,1232.73,5
TRIP03641,USER2211,Dubai,03-05-2024,03-11-2024,Cultural,Flight,3,2033.8,4
TRIP03642,USER8921,Bangkok,18-03-2024,21-11-2024,Adventure,Bus,1,3292.28,1
TRIP03643,USER9421,Paris,17-11-2024,21-03-2025,Leisure,Car,1,1619.98,3
TRIP03644,USER4767,Barcelona,29-11-2024,20-03-2025,Business,Train,4,3068.68,9
TRIP03645,USER9164,Rome,19-07-2024,16-08-2024,Beach,Train,1,4499.69,7
TRIP03646,USER4441,London,09-02-2025,14-03-2025,Business,Cruise,4,4140.62,4
TRIP03647,USER8975,Tokyo,05-09-2024,28-01-2025,Adventure,Bus,3,2824.52,6
TRIP03648,USER6381,New York,03-08-2024,15-04-2025,Cultural,Bus,3,4520.56,9
TRIP03649,USER2645,Sydney,12-03-2025,17-03-2025,Beach,Bus,3,4721.22,6
TRIP03651,USER5734,Bangkok,10-08-2024,15-12-2024,Family,Bus,1,1072.5,10
TRIP03652,USER7435,Sydney,09-08-2024,22-09-2024,Cultural,Bus,2,1929.77,6
TRIP03653,USER3530,Paris,04-09-2024,29-03-2025,Beach,Flight,2,4873.98,1
TRIP03654,USER4959,Rome,11-09-2024,05-03-2025,Cultural,Bus,5,1309.67,10
TRIP03655,USER5841,Bangkok,16-04-2024,02-08-2024,Business,Car,1,2714.02,6
TRIP03656,USER9125,Bangkok,03-03-2025,24-03-2025,Business,Train,2,1317.32,1
TRIP03657,USER3559,London,16-03-2025,10-04-2025,Business,Flight,1,2181.27,6
TRIP03658,USER1301,Rome,11-03-2025,10-04-2025,Family,Flight,5,3249.49,4
TRIP03659,USER4445,Barcelona,27-09-2024,25-11-2024,Leisure,Bus,2,3931.22,10
TRIP03660,USER1283,Rome,19-06-2024,25-11-2024,Leisure,Cruise,1,1644.28,7
TRIP03661,USER8598,Istanbul,13-12-2024,27-12-2024,Family,Flight,3,1531.99,9
TRIP03662,USER5674,Istanbul,12-05-2024,16-06-2024,Beach,Car,5,1652.96,5
TRIP03663,USER6016,Barcelona,17-06-2024,20-03-2025,Beach,Car,4,609.12,8
TRIP03664,USER9778,Rome,02-05-2024,26-06-2024,Leisure,Flight,3,1502.16,7
TRIP03665,USER3207,Dubai,18-06-2024,14-08-2024,Leisure,Car,3,3198.93,8
TRIP03666,USER9894,Istanbul,25-02-2025,11-04-2025,Business,Train,5,1118.14,3
TRIP03667,USER3001,Bangkok,19-09-2024,17-01-2025,Beach,Flight,5,1991.14,2
TRIP03668,USER9986,Paris,09-07-2024,16-07-2024,Adventure,Bus,3,1937,5
TRIP03669,USER5297,Barcelona,02-09-2024,16-11-2024,Adventure,Car,4,4040.38,8
TRIP03671,USER5743,Bangkok,28-09-2024,04-11-2024,Leisure,Bus,1,1037.23,9
TRIP03672,USER3796,Rome,12-10-2024,28-01-2025,Leisure,Car,5,2886.49,4
TRIP03673,USER6851,Barcelona,15-02-2025,23-02-2025,Beach,Train,2,3902.29,1
TRIP03674,USER3120,Rome,22-10-2024,29-03-2025,Family,Flight,1,1004.23,4
TRIP03675,USER3131,Rome,29-05-2024,03-11-2024,Family,Train,2,3870.68,10
TRIP03676,USER7518,London,31-03-2024,10-04-2024,Business,Car,3,4724.24,3
TRIP03677,USER9421,London,02-06-2024,17-01-2025,Family,Flight,3,4441.96,5
TRIP03678,USER7888,Dubai,18-01-2025,06-02-2025,Business,Cruise,3,1868.15,1
TRIP03679,USER4445,New York,22-07-2024,14-12-2024,Beach,Car,1,4160.47,2
TRIP03680,USER1216,Paris,03-04-2024,05-03-2025,Adventure,Car,2,4129.86,5
TRIP03681,USER7491,Dubai,05-09-2024,13-09-2024,Family,Train,3,4227.38,8
TRIP03682,USER9333,Paris,19-02-2025,23-03-2025,Leisure,Train,2,4300.8,2
TRIP03683,USER7823,Rome,06-06-2024,02-04-2025,Beach,Flight,3,1796.45,5
TRIP03684,USER3741,Sydney,22-09-2024,30-09-2024,Beach,Flight,3,1708.39,10
TRIP03685,USER6617,Dubai,25-02-2025,04-03-2025,Family,Train,2,1379.62,4
TRIP03686,USER4860,Sydney,07-05-2024,15-02-2025,Leisure,Flight,2,3598.9,4
TRIP03687,USER2742,Barcelona,06-03-2025,08-04-2025,Beach,Car,2,1698.57,1
TRIP03688,USER5209,Istanbul,28-01-2025,31-01-2025,Cultural,Train,5,2349.56,3
TRIP03689,USER9119,Sydney,05-03-2025,07-04-2025,Business,Car,4,1856.19,9
TRIP03690,USER6155,Sydney,16-01-2025,10-03-2025,Beach,Flight,4,3346,8
TRIP03691,USER2712,Istanbul,14-08-2024,17-03-2025,Business,Car,1,3658.19,3
TRIP03692,USER6156,Bangkok,12-06-2024,23-08-2024,Business,Train,3,1451.01,2
TRIP03693,USER8776,London,03-03-2025,25-03-2025,Leisure,Car,2,1000.31,3
TRIP03694,USER9591,Barcelona,26-01-2025,10-03-2025,Family,Flight,5,3745.99,9
TRIP03695,USER2005,Sydney,14-10-2024,15-02-2025,Adventure,Cruise,5,2205.03,1
TRIP03696,USER3214,London,06-11-2024,23-11-2024,Cultural,Cruise,5,2242.81,5
TRIP03697,USER3720,Barcelona,14-02-2025,24-03-2025,Family,Flight,1,2266.69,4
TRIP03698,USER2256,London,08-12-2024,02-01-2025,Leisure,Flight,1,3347.18,8
TRIP03699,USER5401,Barcelona,26-10-2024,03-03-2025,Business,Flight,1,4852.16,8
TRIP03700,USER2238,Istanbul,17-04-2024,30-06-2024,Family,Cruise,5,1526.03,4
TRIP03701,USER3650,Rome,13-05-2024,13-04-2025,Family,Bus,1,2576.09,5
TRIP03702,USER6913,New York,16-03-2024,01-05-2024,Cultural,Flight,3,3004.67,3
TRIP03703,USER1709,Sydney,26-01-2025,14-04-2025,Family,Car,1,4175.27,8
TRIP03704,USER1307,Sydney,19-09-2024,11-12-2024,Business,Flight,4,3733.28,4
TRIP03705,USER6416,Sydney,22-06-2024,02-10-2024,Adventure,Flight,1,779.98,7
TRIP03706,USER9471,Rome,07-06-2024,12-04-2025,Leisure,Flight,2,4891.71,7
TRIP03707,USER8058,Barcelona,26-09-2024,25-12-2024,Adventure,Cruise,2,4718.34,3
TRIP03708,USER3691,London,12-05-2024,13-01-2025,Cultural,Flight,5,4198.09,5
TRIP03709,USER2505,Paris,30-09-2024,10-11-2024,Cultural,Car,2,3476.85,2
TRIP03710,USER5549,Rome,30-07-2024,22-12-2024,Beach,Train,4,1228.62,7
TRIP03711,USER2545,Sydney,29-05-2024,19-08-2024,Business,Cruise,4,4084.16,9
TRIP03712,USER9111,Bangkok,08-12-2024,02-01-2025,Adventure,Cruise,5,4803.69,7
TRIP03713,USER9884,Paris,01-09-2024,13-02-2025,Beach,Bus,3,1030.56,4
TRIP03714,USER4754,Istanbul,05-05-2024,08-06-2024,Leisure,Car,3,2134.81,6
TRIP03715,USER3818,Paris,18-06-2024,06-11-2024,Beach,Bus,2,847.32,4
TRIP03716,USER9648,Istanbul,13-01-2025,24-02-2025,Adventure,Cruise,2,4609.72,3
TRIP03717,USER1366,Istanbul,17-02-2025,11-04-2025,Adventure,Bus,5,516.64,10
TRIP03718,USER2304,Tokyo,16-08-2024,02-04-2025,Family,Bus,1,4700.48,8
TRIP03719,USER6447,Tokyo,13-07-2024,17-09-2024,Leisure,Car,3,2006.59,9
TRIP03720,USER7244,Istanbul,19-10-2024,30-10-2024,Business,Bus,1,3955.57,8
TRIP03721,USER7780,Rome,26-10-2024,02-12-2024,Family,Cruise,3,547.98,10
TRIP03722,USER5906,Istanbul,07-08-2024,30-11-2024,Family,Train,5,3235.35,10
TRIP03723,USER8447,Tokyo,09-06-2024,14-08-2024,Leisure,Flight,5,2086.05,8
TRIP03724,USER5813,Sydney,16-01-2025,17-01-2025,Cultural,Cruise,5,4851.83,1
TRIP03725,USER7771,Paris,07-04-2024,18-01-2025,Adventure,Cruise,2,2948.16,5
TRIP03726,USER6070,Paris,24-11-2024,07-12-2024,Family,Cruise,2,2482.44,7
TRIP03727,USER2681,London,21-04-2024,13-10-2024,Business,Flight,2,972.58,6
TRIP03728,USER3933,Barcelona,04-05-2024,19-11-2024,Cultural,Flight,1,2369.45,4
TRIP03729,USER2366,Barcelona,30-01-2025,11-02-2025,Family,Bus,3,3679.47,4
TRIP03730,USER3843,London,17-11-2024,31-12-2024,Cultural,Bus,4,4910.45,10
TRIP03731,USER1460,Dubai,31-10-2024,27-01-2025,Leisure,Car,2,4294.62,3
TRIP03732,USER4022,Bangkok,23-01-2025,15-02-2025,Family,Train,5,1558.95,2
TRIP03733,USER5544,Barcelona,31-01-2025,23-03-2025,Leisure,Train,5,1232.58,5
TRIP03734,USER7220,Rome,24-05-2024,23-10-2024,Leisure,Train,4,2998.47,1
TRIP03735,USER8313,Dubai,19-11-2024,01-12-2024,Beach,Bus,3,4621.75,1
TRIP03736,USER6988,Paris,11-06-2024,18-08-2024,Adventure,Flight,1,3951.18,2
TRIP03737,USER4635,Dubai,05-08-2024,11-03-2025,Family,Car,5,4675.19,8
TRIP03738,USER7017,New York,10-07-2024,14-11-2024,Adventure,Bus,5,4362.32,5
TRIP03739,USER2377,Sydney,07-07-2024,01-09-2024,Adventure,Car,3,2809.7,3
TRIP03740,USER3318,Bangkok,10-01-2025,29-03-2025,Leisure,Flight,4,1614.88,3
TRIP03741,USER9777,Sydney,27-05-2024,30-12-2024,Leisure,Flight,4,3594.29,5
TRIP03742,USER8288,Bangkok,05-08-2024,01-03-2025,Leisure,Car,2,2973.49,4
TRIP03743,USER4637,London,20-10-2024,08-11-2024,Cultural,Flight,1,1408.56,4
TRIP03744,USER7522,Istanbul,16-06-2024,06-12-2024,Business,Bus,2,1626.03,10
TRIP03745,USER4535,London,05-10-2024,07-04-2025,Cultural,Train,3,3264.79,5
TRIP03746,USER7609,Sydney,26-02-2025,12-03-2025,Business,Car,5,4049.43,2
TRIP03747,USER6374,London,05-10-2024,22-12-2024,Family,Train,1,1311.97,6
TRIP03748,USER1927,Barcelona,18-05-2024,09-12-2024,Adventure,Flight,2,4448.23,2
TRIP03749,USER2394,Barcelona,21-05-2024,05-03-2025,Beach,Cruise,3,4401.53,4
TRIP03750,USER2243,Rome,17-06-2024,15-11-2024,Business,Flight,3,3045.87,7
TRIP03751,USER5785,Rome,23-08-2024,02-12-2024,Family,Flight,5,1722.95,5
TRIP03752,USER5210,Rome,21-03-2024,31-03-2024,Family,Flight,4,3716.54,9
TRIP03753,USER5355,Rome,24-05-2024,23-07-2024,Business,Bus,1,2630.47,1
TRIP03754,USER5896,Sydney,09-07-2024,09-08-2024,Leisure,Cruise,3,1288.49,5
TRIP03755,USER9696,Sydney,02-06-2024,15-10-2024,Business,Car,4,2770.56,5
TRIP03756,USER1522,Paris,14-06-2024,12-07-2024,Adventure,Cruise,2,1669.67,9
TRIP03757,USER9850,Sydney,12-09-2024,22-11-2024,Family,Car,5,2422.52,9
TRIP03758,USER6677,Bangkok,11-01-2025,26-01-2025,Adventure,Train,2,2863.93,2
TRIP03759,USER6112,Paris,21-10-2024,09-12-2024,Beach,Train,1,790.79,7
TRIP03760,USER7422,London,10-09-2024,23-03-2025,Leisure,Flight,3,4856.64,10
TRIP03761,USER8467,Dubai,17-03-2024,25-03-2025,Family,Train,5,1831.66,2
TRIP03762,USER2336,Barcelona,08-01-2025,10-01-2025,Business,Flight,3,1763.21,7
TRIP03763,USER9545,Dubai,17-03-2024,08-05-2024,Leisure,Train,5,3891.71,1
TRIP03764,USER7281,Bangkok,13-04-2024,23-12-2024,Family,Bus,5,1124.55,3
TRIP03765,USER6465,Paris,12-01-2025,02-03-2025,Cultural,Car,3,3902.98,2
TRIP03766,USER8933,Dubai,21-05-2024,10-02-2025,Business,Car,4,3818.3,10
TRIP03767,USER3660,Barcelona,06-05-2024,03-02-2025,Family,Flight,3,2668.27,3
TRIP03768,USER8861,Tokyo,06-02-2025,19-02-2025,Leisure,Cruise,3,1313,10
TRIP03769,USER8532,Barcelona,22-10-2024,14-11-2024,Family,Cruise,5,1019.79,7
TRIP03770,USER4662,Istanbul,27-12-2024,03-04-2025,Cultural,Flight,5,965.16,10
TRIP03771,USER6558,Rome,02-05-2024,21-11-2024,Beach,Cruise,1,530.74,8
TRIP03772,USER2411,New York,18-07-2024,15-10-2024,Beach,Cruise,2,2564.28,7
TRIP03773,USER3698,London,14-05-2024,02-12-2024,Family,Train,1,1651.8,8
TRIP03774,USER9262,Bangkok,24-10-2024,14-03-2025,Adventure,Train,5,2305.66,9
TRIP03775,USER2541,Rome,22-02-2025,14-03-2025,Family,Train,3,4856.39,7
TRIP03776,USER8613,Bangkok,26-03-2024,14-05-2024,Beach,Flight,3,4294.56,8
TRIP03777,USER4312,New York,07-03-2025,23-03-2025,Family,Bus,4,4918.79,10
TRIP03778,USER2141,Barcelona,25-07-2024,06-09-2024,Beach,Train,2,4028.02,2
TRIP03779,USER7310,Rome,25-02-2025,25-03-2025,Leisure,Cruise,2,1518.47,10
TRIP03780,USER4929,London,20-09-2024,25-02-2025,Family,Train,2,1231.04,2
TRIP03781,USER4437,New York,06-09-2024,19-09-2024,Leisure,Cruise,4,3589.99,2
TRIP03782,USER8516,Istanbul,30-12-2024,07-02-2025,Family,Cruise,3,4381.7,3
TRIP03783,USER4109,Sydney,02-06-2024,16-09-2024,Adventure,Flight,3,1193.68,7
TRIP03784,USER3952,Paris,11-12-2024,15-01-2025,Beach,Car,4,1859.51,9
TRIP03785,USER7334,Rome,24-02-2025,05-03-2025,Leisure,Flight,2,2199.91,5
TRIP03786,USER9088,Tokyo,20-08-2024,09-01-2025,Leisure,Cruise,4,3999.51,9
TRIP03787,USER5515,New York,14-05-2024,31-07-2024,Beach,Flight,2,864.53,9
TRIP03788,USER9816,Rome,28-01-2025,29-01-2025,Beach,Car,2,1212.79,10
TRIP03789,USER4093,Sydney,05-07-2024,25-10-2024,Business,Car,3,4842.2,10
TRIP03790,USER1196,Rome,23-05-2024,01-10-2024,Adventure,Bus,1,2497.81,8
TRIP03791,USER6407,New York,28-01-2025,26-03-2025,Adventure,Car,3,3622.72,1
TRIP03792,USER7278,London,07-06-2024,13-04-2025,Family,Train,2,2567.07,2
TRIP03793,USER9751,Tokyo,09-11-2024,05-04-2025,Beach,Cruise,4,3725.42,2
TRIP03794,USER5061,Rome,02-12-2024,27-12-2024,Family,Cruise,3,631.06,3
TRIP03795,USER3692,Rome,12-04-2024,07-09-2024,Leisure,Bus,1,2052.12,2
TRIP03796,USER3748,Paris,30-04-2024,30-09-2024,Adventure,Bus,3,1602.18,10
TRIP03797,USER2340,Bangkok,12-03-2025,30-03-2025,Adventure,Flight,5,2665.89,7
TRIP03798,USER6696,Dubai,20-12-2024,19-03-2025,Adventure,Flight,2,2968.65,3
TRIP03799,USER2877,Dubai,16-03-2024,08-11-2024,Business,Bus,1,1660.17,8
TRIP03800,USER4643,Tokyo,08-06-2024,08-03-2025,Adventure,Car,3,574.6,5
TRIP03801,USER4480,Bangkok,27-03-2024,03-04-2024,Adventure,Bus,4,2420.01,1
TRIP03802,USER2079,Istanbul,08-04-2024,20-03-2025,Leisure,Train,3,4003.9,2
TRIP03803,USER5366,Paris,07-05-2024,27-10-2024,Beach,Bus,4,3342.19,1
TRIP03804,USER2227,New York,30-05-2024,03-06-2024,Cultural,Flight,5,4027.5,10
TRIP03805,USER4388,Sydney,02-08-2024,20-11-2024,Cultural,Bus,2,3030.54,5
TRIP03806,USER6119,Sydney,19-01-2025,12-02-2025,Business,Flight,2,2827.55,7
TRIP03807,USER1969,Dubai,16-06-2024,15-10-2024,Adventure,Flight,5,4268.85,9
TRIP03808,USER4904,Tokyo,19-01-2025,17-03-2025,Cultural,Flight,1,4254.59,1
TRIP03809,USER4535,Barcelona,06-11-2024,07-04-2025,Beach,Bus,1,2188.52,1
TRIP03810,USER2694,Sydney,03-06-2024,10-07-2024,Family,Car,3,3143.13,8
TRIP03811,USER9969,Tokyo,27-04-2024,21-05-2024,Adventure,Train,4,3782.82,5
TRIP03812,USER8966,Dubai,25-06-2024,02-11-2024,Cultural,Car,2,4570.22,3
TRIP03813,USER5046,Rome,23-01-2025,12-03-2025,Adventure,Cruise,1,3899.71,4
TRIP03814,USER7268,Barcelona,07-10-2024,09-03-2025,Family,Bus,2,4121.84,10
TRIP03815,USER8055,Istanbul,08-02-2025,16-03-2025,Adventure,Cruise,3,4165.98,2
TRIP03816,USER6225,Bangkok,27-01-2025,23-02-2025,Leisure,Bus,3,884.47,3
TRIP03817,USER3748,Istanbul,09-01-2025,30-01-2025,Adventure,Flight,2,2596.47,9
TRIP03818,USER3010,Dubai,13-09-2024,15-11-2024,Beach,Flight,1,969.1,4
TRIP03819,USER4047,Tokyo,02-02-2025,28-02-2025,Cultural,Cruise,4,1921.73,3
TRIP03820,USER3438,Sydney,13-10-2024,14-01-2025,Cultural,Flight,5,799.51,3
TRIP03821,USER1383,Istanbul,10-03-2025,29-03-2025,Beach,Flight,1,3096.61,2
TRIP03822,USER6542,Istanbul,08-07-2024,13-01-2025,Leisure,Flight,3,966.23,1
TRIP03823,USER4717,New York,15-07-2024,27-12-2024,Leisure,Flight,5,1476.99,4
TRIP03824,USER4984,Bangkok,31-01-2025,03-02-2025,Business,Cruise,5,2621.83,5
TRIP03825,USER8347,Bangkok,17-09-2024,01-03-2025,Adventure,Cruise,4,4045.82,3
TRIP03826,USER8546,Barcelona,28-01-2025,16-02-2025,Family,Train,2,3687.72,1
TRIP03827,USER7603,New York,07-11-2024,05-03-2025,Beach,Train,1,3237.28,5
TRIP03828,USER4235,Paris,05-09-2024,16-11-2024,Adventure,Car,2,4276.9,9
TRIP03829,USER5584,Bangkok,22-04-2024,18-09-2024,Cultural,Flight,2,696.5,7
TRIP03830,USER7574,New York,22-10-2024,29-11-2024,Beach,Cruise,5,708.87,3
TRIP03831,USER6574,Rome,03-03-2025,15-04-2025,Beach,Car,3,4368.88,8
TRIP03832,USER7721,London,07-12-2024,31-03-2025,Business,Train,1,625.67,4
TRIP03833,USER8449,Paris,12-12-2024,17-03-2025,Family,Car,1,1946.9,4
TRIP03834,USER3031,Istanbul,03-07-2024,28-02-2025,Family,Bus,4,2882.38,4
TRIP03835,USER3278,Dubai,25-01-2025,01-04-2025,Business,Bus,1,4881.79,7
TRIP03836,USER5159,Istanbul,11-07-2024,06-03-2025,Beach,Car,4,1527.46,5
TRIP03837,USER7951,Tokyo,07-04-2024,27-01-2025,Family,Bus,2,1188.87,1
TRIP03838,USER6252,Dubai,14-05-2024,11-02-2025,Adventure,Train,2,1954.12,7
TRIP03839,USER8467,Tokyo,24-02-2025,11-04-2025,Leisure,Bus,3,3334.19,7
TRIP03840,USER5365,New York,05-02-2025,02-03-2025,Cultural,Bus,2,3243.63,8
TRIP03841,USER7338,Istanbul,27-01-2025,08-03-2025,Family,Bus,4,1873.16,10
TRIP03842,USER9800,London,27-09-2024,29-11-2024,Family,Cruise,2,1023.98,4
TRIP03843,USER2034,Barcelona,06-04-2024,13-02-2025,Leisure,Flight,3,3646.98,2
TRIP03844,USER9857,Barcelona,07-03-2025,23-03-2025,Business,Bus,1,1622.69,5
TRIP03845,USER3945,London,16-09-2024,11-01-2025,Leisure,Train,4,807.63,6
TRIP03846,USER1653,Dubai,19-07-2024,11-02-2025,Beach,Train,1,3918.31,9
TRIP03847,USER7186,London,11-08-2024,12-01-2025,Adventure,Train,4,512.59,3
TRIP03848,USER4211,New York,30-08-2024,01-11-2024,Adventure,Bus,4,915.71,6
TRIP03849,USER2611,Bangkok,24-07-2024,09-09-2024,Leisure,Train,3,2740.36,9
TRIP03850,USER5509,Tokyo,23-01-2025,24-02-2025,Cultural,Cruise,2,2890.78,6
TRIP03851,USER5695,Istanbul,27-09-2024,25-01-2025,Leisure,Train,1,2801.96,10
TRIP03852,USER7504,New York,27-04-2024,03-06-2024,Business,Cruise,2,4928.55,1
TRIP03853,USER5404,Barcelona,14-07-2024,12-03-2025,Leisure,Bus,1,4334.33,9
TRIP03854,USER1266,Sydney,06-01-2025,21-03-2025,Business,Cruise,1,695.67,1
TRIP03855,USER2736,Tokyo,05-09-2024,28-12-2024,Business,Train,3,3174.01,1
TRIP03856,USER4632,Istanbul,04-03-2025,25-03-2025,Leisure,Bus,5,3972.67,4
TRIP03857,USER2751,New York,15-03-2025,15-03-2025,Adventure,Flight,5,4162.59,5
TRIP03858,USER1768,Tokyo,01-05-2024,17-02-2025,Cultural,Flight,5,3081.7,9
TRIP03859,USER6519,Paris,21-06-2024,06-09-2024,Family,Bus,3,4957.74,10
TRIP03860,USER1948,Paris,08-02-2025,08-02-2025,Business,Cruise,5,2522.56,10
TRIP03861,USER6636,Rome,24-10-2024,05-11-2024,Cultural,Bus,5,2523.16,7
TRIP03862,USER4739,Tokyo,16-11-2024,12-12-2024,Adventure,Bus,4,4651.27,9
TRIP03863,USER5339,Istanbul,03-03-2025,29-03-2025,Beach,Train,1,2524.91,5
TRIP03864,USER3976,Rome,21-12-2024,25-02-2025,Leisure,Bus,5,1672.55,10
TRIP03865,USER7269,Barcelona,12-09-2024,17-12-2024,Cultural,Car,2,2017.68,8
TRIP03866,USER3796,London,21-05-2024,21-12-2024,Family,Train,4,1570.74,6
TRIP03867,USER3996,Paris,30-06-2024,29-09-2024,Cultural,Bus,4,1205.49,9
TRIP03868,USER8782,Bangkok,01-11-2024,16-01-2025,Business,Cruise,4,2700.11,9
TRIP03869,USER2747,New York,26-02-2025,11-04-2025,Leisure,Cruise,1,938.05,1
TRIP03870,USER2982,Barcelona,23-03-2024,05-07-2024,Leisure,Cruise,1,3306.94,1
TRIP03871,USER8646,Istanbul,22-05-2024,05-08-2024,Business,Cruise,4,3885.61,8
TRIP03872,USER3904,London,08-10-2024,08-03-2025,Family,Flight,1,3942.77,1
TRIP03873,USER4789,New York,23-11-2024,20-03-2025,Leisure,Car,3,1955.86,4
TRIP03874,USER9207,Sydney,29-04-2024,18-02-2025,Business,Cruise,3,4016.62,3
TRIP03875,USER4774,Paris,21-08-2024,24-01-2025,Business,Train,5,2038.22,6
TRIP03876,USER7418,Paris,05-10-2024,10-04-2025,Family,Cruise,4,4821.52,7
TRIP03877,USER7672,Barcelona,05-02-2025,16-03-2025,Adventure,Car,2,1086.23,10
TRIP03878,USER7612,London,06-08-2024,24-10-2024,Cultural,Car,2,3345.71,5
TRIP03879,USER8988,Sydney,23-11-2024,27-12-2024,Family,Flight,3,2771.76,4
TRIP03880,USER4377,Bangkok,28-09-2024,17-10-2024,Beach,Cruise,5,1525.19,5
TRIP03881,USER5673,Barcelona,14-07-2024,26-09-2024,Leisure,Train,1,2988.54,9
TRIP03882,USER4553,London,06-12-2024,02-04-2025,Family,Flight,5,4489,3
TRIP03883,USER9089,Rome,07-07-2024,16-03-2025,Cultural,Bus,4,2618.59,9
TRIP03884,USER4926,Rome,16-05-2024,12-03-2025,Business,Bus,3,1283.1,7
TRIP03885,USER6677,Sydney,23-07-2024,01-12-2024,Adventure,Train,2,3534,3
TRIP03886,USER5618,Rome,01-06-2024,11-02-2025,Adventure,Cruise,1,3112.75,6
TRIP03887,USER5382,Paris,26-03-2024,04-12-2024,Leisure,Train,4,1540.22,3
TRIP03888,USER1634,Barcelona,10-11-2024,20-01-2025,Adventure,Cruise,5,3277.34,9
TRIP03889,USER3079,Tokyo,08-07-2024,07-10-2024,Business,Flight,3,1074.38,5
TRIP03890,USER4969,Sydney,25-12-2024,25-02-2025,Family,Bus,1,2310.44,6
TRIP03891,USER3014,Istanbul,05-04-2024,29-03-2025,Family,Cruise,3,4625.87,9
TRIP03892,USER4317,Istanbul,11-10-2024,15-03-2025,Family,Cruise,5,3498.15,6
TRIP03893,USER1249,Tokyo,03-02-2025,30-03-2025,Business,Cruise,5,1675.01,8
TRIP03894,USER4230,Tokyo,16-09-2024,16-11-2024,Cultural,Bus,5,3754.6,9
TRIP03895,USER8584,Tokyo,23-05-2024,10-10-2024,Family,Train,1,1520.12,2
TRIP03896,USER3636,Sydney,12-04-2024,24-04-2024,Cultural,Flight,1,3263.97,8
TRIP03897,USER6897,New York,27-11-2024,12-02-2025,Beach,Flight,2,2085.58,8
TRIP03898,USER1973,Rome,07-05-2024,13-12-2024,Beach,Car,2,3426.79,9
TRIP03899,USER8864,Istanbul,02-01-2025,11-01-2025,Cultural,Bus,4,4854.4,2
TRIP03900,USER3177,Bangkok,13-09-2024,25-12-2024,Family,Cruise,5,2947.49,5
TRIP03901,USER9342,Bangkok,07-02-2025,22-02-2025,Beach,Flight,4,1517.46,1
TRIP03902,USER1313,Istanbul,18-10-2024,26-01-2025,Cultural,Train,3,2205.91,4
TRIP03903,USER6895,Tokyo,27-02-2025,10-04-2025,Business,Bus,5,4560.19,2
TRIP03904,USER8733,Dubai,15-04-2024,08-11-2024,Leisure,Flight,3,1278.95,1
TRIP03905,USER6159,Istanbul,24-11-2024,03-03-2025,Adventure,Flight,4,4540.62,7
TRIP03906,USER4526,New York,20-04-2024,21-09-2024,Family,Cruise,5,1276.77,1
TRIP03907,USER1701,Istanbul,08-02-2025,04-04-2025,Adventure,Bus,3,4638.14,4
TRIP03908,USER7047,New York,29-07-2024,10-09-2024,Cultural,Bus,3,1207.91,10
TRIP03909,USER1275,Barcelona,12-07-2024,09-01-2025,Family,Train,5,2409.78,2
TRIP03910,USER7294,Rome,02-04-2024,15-12-2024,Business,Car,4,2394.57,1
TRIP03911,USER7631,Tokyo,12-05-2024,29-01-2025,Cultural,Flight,4,2154.39,3
TRIP03912,USER2469,Bangkok,16-03-2024,05-10-2024,Family,Flight,4,2152.03,1
TRIP03913,USER5150,New York,17-06-2024,18-12-2024,Family,Flight,1,1130.59,7
TRIP03914,USER9278,New York,16-04-2024,19-01-2025,Cultural,Train,3,2151.39,10
TRIP03915,USER4429,New York,12-09-2024,17-09-2024,Business,Train,4,3281.86,7
TRIP03916,USER3125,London,11-02-2025,16-03-2025,Adventure,Cruise,2,4816.71,10
TRIP03917,USER1340,Paris,12-03-2025,19-03-2025,Adventure,Car,3,3844.56,2
TRIP03918,USER4325,Dubai,14-05-2024,03-06-2024,Leisure,Car,1,3132.93,6
TRIP03919,USER1309,Istanbul,21-03-2024,07-05-2024,Family,Bus,5,2712.5,2
TRIP03920,USER1852,New York,03-09-2024,09-10-2024,Family,Bus,2,1448.94,8
TRIP03921,USER2467,Rome,29-11-2024,23-03-2025,Beach,Train,5,1503.35,2
TRIP03922,USER1646,Dubai,26-08-2024,11-04-2025,Adventure,Bus,5,1355.7,6
TRIP03923,USER5356,Tokyo,25-07-2024,26-03-2025,Cultural,Cruise,1,2763.48,2
TRIP03924,USER6290,New York,07-05-2024,24-03-2025,Family,Cruise,5,4563.44,3
TRIP03925,USER8000,Istanbul,11-06-2024,09-07-2024,Cultural,Train,2,556.68,6
TRIP03926,USER5134,New York,09-01-2025,11-02-2025,Business,Bus,5,1944.13,5
TRIP03927,USER7210,Barcelona,20-01-2025,08-02-2025,Business,Cruise,2,4844.28,4
TRIP03928,USER8948,Dubai,17-07-2024,19-03-2025,Beach,Cruise,2,952.05,7
TRIP03929,USER7685,Paris,25-05-2024,30-06-2024,Business,Bus,4,4990.38,10
TRIP03930,USER5889,Istanbul,05-12-2024,17-02-2025,Adventure,Car,2,4586.25,9
TRIP03931,USER8879,Barcelona,20-12-2024,07-02-2025,Family,Flight,2,2509.79,2
TRIP03932,USER7824,Istanbul,29-11-2024,06-04-2025,Leisure,Train,4,2299.27,5
TRIP03933,USER9787,Dubai,17-09-2024,13-02-2025,Adventure,Car,5,3151.3,1
TRIP03934,USER3806,London,06-07-2024,09-01-2025,Business,Bus,3,1911,6
TRIP03935,USER9942,Istanbul,12-07-2024,03-03-2025,Adventure,Train,4,951.56,5
TRIP03936,USER4416,Istanbul,06-08-2024,23-02-2025,Leisure,Cruise,5,4476.36,3
TRIP03937,USER1066,Rome,12-10-2024,10-11-2024,Adventure,Train,3,677.27,2
TRIP03938,USER4463,London,02-05-2024,25-02-2025,Leisure,Flight,1,2566.26,5
TRIP03939,USER9774,Sydney,20-07-2024,10-10-2024,Cultural,Flight,5,4914.23,2
TRIP03940,USER2266,Dubai,07-08-2024,11-08-2024,Leisure,Cruise,3,2826.07,7
TRIP03941,USER7207,Barcelona,27-06-2024,11-07-2024,Family,Car,5,4989.48,9
TRIP03943,USER6266,Dubai,08-09-2024,15-01-2025,Beach,Train,4,2693.21,2
TRIP03944,USER9717,Istanbul,04-11-2024,27-02-2025,Leisure,Flight,4,546.67,7
TRIP03945,USER8650,Dubai,15-04-2024,07-11-2024,Cultural,Car,5,2109.79,1
TRIP03946,USER7524,Tokyo,05-04-2024,30-10-2024,Beach,Cruise,1,3764.15,10
TRIP03947,USER6062,Tokyo,28-01-2025,05-03-2025,Adventure,Train,5,2435.47,9
TRIP03948,USER9923,Sydney,28-06-2024,29-10-2024,Family,Bus,3,924.72,6
TRIP03949,USER4392,Sydney,14-07-2024,11-09-2024,Leisure,Bus,1,3976.75,8
TRIP03950,USER3642,Rome,27-08-2024,01-02-2025,Beach,Flight,5,827.48,4
TRIP03951,USER9520,London,09-07-2024,05-08-2024,Adventure,Car,5,912.16,1
TRIP03952,USER9561,Tokyo,15-09-2024,14-12-2024,Adventure,Cruise,1,1774.9,6
TRIP03953,USER5063,Paris,11-07-2024,08-09-2024,Family,Train,5,2511.39,2
TRIP03954,USER2502,Bangkok,20-12-2024,09-03-2025,Cultural,Cruise,4,1882.29,4
TRIP03955,USER7349,Dubai,08-09-2024,07-02-2025,Leisure,Cruise,5,4450.88,4
TRIP03956,USER4338,Tokyo,17-06-2024,08-10-2024,Business,Cruise,5,3911.25,2
TRIP03957,USER7621,Barcelona,27-12-2024,27-01-2025,Family,Train,5,880.51,9
TRIP03958,USER4410,Istanbul,13-09-2024,19-09-2024,Cultural,Train,2,2098.19,2
TRIP03959,USER3282,London,27-06-2024,21-03-2025,Business,Train,2,1858.09,7
TRIP03960,USER2208,Rome,27-02-2025,10-04-2025,Cultural,Train,2,4687.75,10
TRIP03961,USER7806,Istanbul,29-09-2024,13-03-2025,Adventure,Train,4,1008.2,1
TRIP03962,USER9052,London,17-08-2024,19-01-2025,Adventure,Train,2,696.65,2
TRIP03963,USER8049,Bangkok,26-12-2024,18-02-2025,Cultural,Car,5,2750.01,1
TRIP03964,USER5991,London,10-08-2024,15-11-2024,Leisure,Cruise,4,1808.77,1
TRIP03965,USER6762,Tokyo,15-02-2025,04-04-2025,Family,Cruise,5,3442.95,7
TRIP03966,USER4862,Tokyo,22-12-2024,23-03-2025,Adventure,Train,4,2074.75,4
TRIP03967,USER6311,Tokyo,02-10-2024,07-02-2025,Beach,Car,4,3770.01,5
TRIP03968,USER1657,Paris,09-12-2024,06-01-2025,Family,Cruise,5,4799.56,7
TRIP03969,USER3788,London,07-12-2024,13-12-2024,Beach,Train,4,1940.91,9
TRIP03970,USER6107,Istanbul,01-10-2024,11-11-2024,Family,Bus,2,1455.64,1
TRIP03971,USER1334,Dubai,13-09-2024,26-01-2025,Leisure,Car,3,4958.22,9
TRIP03972,USER6152,London,19-12-2024,21-03-2025,Family,Flight,3,3691.14,6
TRIP03973,USER8484,Istanbul,29-06-2024,24-12-2024,Business,Train,5,2377.75,4
TRIP03974,USER5720,Barcelona,01-10-2024,01-10-2024,Beach,Flight,4,3260.96,6
TRIP03975,USER6394,New York,01-12-2024,28-02-2025,Business,Train,3,1884.02,2
TRIP03977,USER4039,Tokyo,17-09-2024,09-10-2024,Business,Train,5,3269.64,1
TRIP03978,USER2569,Bangkok,30-10-2024,05-01-2025,Adventure,Train,2,3633.47,9
TRIP03979,USER7109,Barcelona,03-08-2024,25-03-2025,Adventure,Bus,1,4997.91,4
TRIP03980,USER7530,New York,25-08-2024,07-09-2024,Family,Flight,1,4227.94,6
TRIP03981,USER3661,Bangkok,05-10-2024,10-10-2024,Leisure,Flight,4,4625.06,3
TRIP03982,USER5003,Istanbul,20-06-2024,14-03-2025,Family,Car,3,2636.45,6
TRIP03983,USER4051,Rome,18-05-2024,31-05-2024,Beach,Flight,4,4574.42,9
TRIP03984,USER7306,Sydney,06-12-2024,29-03-2025,Family,Cruise,2,1063.54,1
TRIP03985,USER1891,Tokyo,30-05-2024,19-01-2025,Family,Bus,2,2726.78,1
TRIP03986,USER2508,Dubai,12-01-2025,09-04-2025,Cultural,Train,1,4541.24,3
TRIP03987,USER8413,Barcelona,08-07-2024,27-12-2024,Business,Flight,5,3144.36,3
TRIP03988,USER6484,Dubai,01-07-2024,04-09-2024,Beach,Cruise,5,4015.92,3
TRIP03989,USER6155,Rome,16-10-2024,24-11-2024,Family,Bus,5,1034.93,1
TRIP03990,USER5406,London,27-10-2024,09-01-2025,Business,Train,4,1295.54,1
TRIP03991,USER4649,Tokyo,24-06-2024,22-01-2025,Family,Bus,5,2935.33,4
TRIP03992,USER1542,Tokyo,22-01-2025,26-03-2025,Leisure,Bus,4,980.41,1
TRIP03993,USER9126,New York,21-12-2024,29-12-2024,Business,Flight,3,3015.82,10
TRIP03994,USER3988,New York,17-01-2025,14-02-2025,Adventure,Train,1,657.54,5
TRIP03995,USER9034,Barcelona,03-10-2024,06-12-2024,Cultural,Cruise,2,780.51,8
TRIP03996,USER1213,Bangkok,26-11-2024,31-12-2024,Family,Train,4,4451.66,7
TRIP03997,USER1954,Bangkok,27-06-2024,30-10-2024,Family,Bus,5,4900.17,10
TRIP03998,USER1404,Tokyo,27-03-2024,19-05-2024,Beach,Cruise,4,4643.02,9
TRIP03999,USER9238,Paris,26-04-2024,27-07-2024,Beach,Car,3,3905.67,8
TRIP04000,USER6866,London,22-01-2025,02-03-2025,Family,Train,4,2364.98,2
TRIP04001,USER6196,Dubai,20-02-2025,22-02-2025,Adventure,Cruise,1,1172.54,5
TRIP04002,USER4895,Paris,05-01-2025,06-03-2025,Beach,Flight,5,1000.03,1
TRIP04003,USER8651,Dubai,15-08-2024,17-01-2025,Beach,Cruise,5,4139.56,8
TRIP04004,USER5838,Istanbul,16-03-2024,08-04-2025,Family,Bus,4,3610.83,8
TRIP04005,USER4049,Dubai,29-04-2024,05-05-2024,Family,Flight,4,4877.41,1
TRIP04006,USER7812,Rome,08-06-2024,31-07-2024,Leisure,Flight,1,944.66,7
TRIP04007,USER5873,London,03-02-2025,21-02-2025,Leisure,Car,5,4386.49,3
TRIP04008,USER2080,Tokyo,23-03-2024,23-05-2024,Adventure,Train,4,818.18,2
TRIP04009,USER2433,Dubai,09-05-2024,20-09-2024,Leisure,Train,5,2773.27,8
TRIP04010,USER7348,London,06-03-2025,15-03-2025,Leisure,Train,1,1320.75,7
TRIP04011,USER6960,Rome,01-02-2025,16-03-2025,Adventure,Car,4,1327.41,3
TRIP04012,USER5795,Dubai,15-01-2025,26-02-2025,Family,Train,4,1463.78,2
TRIP04013,USER1646,Tokyo,17-05-2024,14-03-2025,Adventure,Bus,2,1956.66,4
TRIP04014,USER6677,Paris,13-03-2025,03-04-2025,Family,Car,5,1295.17,5
TRIP04015,USER5277,Barcelona,16-10-2024,05-12-2024,Family,Cruise,1,2674.84,5
TRIP04016,USER3943,Dubai,21-12-2024,10-01-2025,Business,Car,5,1772.88,1
TRIP04017,USER9759,Paris,11-02-2025,01-03-2025,Leisure,Car,5,4674.84,10
TRIP04018,USER5309,Bangkok,21-10-2024,10-12-2024,Cultural,Flight,3,3671.33,8
TRIP04019,USER5732,Sydney,06-10-2024,13-12-2024,Family,Cruise,2,2518.92,2
TRIP04020,USER4060,Dubai,05-12-2024,12-12-2024,Beach,Flight,5,897.96,7
TRIP04021,USER3368,Paris,18-07-2024,18-01-2025,Family,Car,3,3598.05,5
TRIP04022,USER6954,Sydney,02-04-2024,26-11-2024,Family,Train,5,3112.17,3
TRIP04023,USER6164,Barcelona,27-01-2025,26-02-2025,Family,Bus,1,2753.96,2
TRIP04024,USER6198,Tokyo,28-12-2024,13-04-2025,Adventure,Train,3,3831.03,5
TRIP04025,USER2618,Dubai,13-07-2024,02-11-2024,Cultural,Cruise,2,2044.18,3
TRIP04026,USER4420,Rome,18-06-2024,28-12-2024,Adventure,Cruise,4,4093.06,10
TRIP04027,USER6728,Tokyo,12-11-2024,23-02-2025,Business,Train,3,1502.55,4
TRIP04028,USER9537,Rome,01-03-2025,02-04-2025,Cultural,Car,3,1060.96,10
TRIP04029,USER6737,Paris,24-03-2024,10-08-2024,Leisure,Train,2,2358.53,7
TRIP04030,USER3147,Barcelona,15-01-2025,23-01-2025,Leisure,Flight,2,3716.11,5
TRIP04031,USER3929,Dubai,10-12-2024,05-01-2025,Beach,Bus,3,3102.11,3
TRIP04032,USER2750,Dubai,11-06-2024,07-02-2025,Leisure,Car,1,955.22,7
TRIP04033,USER6081,Tokyo,23-01-2025,25-03-2025,Adventure,Train,4,666.56,5
TRIP04034,USER4755,Istanbul,07-03-2025,25-03-2025,Business,Car,2,3224.71,1
TRIP04035,USER3827,Sydney,07-06-2024,04-07-2024,Beach,Flight,3,3414.91,10
TRIP04036,USER5938,Barcelona,06-01-2025,20-03-2025,Adventure,Train,1,2558.45,8
TRIP04037,USER1553,Barcelona,06-04-2024,02-12-2024,Family,Car,4,1896.01,7
TRIP04038,USER8137,Tokyo,07-04-2024,22-12-2024,Adventure,Bus,4,1808.73,9
TRIP04039,USER2601,Barcelona,20-05-2024,02-03-2025,Adventure,Cruise,3,1308.35,4
TRIP04040,USER9459,Rome,07-10-2024,03-03-2025,Adventure,Car,1,1288.43,2
TRIP04041,USER7512,Dubai,06-10-2024,23-03-2025,Leisure,Cruise,4,4008.54,2
TRIP04042,USER4479,Dubai,11-05-2024,22-05-2024,Cultural,Bus,1,3518.28,10
TRIP04043,USER8161,Paris,28-05-2024,10-08-2024,Adventure,Train,1,1827.87,4
TRIP04044,USER5804,Bangkok,19-08-2024,06-04-2025,Cultural,Train,1,2170.93,2
TRIP04045,USER2852,Sydney,11-03-2025,30-03-2025,Adventure,Cruise,4,1404.9,1
TRIP04046,USER9740,London,21-07-2024,12-10-2024,Adventure,Bus,1,3598.22,1
TRIP04047,USER1469,Rome,11-07-2024,13-09-2024,Leisure,Flight,5,3982.03,3
TRIP04048,USER8069,Rome,13-06-2024,24-07-2024,Adventure,Flight,1,2188.87,9
TRIP04049,USER2377,Sydney,28-11-2024,26-01-2025,Cultural,Cruise,4,4930.73,3
TRIP04050,USER9091,New York,17-11-2024,06-01-2025,Beach,Train,4,2595.1,7
TRIP04051,USER7372,Rome,04-11-2024,27-02-2025,Beach,Cruise,2,2960.89,5
TRIP04052,USER6627,Dubai,29-11-2024,05-02-2025,Cultural,Bus,4,2354.63,3
TRIP04053,USER1970,Barcelona,24-07-2024,20-12-2024,Beach,Cruise,5,3698.86,4
TRIP04054,USER2074,Sydney,23-07-2024,14-04-2025,Adventure,Car,2,2054.64,2
TRIP04055,USER4290,Dubai,25-03-2024,07-01-2025,Business,Flight,4,2498.83,9
TRIP04056,USER6783,Istanbul,27-01-2025,05-02-2025,Business,Car,3,1288.33,2
TRIP04057,USER9568,Istanbul,01-12-2024,24-02-2025,Beach,Flight,5,1700.96,9
TRIP04058,USER3742,Bangkok,28-04-2024,29-07-2024,Adventure,Train,3,4886.23,6
TRIP04060,USER8650,Dubai,11-02-2025,16-02-2025,Leisure,Car,4,2980.09,8
TRIP04061,USER6397,Sydney,23-04-2024,02-09-2024,Leisure,Bus,3,3367.94,9
TRIP04062,USER2082,Paris,16-11-2024,24-01-2025,Leisure,Car,2,4019,2
TRIP04063,USER1289,Barcelona,15-07-2024,23-10-2024,Business,Bus,2,1987.39,10
TRIP04064,USER3972,London,10-02-2025,09-04-2025,Family,Flight,3,4149.34,4
TRIP04065,USER6680,London,05-03-2025,14-03-2025,Family,Train,1,3864.35,9
TRIP04066,USER8570,Sydney,22-05-2024,27-05-2024,Business,Bus,2,3653.36,4
TRIP04067,USER7172,Barcelona,28-01-2025,24-02-2025,Adventure,Bus,2,4084.76,2
TRIP04068,USER7637,Rome,18-07-2024,04-04-2025,Leisure,Bus,1,2499.05,1
TRIP04069,USER9662,Dubai,26-10-2024,10-04-2025,Business,Bus,5,3803.4,2
TRIP04070,USER8947,New York,26-12-2024,15-03-2025,Cultural,Bus,5,1688.81,9
TRIP04071,USER7173,Rome,26-02-2025,21-03-2025,Business,Flight,5,4624.55,10
TRIP04072,USER6837,Dubai,18-01-2025,06-04-2025,Business,Bus,3,3464.99,8
TRIP04073,USER5079,Istanbul,31-01-2025,15-04-2025,Leisure,Bus,1,4715.39,10
TRIP04074,USER6767,Rome,05-07-2024,17-07-2024,Business,Car,2,1545.53,6
TRIP04075,USER6910,New York,29-05-2024,07-10-2024,Leisure,Flight,1,3590.44,8
TRIP04076,USER3486,Rome,19-02-2025,13-03-2025,Cultural,Bus,2,1789.56,8
TRIP04077,USER1889,New York,02-08-2024,27-11-2024,Beach,Train,2,2761.94,5
TRIP04078,USER6422,Dubai,23-12-2024,08-03-2025,Adventure,Bus,5,4657.76,7
TRIP04079,USER1536,Barcelona,14-04-2024,09-10-2024,Leisure,Cruise,3,3836.15,2
TRIP04080,USER6466,Sydney,25-11-2024,10-04-2025,Leisure,Car,4,1147.55,7
TRIP04081,USER3809,Dubai,07-05-2024,26-06-2024,Beach,Bus,2,1582.95,3
TRIP04082,USER1228,London,07-09-2024,02-11-2024,Business,Flight,5,4348.56,6
TRIP04083,USER8008,New York,11-07-2024,06-01-2025,Business,Train,5,4543.29,10
TRIP04084,USER3194,Barcelona,10-12-2024,12-03-2025,Beach,Cruise,3,3361.31,6
TRIP04085,USER9621,New York,24-11-2024,14-01-2025,Beach,Cruise,5,794.23,6
TRIP04086,USER5887,Rome,15-04-2024,11-04-2025,Business,Bus,1,4291.2,1
TRIP04087,USER3537,Bangkok,23-07-2024,20-11-2024,Cultural,Bus,5,3228.73,2
TRIP04088,USER7202,Tokyo,27-11-2024,15-04-2025,Family,Flight,5,4399.47,2
TRIP04089,USER1476,New York,12-02-2025,07-03-2025,Beach,Car,5,2155.22,10
TRIP04090,USER9573,Barcelona,28-09-2024,27-10-2024,Family,Car,5,2875.8,1
TRIP04091,USER7605,Sydney,16-02-2025,08-03-2025,Leisure,Flight,1,2504.09,10
TRIP04092,USER5635,Paris,22-05-2024,29-03-2025,Business,Bus,5,1366.72,8
TRIP04093,USER9273,Rome,05-01-2025,07-01-2025,Family,Bus,1,522.67,5
TRIP04094,USER4470,London,15-07-2024,28-10-2024,Beach,Train,1,1304.92,10
TRIP04095,USER3708,Sydney,16-03-2025,06-04-2025,Leisure,Train,4,3213.7,5
TRIP04096,USER4526,Istanbul,06-06-2024,27-09-2024,Adventure,Bus,2,1511.44,4
TRIP04097,USER1235,Barcelona,23-01-2025,27-01-2025,Beach,Car,2,3516.03,10
TRIP04098,USER3673,Rome,21-03-2024,22-02-2025,Family,Cruise,4,3775.52,3
TRIP04099,USER4118,New York,05-05-2024,23-06-2024,Leisure,Flight,1,4213.66,5
TRIP04100,USER8218,Dubai,03-04-2024,10-06-2024,Leisure,Cruise,2,3094.72,2
TRIP04101,USER7265,Bangkok,28-03-2024,13-02-2025,Business,Car,3,4671.14,10
TRIP04102,USER3893,Rome,21-09-2024,18-11-2024,Family,Train,4,1424.68,9
TRIP04103,USER1696,Bangkok,14-06-2024,11-08-2024,Leisure,Cruise,3,4297.66,6
TRIP04104,USER6838,Istanbul,05-08-2024,23-08-2024,Leisure,Train,3,4092.76,8
TRIP04105,USER5902,Bangkok,31-03-2024,04-05-2024,Leisure,Bus,3,4906.68,8
TRIP04106,USER9118,Dubai,30-01-2025,06-04-2025,Cultural,Train,1,3421.49,4
TRIP04107,USER1157,Barcelona,15-09-2024,21-01-2025,Family,Car,3,4052.94,1
TRIP04108,USER5075,Dubai,17-09-2024,28-01-2025,Leisure,Car,2,605.11,5
TRIP04109,USER5212,Istanbul,21-01-2025,22-01-2025,Leisure,Bus,4,863.23,2
TRIP04110,USER2568,Rome,18-09-2024,01-03-2025,Business,Car,5,3220.73,2
TRIP04111,USER9404,Barcelona,09-03-2025,06-04-2025,Leisure,Cruise,1,1597.59,2
TRIP04112,USER2858,Paris,02-12-2024,12-01-2025,Business,Train,4,1671.25,3
TRIP04113,USER3394,New York,24-09-2024,26-10-2024,Leisure,Bus,3,763.77,8
TRIP04114,USER3214,Dubai,26-09-2024,11-04-2025,Leisure,Flight,1,768.11,10
TRIP04115,USER2940,Tokyo,23-05-2024,21-12-2024,Leisure,Cruise,2,2120.69,4
TRIP04116,USER9750,Bangkok,10-06-2024,03-01-2025,Leisure,Flight,2,2399.81,7
TRIP04117,USER1088,Tokyo,08-08-2024,03-04-2025,Beach,Car,1,2740.47,8
TRIP04118,USER1005,New York,10-06-2024,13-11-2024,Business,Bus,2,3142.07,8
TRIP04119,USER8015,London,16-07-2024,04-12-2024,Leisure,Flight,4,2238.54,9
TRIP04120,USER3628,Dubai,09-05-2024,15-12-2024,Cultural,Train,1,3247.91,4
TRIP04121,USER4767,Sydney,22-06-2024,28-03-2025,Business,Cruise,3,4315.91,2
TRIP04122,USER1366,Rome,24-11-2024,11-04-2025,Adventure,Cruise,2,2916.38,5
TRIP04123,USER9935,New York,30-10-2024,18-01-2025,Cultural,Bus,5,1492.69,6
TRIP04124,USER1635,Dubai,27-01-2025,31-01-2025,Business,Train,1,4719.69,4
TRIP04125,USER4534,Tokyo,11-09-2024,21-10-2024,Adventure,Flight,3,1370.86,4
TRIP04126,USER2049,Istanbul,02-06-2024,05-02-2025,Adventure,Train,5,4778.89,5
TRIP04127,USER8247,Paris,23-02-2025,22-03-2025,Adventure,Train,1,686.05,4
TRIP04128,USER9783,Rome,06-06-2024,04-07-2024,Adventure,Car,3,4804.39,7
TRIP04129,USER2864,Dubai,27-12-2024,08-04-2025,Family,Cruise,4,2525.06,10
TRIP04130,USER1258,Sydney,13-05-2024,12-07-2024,Adventure,Car,1,4011.35,9
TRIP04131,USER5565,Rome,30-05-2024,10-12-2024,Leisure,Car,4,712.22,1
TRIP04132,USER6070,London,15-10-2024,18-01-2025,Leisure,Car,5,703.46,3
TRIP04133,USER6394,London,26-08-2024,20-02-2025,Beach,Flight,4,4748.63,6
TRIP04134,USER3459,Sydney,09-01-2025,08-02-2025,Beach,Flight,3,4479.83,3
TRIP04135,USER2816,Paris,04-04-2024,07-04-2024,Family,Flight,2,1559.66,6
TRIP04136,USER2340,New York,08-03-2025,09-04-2025,Leisure,Train,1,4277.26,8
TRIP04137,USER2917,Dubai,30-04-2024,17-02-2025,Adventure,Flight,2,2463.39,5
TRIP04138,USER1259,Tokyo,23-11-2024,21-03-2025,Family,Cruise,1,2496.48,4
TRIP04139,USER7837,Sydney,06-07-2024,05-08-2024,Adventure,Car,4,562.46,4
TRIP04140,USER1557,Barcelona,24-09-2024,19-03-2025,Cultural,Bus,1,4904.27,3
TRIP04141,USER4309,Rome,16-09-2024,19-03-2025,Business,Bus,5,2823.24,10
TRIP04142,USER9178,London,03-10-2024,28-12-2024,Leisure,Flight,1,4693.71,4
TRIP04143,USER2199,Bangkok,09-07-2024,11-04-2025,Adventure,Flight,3,771.62,7
TRIP04144,USER2219,Istanbul,07-03-2025,11-04-2025,Business,Bus,5,1073.63,7
TRIP04145,USER2357,Istanbul,23-09-2024,22-03-2025,Family,Bus,4,2023.78,9
TRIP04146,USER1987,Sydney,21-07-2024,06-12-2024,Beach,Bus,1,3597.53,2
TRIP04147,USER8794,Istanbul,26-02-2025,24-03-2025,Business,Train,5,4278.4,2
TRIP04148,USER4914,New York,17-03-2024,29-07-2024,Family,Car,1,3744.64,4
TRIP04149,USER9195,New York,04-07-2024,01-04-2025,Business,Car,5,3972.9,9
TRIP04150,USER5593,Dubai,30-11-2024,13-02-2025,Adventure,Flight,4,506.45,4
TRIP04151,USER7548,Bangkok,17-05-2024,22-11-2024,Leisure,Train,1,3859.65,3
TRIP04152,USER4623,Rome,16-05-2024,30-03-2025,Cultural,Train,2,1450.43,1
TRIP04153,USER9545,Istanbul,13-11-2024,20-02-2025,Adventure,Flight,3,4305.73,5
TRIP04154,USER8731,Istanbul,29-01-2025,07-02-2025,Business,Car,1,508.16,9
TRIP04155,USER3772,Istanbul,30-12-2024,09-03-2025,Cultural,Train,4,3661.33,6
TRIP04156,USER5174,Dubai,06-11-2024,27-02-2025,Cultural,Flight,3,2659.28,1
TRIP04157,USER3752,London,25-08-2024,30-01-2025,Leisure,Cruise,2,4159.43,9
TRIP04158,USER6234,Istanbul,07-02-2025,26-03-2025,Beach,Car,1,3623.08,9
TRIP04159,USER8010,Istanbul,28-07-2024,21-10-2024,Cultural,Flight,3,843.12,9
TRIP04160,USER9458,Istanbul,16-12-2024,30-01-2025,Beach,Train,2,4138.1,1
TRIP04161,USER6929,Bangkok,11-02-2025,13-04-2025,Beach,Flight,3,4150.81,8
TRIP04162,USER7201,Paris,20-11-2024,29-12-2024,Business,Bus,1,722.59,3
TRIP04163,USER3052,Dubai,19-09-2024,26-02-2025,Family,Flight,5,3343.9,3
TRIP04164,USER2869,Sydney,25-05-2024,23-01-2025,Adventure,Bus,1,4486.43,7
TRIP04165,USER3407,Istanbul,15-11-2024,25-03-2025,Adventure,Cruise,2,2663.3,9
TRIP04166,USER3370,New York,26-05-2024,29-05-2024,Leisure,Cruise,2,2440.23,1
TRIP04167,USER8008,Tokyo,20-01-2025,12-04-2025,Leisure,Bus,3,2138.79,8
TRIP04168,USER4188,Dubai,02-03-2025,07-04-2025,Adventure,Car,4,2146.33,9
TRIP04169,USER4149,Paris,19-04-2024,12-12-2024,Cultural,Car,2,3443.13,4
TRIP04170,USER2650,Bangkok,20-09-2024,10-11-2024,Business,Bus,2,4816.1,8
TRIP04171,USER7201,Dubai,13-02-2025,12-04-2025,Beach,Flight,2,1505.75,1
TRIP04172,USER8513,Sydney,12-07-2024,13-12-2024,Family,Car,2,4496.47,10
TRIP04173,USER9657,Rome,23-03-2024,14-02-2025,Adventure,Train,4,2336.01,3
TRIP04174,USER8785,Dubai,25-06-2024,30-09-2024,Business,Cruise,3,3499.94,6
TRIP04175,USER8795,Barcelona,22-06-2024,06-04-2025,Business,Train,4,4217.58,8
TRIP04176,USER1185,Tokyo,27-02-2025,04-03-2025,Beach,Flight,3,3651.16,8
TRIP04177,USER7221,Sydney,09-08-2024,28-01-2025,Adventure,Flight,4,3073.48,2
TRIP04178,USER8475,Istanbul,25-09-2024,09-01-2025,Business,Train,4,4073.93,2
TRIP04179,USER6599,Tokyo,24-01-2025,13-04-2025,Family,Train,4,880.33,8
TRIP04180,USER7468,Rome,22-11-2024,10-01-2025,Cultural,Bus,4,2059.28,3
TRIP04181,USER9851,Paris,03-12-2024,11-03-2025,Beach,Bus,3,3412.34,3
TRIP04182,USER4619,Bangkok,20-09-2024,14-04-2025,Business,Train,5,3662.63,9
TRIP04183,USER7228,Istanbul,15-11-2024,21-03-2025,Cultural,Car,2,2744.72,2
TRIP04184,USER2163,London,14-07-2024,25-09-2024,Family,Bus,5,3562.46,8
TRIP04185,USER1761,Rome,16-07-2024,24-03-2025,Cultural,Bus,1,1962.87,10
TRIP04186,USER1885,Barcelona,23-02-2025,13-03-2025,Beach,Car,5,1315.25,5
TRIP04188,USER8615,Barcelona,17-02-2025,25-02-2025,Adventure,Train,3,846.79,2
TRIP04189,USER2075,Tokyo,07-07-2024,16-02-2025,Business,Cruise,3,1495.65,5
TRIP04190,USER8614,Istanbul,13-08-2024,09-10-2024,Family,Cruise,2,1888.07,3
TRIP04191,USER4012,Bangkok,20-01-2025,27-02-2025,Business,Train,1,2777,9
TRIP04192,USER5404,Paris,27-12-2024,08-04-2025,Cultural,Bus,4,2014.52,8
TRIP04193,USER3596,Bangkok,16-03-2024,11-06-2024,Family,Car,5,1497.87,6
TRIP04194,USER6560,Paris,25-12-2024,07-02-2025,Cultural,Train,5,1236.47,4
TRIP04195,USER9862,New York,11-01-2025,02-04-2025,Family,Bus,5,4439.43,10
TRIP04196,USER8363,London,31-12-2024,12-01-2025,Cultural,Car,4,930.48,5
TRIP04197,USER8520,Barcelona,18-04-2024,21-12-2024,Cultural,Bus,5,4231.37,9
TRIP04198,USER4713,Barcelona,09-04-2024,20-09-2024,Leisure,Cruise,4,4717.8,4
TRIP04199,USER8115,Bangkok,03-10-2024,26-01-2025,Family,Cruise,3,1458.25,10
TRIP04200,USER4314,Sydney,05-08-2024,25-03-2025,Beach,Train,3,4450.86,1
TRIP04201,USER5386,Paris,30-01-2025,07-04-2025,Beach,Bus,3,4188.03,2
TRIP04202,USER5238,Bangkok,06-07-2024,11-07-2024,Family,Bus,2,3299.99,4
TRIP04203,USER8550,Barcelona,27-07-2024,30-08-2024,Family,Bus,2,1816.87,1
TRIP04204,USER7852,Bangkok,11-08-2024,28-01-2025,Cultural,Car,4,3944.97,7
TRIP04205,USER2953,Dubai,07-08-2024,12-11-2024,Leisure,Car,1,953.46,6
TRIP04206,USER6187,New York,03-10-2024,07-03-2025,Family,Cruise,1,4455,9
TRIP04207,USER4663,Bangkok,06-11-2024,26-11-2024,Leisure,Train,2,662.57,10
TRIP04208,USER2223,Istanbul,03-09-2024,13-03-2025,Beach,Train,5,3408.67,5
TRIP04209,USER8255,Tokyo,03-10-2024,14-10-2024,Cultural,Bus,4,3682.21,5
TRIP04210,USER1071,Tokyo,20-02-2025,12-03-2025,Beach,Car,5,3678.63,4
TRIP04211,USER5910,Bangkok,06-07-2024,03-12-2024,Family,Car,1,510.26,9
TRIP04212,USER9858,Barcelona,22-08-2024,11-09-2024,Adventure,Cruise,3,3937.68,10
TRIP04213,USER3178,Barcelona,26-02-2025,02-04-2025,Family,Car,1,1611.43,3
TRIP04214,USER2729,Tokyo,14-01-2025,22-03-2025,Adventure,Bus,1,3884.91,8
TRIP04215,USER7585,Barcelona,21-05-2024,02-12-2024,Cultural,Car,5,4778.6,10
TRIP04216,USER1510,Istanbul,18-07-2024,14-11-2024,Adventure,Bus,3,4929.29,3
TRIP04217,USER8640,Sydney,26-03-2024,05-01-2025,Business,Bus,4,2909.24,9
TRIP04218,USER1477,Paris,29-06-2024,05-03-2025,Cultural,Cruise,3,2683.95,10
TRIP04219,USER6887,Sydney,17-02-2025,14-03-2025,Leisure,Bus,5,1297.93,9
TRIP04220,USER2977,Bangkok,27-11-2024,14-04-2025,Business,Car,5,3104.97,1
TRIP04221,USER1068,Istanbul,18-12-2024,28-01-2025,Family,Train,2,3036.15,2
TRIP04222,USER6454,Rome,28-04-2024,12-06-2024,Leisure,Car,2,4079.67,3
TRIP04223,USER9135,Bangkok,29-03-2024,26-02-2025,Cultural,Car,2,2866.18,1
TRIP04224,USER3294,Paris,03-08-2024,11-09-2024,Cultural,Train,5,1657.86,8
TRIP04225,USER4318,Bangkok,10-08-2024,10-11-2024,Cultural,Cruise,1,2522.33,2
TRIP04226,USER1054,Istanbul,10-07-2024,01-03-2025,Adventure,Bus,1,1538.21,7
TRIP04227,USER3064,Tokyo,13-05-2024,22-06-2024,Adventure,Cruise,4,991.34,10
TRIP04228,USER8541,New York,12-10-2024,02-03-2025,Family,Flight,5,3132.71,4
TRIP04229,USER8967,Rome,02-08-2024,16-01-2025,Leisure,Car,1,3591.72,3
TRIP04230,USER6882,Sydney,30-06-2024,09-11-2024,Leisure,Flight,4,1724.16,5
TRIP04231,USER5555,Istanbul,30-09-2024,05-10-2024,Cultural,Cruise,3,3404.53,7
TRIP04232,USER3794,Rome,11-03-2025,10-04-2025,Adventure,Bus,2,1609.31,6
TRIP04233,USER1846,London,05-07-2024,10-10-2024,Beach,Bus,1,537.68,4
TRIP04234,USER1918,London,20-07-2024,06-02-2025,Business,Car,2,3355.28,4
TRIP04235,USER5077,Istanbul,29-05-2024,22-02-2025,Family,Bus,5,2236.59,6
TRIP04236,USER5447,London,11-03-2025,30-03-2025,Adventure,Bus,1,3825.8,10
TRIP04237,USER6072,Rome,10-11-2024,12-01-2025,Business,Car,4,1375.74,5
TRIP04238,USER2620,London,19-03-2024,04-08-2024,Beach,Cruise,3,4858.38,9
TRIP04239,USER9738,Tokyo,05-11-2024,01-12-2024,Beach,Bus,1,3579.9,1
TRIP04240,USER6671,New York,15-03-2025,31-03-2025,Beach,Car,3,1443.31,4
TRIP04241,USER2697,Tokyo,10-06-2024,06-10-2024,Adventure,Train,3,1240.38,2
TRIP04242,USER9353,Rome,02-04-2024,27-03-2025,Beach,Bus,3,4953.99,3
TRIP04243,USER3448,London,22-12-2024,05-02-2025,Beach,Bus,2,2966.78,3
TRIP04244,USER9200,London,01-10-2024,08-03-2025,Beach,Train,1,3741.34,3
TRIP04245,USER6621,Tokyo,04-03-2025,23-03-2025,Family,Flight,1,2023.11,4
TRIP04246,USER4125,Rome,19-04-2024,11-01-2025,Cultural,Train,4,1785.57,4
TRIP04247,USER6400,Paris,31-12-2024,31-01-2025,Business,Train,5,1432.92,9
TRIP04248,USER2008,Paris,05-03-2025,07-03-2025,Cultural,Bus,1,1718.17,3
TRIP04249,USER5661,Barcelona,11-08-2024,11-09-2024,Leisure,Car,2,1718.24,10
TRIP04250,USER1404,London,11-10-2024,27-02-2025,Business,Bus,2,4743.36,6
TRIP04251,USER3898,London,04-05-2024,26-12-2024,Adventure,Cruise,4,2737.47,9
TRIP04252,USER4584,Dubai,31-07-2024,26-09-2024,Leisure,Bus,1,1516.09,1
TRIP04253,USER5644,Paris,23-12-2024,27-01-2025,Cultural,Bus,5,3828.28,4
TRIP04254,USER4484,New York,03-06-2024,20-06-2024,Beach,Flight,2,4251.87,3
TRIP04255,USER2953,Bangkok,05-07-2024,21-07-2024,Business,Cruise,4,1498.45,10
TRIP04256,USER4153,London,20-02-2025,31-03-2025,Family,Cruise,1,2665.71,4
TRIP04257,USER5407,Sydney,11-03-2025,30-03-2025,Beach,Bus,2,2134.86,4
TRIP04258,USER3494,New York,23-07-2024,23-12-2024,Leisure,Flight,4,931.32,9
TRIP04259,USER3632,Barcelona,22-01-2025,27-02-2025,Adventure,Flight,2,3787.32,4
TRIP04260,USER6220,Bangkok,02-12-2024,31-12-2024,Cultural,Car,1,2612.34,5
TRIP04261,USER2535,Paris,03-10-2024,29-11-2024,Leisure,Flight,1,1610.08,4
TRIP04262,USER5299,Sydney,17-07-2024,24-01-2025,Leisure,Bus,4,1998.28,2
TRIP04263,USER3120,Dubai,17-08-2024,15-01-2025,Cultural,Train,3,2103,8
TRIP04264,USER2639,Tokyo,10-09-2024,18-03-2025,Leisure,Flight,1,2807.37,3
TRIP04265,USER9143,New York,15-04-2024,30-11-2024,Leisure,Cruise,3,3151.65,1
TRIP04266,USER6357,Bangkok,04-07-2024,31-01-2025,Leisure,Train,2,1223.48,8
TRIP04267,USER1995,Istanbul,01-12-2024,31-01-2025,Adventure,Car,2,4801.23,10
TRIP04268,USER8625,Sydney,10-06-2024,30-12-2024,Adventure,Cruise,1,3251.76,10
TRIP04269,USER3966,Paris,29-07-2024,06-10-2024,Cultural,Train,2,2630.79,10
TRIP04270,USER5617,New York,02-07-2024,10-07-2024,Business,Bus,2,4759.1,7
TRIP04271,USER3398,Istanbul,29-08-2024,18-09-2024,Adventure,Cruise,3,629.07,9
TRIP04272,USER5910,Tokyo,14-05-2024,26-06-2024,Adventure,Car,5,4245.17,2
TRIP04273,USER6624,Dubai,11-12-2024,16-03-2025,Family,Train,4,1959.34,4
TRIP04274,USER3234,Istanbul,11-07-2024,04-03-2025,Beach,Car,2,4986.85,10
TRIP04275,USER7673,Rome,13-12-2024,26-01-2025,Leisure,Cruise,4,1719.23,1
TRIP04276,USER6346,Rome,09-02-2025,03-03-2025,Business,Car,1,4630.47,1
TRIP04277,USER4080,New York,29-08-2024,10-02-2025,Cultural,Car,4,968.72,5
TRIP04278,USER4113,London,20-05-2024,16-08-2024,Business,Train,3,3205.55,6
TRIP04279,USER1636,Sydney,25-08-2024,23-01-2025,Business,Bus,5,3230.58,9
TRIP04280,USER3961,Dubai,03-02-2025,25-03-2025,Cultural,Cruise,2,926.12,4
TRIP04281,USER3200,London,15-04-2024,01-03-2025,Adventure,Flight,2,921.13,4
TRIP04282,USER3472,Barcelona,14-07-2024,23-10-2024,Leisure,Train,2,3924.75,9
TRIP04283,USER8421,Istanbul,01-02-2025,24-02-2025,Cultural,Flight,2,2808.63,6
TRIP04284,USER4409,Rome,15-03-2025,13-04-2025,Cultural,Flight,3,2642.56,9
TRIP04285,USER3414,Tokyo,25-05-2024,16-10-2024,Leisure,Cruise,3,4191.42,4
TRIP04286,USER3928,Dubai,12-12-2024,01-03-2025,Family,Car,2,1434.85,3
TRIP04287,USER5924,Istanbul,16-12-2024,09-02-2025,Family,Cruise,5,3321.41,6
TRIP04288,USER8242,London,20-08-2024,25-08-2024,Family,Flight,4,4139.49,3
TRIP04289,USER1980,Sydney,05-06-2024,24-06-2024,Beach,Bus,5,1985.77,5
TRIP04290,USER6440,Barcelona,13-04-2024,04-09-2024,Adventure,Bus,2,2756.86,6
TRIP04291,USER3347,Istanbul,06-09-2024,25-10-2024,Adventure,Bus,3,1322.02,5
TRIP04292,USER9993,Istanbul,26-04-2024,14-05-2024,Beach,Cruise,1,4891.01,8
TRIP04293,USER7881,Barcelona,09-12-2024,29-03-2025,Family,Flight,5,4132.83,5
TRIP04294,USER6553,Istanbul,06-06-2024,13-02-2025,Family,Bus,2,1620.26,6
TRIP04295,USER1669,Paris,21-01-2025,09-03-2025,Beach,Cruise,4,1184.3,4
TRIP04296,USER6285,Dubai,28-02-2025,23-03-2025,Family,Flight,1,1946.67,9
TRIP04297,USER7252,Barcelona,02-04-2024,27-12-2024,Beach,Train,4,4372.9,9
TRIP04298,USER7193,Barcelona,27-08-2024,18-10-2024,Business,Cruise,1,2675.75,2
TRIP04299,USER1803,Istanbul,22-09-2024,14-10-2024,Family,Car,4,1413.74,3
TRIP04300,USER3314,Barcelona,24-05-2024,08-11-2024,Adventure,Flight,2,4000.24,1
TRIP04301,USER1060,Paris,23-02-2025,24-03-2025,Family,Bus,3,2979.33,5
TRIP04302,USER8092,Istanbul,08-07-2024,15-08-2024,Beach,Train,3,4879.7,2
TRIP04303,USER1035,Tokyo,19-12-2024,20-03-2025,Leisure,Cruise,4,1546.52,5
TRIP04304,USER7253,Paris,20-03-2024,02-01-2025,Beach,Car,3,4828.66,2
TRIP04305,USER3720,London,01-12-2024,24-03-2025,Cultural,Flight,5,4454.36,6
TRIP04306,USER7003,New York,20-02-2025,02-03-2025,Business,Cruise,2,608.48,2
TRIP04307,USER2488,Rome,01-06-2024,12-09-2024,Family,Cruise,2,1018.08,6
TRIP04308,USER2395,Barcelona,01-10-2024,22-01-2025,Adventure,Train,4,3171.78,9
TRIP04309,USER9905,Dubai,25-12-2024,24-03-2025,Business,Cruise,1,3461.02,3
TRIP04311,USER2549,New York,06-06-2024,16-10-2024,Business,Car,2,1435.58,7
TRIP04312,USER6938,London,25-02-2025,23-03-2025,Beach,Cruise,5,4456.42,3
TRIP04313,USER6501,London,30-03-2024,20-05-2024,Adventure,Flight,3,4814.56,2
TRIP04314,USER4021,Dubai,24-04-2024,20-02-2025,Beach,Cruise,5,3232.91,5
TRIP04315,USER5727,Paris,09-09-2024,18-11-2024,Cultural,Flight,5,1662.47,1
TRIP04316,USER9395,Tokyo,19-02-2025,20-02-2025,Cultural,Bus,2,3642.36,8
TRIP04317,USER4032,New York,21-09-2024,13-12-2024,Business,Car,3,4824.42,3
TRIP04318,USER8814,Istanbul,27-05-2024,12-01-2025,Beach,Flight,4,709.38,9
TRIP04319,USER4285,Tokyo,14-05-2024,29-08-2024,Leisure,Bus,4,1933.67,3
TRIP04320,USER1535,Paris,04-02-2025,12-02-2025,Business,Car,2,570.06,9
TRIP04321,USER3110,Sydney,03-04-2024,23-04-2024,Adventure,Train,1,3148.33,1
TRIP04322,USER6745,Paris,05-04-2024,30-07-2024,Cultural,Flight,1,1990.28,3
TRIP04323,USER8012,Paris,12-06-2024,06-12-2024,Business,Car,1,1110.93,6
TRIP04324,USER3299,Paris,04-10-2024,13-02-2025,Beach,Bus,3,686.92,3
TRIP04325,USER2704,Istanbul,09-08-2024,07-04-2025,Family,Car,3,626.7,10
TRIP04326,USER9620,Sydney,01-02-2025,09-04-2025,Cultural,Car,1,2979.59,1
TRIP04327,USER9766,Dubai,11-04-2024,11-04-2024,Beach,Cruise,5,2329.6,8
TRIP04328,USER9707,Sydney,19-12-2024,22-01-2025,Family,Cruise,4,1110.35,9
TRIP04329,USER3519,Paris,17-11-2024,13-03-2025,Leisure,Bus,5,1040.26,8
TRIP04330,USER4624,New York,12-03-2025,13-03-2025,Adventure,Bus,2,1892.5,6
TRIP04331,USER4563,New York,28-05-2024,05-10-2024,Family,Cruise,4,3417.61,7
TRIP04332,USER8139,London,09-03-2025,07-04-2025,Business,Train,1,4492.15,3
TRIP04333,USER5107,Sydney,23-08-2024,05-09-2024,Leisure,Train,1,2206.85,6
TRIP04334,USER6214,London,12-08-2024,23-01-2025,Beach,Cruise,1,4294.08,7
TRIP04335,USER6688,Bangkok,15-08-2024,09-01-2025,Cultural,Bus,1,3150.25,2
TRIP04336,USER7010,Tokyo,25-01-2025,08-03-2025,Adventure,Flight,2,1711.93,4
TRIP04337,USER6614,Barcelona,27-04-2024,30-01-2025,Business,Car,4,1373.58,1
TRIP04338,USER2965,Bangkok,16-07-2024,06-12-2024,Adventure,Train,2,2382.9,8
TRIP04339,USER6631,Rome,14-03-2025,31-03-2025,Beach,Cruise,5,3003.41,7
TRIP04340,USER6676,New York,28-07-2024,18-08-2024,Leisure,Train,2,3136.73,10
TRIP04341,USER2054,Tokyo,18-07-2024,17-08-2024,Adventure,Car,1,3513.31,9
TRIP04342,USER5454,Dubai,17-12-2024,12-04-2025,Beach,Car,3,4157.18,2
TRIP04343,USER5111,Sydney,31-01-2025,16-02-2025,Leisure,Train,4,4556.82,7
TRIP04344,USER2367,Istanbul,18-10-2024,02-01-2025,Adventure,Cruise,5,3140.83,5
TRIP04345,USER4581,Dubai,26-08-2024,28-08-2024,Family,Flight,4,3113.15,10
TRIP04346,USER4172,New York,17-10-2024,07-12-2024,Adventure,Car,2,1010.23,1
TRIP04347,USER3882,Dubai,20-09-2024,11-11-2024,Business,Car,5,2467.39,5
TRIP04348,USER3532,Dubai,14-12-2024,08-02-2025,Beach,Car,4,4041.09,10
TRIP04349,USER4678,Barcelona,04-05-2024,14-02-2025,Cultural,Cruise,4,628.6,1
TRIP04350,USER5812,New York,30-08-2024,26-03-2025,Leisure,Cruise,5,502.34,8
TRIP04351,USER8722,Paris,24-11-2024,19-02-2025,Family,Flight,5,4769.09,1
TRIP04352,USER5275,Tokyo,02-01-2025,13-02-2025,Business,Cruise,4,907.6,1
TRIP04353,USER9778,Bangkok,06-09-2024,11-10-2024,Beach,Car,1,793.14,3
TRIP04354,USER1163,New York,21-01-2025,23-03-2025,Family,Cruise,1,1661.66,9
TRIP04355,USER5135,Rome,26-08-2024,28-11-2024,Beach,Flight,2,1441.94,5
TRIP04356,USER4731,London,22-06-2024,04-12-2024,Family,Bus,4,2205.14,7
TRIP04357,USER4584,London,07-03-2025,20-03-2025,Business,Car,3,1978.14,10
TRIP04358,USER4372,New York,30-07-2024,20-01-2025,Leisure,Train,2,718.72,10
TRIP04359,USER7423,Sydney,28-12-2024,26-01-2025,Adventure,Flight,3,1352.66,3
TRIP04360,USER9090,Paris,25-01-2025,27-01-2025,Cultural,Bus,1,3966.38,10
TRIP04361,USER1029,Tokyo,05-02-2025,07-02-2025,Business,Car,5,2767.06,8
TRIP04362,USER2819,Istanbul,29-06-2024,08-07-2024,Beach,Bus,2,3393.06,6
TRIP04363,USER6490,Barcelona,20-01-2025,01-04-2025,Leisure,Cruise,3,592.78,7
TRIP04364,USER5332,New York,11-08-2024,13-09-2024,Adventure,Car,4,884.58,9
TRIP04365,USER7546,London,25-07-2024,07-04-2025,Adventure,Flight,5,3386.69,2
TRIP04366,USER6891,Sydney,09-09-2024,07-10-2024,Adventure,Train,2,3952.17,9
TRIP04367,USER1045,Paris,12-10-2024,11-02-2025,Business,Flight,3,515.65,3
TRIP04368,USER1170,Barcelona,24-01-2025,14-02-2025,Cultural,Flight,3,1919.25,1
TRIP04369,USER1835,Istanbul,13-05-2024,01-10-2024,Business,Flight,5,2297.3,5
TRIP04370,USER9772,Istanbul,31-05-2024,14-07-2024,Adventure,Train,2,1261.08,7
TRIP04371,USER8699,Sydney,03-10-2024,30-12-2024,Family,Car,4,1135.93,3
TRIP04372,USER2908,Istanbul,10-10-2024,06-12-2024,Leisure,Train,3,1960.68,4
TRIP04373,USER4924,New York,26-11-2024,11-03-2025,Family,Cruise,2,743.66,2
TRIP04374,USER9226,Rome,18-07-2024,27-09-2024,Family,Car,1,3917.49,9
TRIP04375,USER4110,Rome,05-09-2024,10-03-2025,Leisure,Car,1,1334.35,2
TRIP04376,USER1323,Dubai,06-06-2024,20-11-2024,Beach,Cruise,4,742.75,8
TRIP04377,USER5906,New York,06-07-2024,05-09-2024,Family,Cruise,1,654.3,8
TRIP04378,USER4386,Dubai,23-12-2024,01-02-2025,Beach,Train,1,3734.4,4
TRIP04379,USER3581,Istanbul,19-05-2024,08-02-2025,Family,Train,2,3675.41,8
TRIP04380,USER2781,Istanbul,11-04-2024,13-04-2024,Leisure,Train,5,3664.25,6
TRIP04381,USER6110,Rome,26-03-2024,15-08-2024,Adventure,Flight,5,2040.46,4
TRIP04382,USER5596,London,03-01-2025,09-02-2025,Leisure,Flight,1,2996.68,2
TRIP04383,USER4612,Sydney,22-11-2024,28-02-2025,Adventure,Cruise,3,4235.86,1
TRIP04384,USER4067,Barcelona,15-12-2024,28-03-2025,Business,Flight,3,4643.43,4
TRIP04385,USER4956,Tokyo,10-08-2024,25-09-2024,Leisure,Train,5,1320.19,3
TRIP04386,USER8930,Bangkok,17-08-2024,28-12-2024,Cultural,Cruise,5,4905.1,2
TRIP04387,USER3061,Istanbul,12-12-2024,12-02-2025,Cultural,Bus,1,4907.8,4
TRIP04388,USER9997,Barcelona,27-03-2024,31-12-2024,Leisure,Cruise,3,2554.74,9
TRIP04389,USER2400,Dubai,07-06-2024,04-10-2024,Beach,Train,3,4220.48,7
TRIP04390,USER7207,Bangkok,13-06-2024,15-02-2025,Cultural,Cruise,4,4102.81,7
TRIP04391,USER5645,Tokyo,11-10-2024,17-11-2024,Family,Bus,1,3398.62,2
TRIP04392,USER5277,Dubai,28-03-2024,26-06-2024,Beach,Bus,2,2477.02,4
TRIP04393,USER6216,Istanbul,09-06-2024,26-01-2025,Beach,Bus,1,4907.04,2
TRIP04394,USER3923,Sydney,23-10-2024,14-02-2025,Business,Bus,4,4924.64,3
TRIP04395,USER3422,Istanbul,05-01-2025,24-01-2025,Family,Train,3,602.75,8
TRIP04396,USER2441,Paris,20-04-2024,21-11-2024,Leisure,Bus,5,3640.92,6
TRIP04397,USER6361,London,27-09-2024,21-10-2024,Adventure,Cruise,4,1532.84,9
TRIP04398,USER6574,New York,19-02-2025,24-02-2025,Business,Car,5,3862.25,1
TRIP04399,USER6664,Barcelona,28-06-2024,15-01-2025,Family,Flight,2,718.05,3
TRIP04400,USER3196,Tokyo,04-12-2024,26-02-2025,Cultural,Train,3,3340.08,8
TRIP04401,USER5791,New York,03-10-2024,25-01-2025,Adventure,Flight,3,771.8,6
TRIP04402,USER4596,Bangkok,08-06-2024,19-10-2024,Leisure,Flight,2,2637.21,4
TRIP04403,USER5115,Sydney,20-09-2024,05-02-2025,Beach,Cruise,3,1168.5,2
TRIP04404,USER9809,New York,07-02-2025,13-02-2025,Adventure,Bus,2,1096.56,5
TRIP04405,USER6415,Bangkok,02-08-2024,20-09-2024,Family,Car,1,3204.91,2
TRIP04406,USER4310,Paris,29-10-2024,26-12-2024,Cultural,Car,5,3999.59,4
TRIP04407,USER7001,Tokyo,03-02-2025,22-02-2025,Beach,Train,4,4138.38,8
TRIP04408,USER7926,Tokyo,03-01-2025,22-03-2025,Leisure,Car,2,1799.46,3
TRIP04409,USER2887,Dubai,10-01-2025,16-03-2025,Adventure,Flight,2,4425.95,2
TRIP04410,USER8120,Dubai,23-12-2024,13-01-2025,Beach,Cruise,1,2516.88,5
TRIP04412,USER1648,Istanbul,08-05-2024,06-07-2024,Adventure,Bus,1,3444,2
TRIP04413,USER2527,Tokyo,06-04-2024,29-12-2024,Adventure,Flight,1,1491.68,2
TRIP04414,USER2115,Tokyo,14-03-2025,22-03-2025,Cultural,Cruise,4,3652.25,3
TRIP04415,USER7049,Rome,20-05-2024,06-06-2024,Business,Train,2,4941.76,1
TRIP04416,USER8907,Sydney,12-11-2024,27-11-2024,Business,Flight,1,3702.91,8
TRIP04417,USER3265,New York,12-02-2025,14-04-2025,Cultural,Cruise,3,3141.6,5
TRIP04418,USER9661,Bangkok,13-03-2025,29-03-2025,Leisure,Flight,2,551.47,2
TRIP04419,USER1617,Tokyo,21-03-2024,02-10-2024,Leisure,Car,5,2899.09,6
TRIP04420,USER1338,Barcelona,25-04-2024,13-12-2024,Adventure,Cruise,5,2689.33,3
TRIP04421,USER6687,Dubai,25-06-2024,01-03-2025,Family,Bus,1,2313.19,8
TRIP04422,USER6294,London,09-02-2025,17-03-2025,Leisure,Train,5,2663.24,3
TRIP04423,USER6252,London,22-06-2024,10-02-2025,Family,Cruise,1,2949.97,4
TRIP04424,USER8137,New York,10-07-2024,21-11-2024,Beach,Flight,2,4752.79,5
TRIP04425,USER8162,London,07-03-2025,07-03-2025,Business,Flight,3,604.32,4
TRIP04426,USER6611,London,05-12-2024,08-04-2025,Business,Train,1,3016.28,4
TRIP04427,USER9446,Dubai,16-08-2024,11-01-2025,Adventure,Bus,1,3184.52,4
TRIP04428,USER4547,New York,27-07-2024,27-07-2024,Leisure,Bus,5,1013.81,10
TRIP04429,USER5345,Barcelona,12-04-2024,22-11-2024,Leisure,Flight,4,3838.79,6
TRIP04430,USER9876,Sydney,21-02-2025,24-03-2025,Adventure,Bus,3,3777.88,5
TRIP04431,USER2610,Sydney,18-01-2025,28-02-2025,Adventure,Flight,1,4293.95,4
TRIP04432,USER3017,Tokyo,13-04-2024,29-12-2024,Business,Cruise,1,1748.28,9
TRIP04433,USER1165,Barcelona,27-09-2024,21-12-2024,Business,Train,5,3338.52,7
TRIP04434,USER5558,Istanbul,24-04-2024,20-10-2024,Business,Bus,2,3034.29,8
TRIP04435,USER6780,Istanbul,24-06-2024,04-01-2025,Leisure,Cruise,1,802.83,6
TRIP04436,USER5482,Bangkok,20-01-2025,02-02-2025,Family,Bus,4,1862.72,6
TRIP04437,USER8092,Paris,17-12-2024,18-02-2025,Family,Flight,1,574.08,8
TRIP04438,USER9555,Istanbul,26-06-2024,12-03-2025,Business,Flight,1,3820.87,7
TRIP04439,USER3280,New York,26-11-2024,27-12-2024,Adventure,Train,5,1295.12,10
TRIP04440,USER6002,New York,29-01-2025,23-02-2025,Family,Flight,4,3793.43,4
TRIP04441,USER8746,Rome,18-08-2024,15-03-2025,Beach,Train,2,3758.86,7
TRIP04442,USER5226,Bangkok,16-03-2024,14-08-2024,Cultural,Car,1,4802.62,5
TRIP04443,USER7708,London,10-07-2024,10-09-2024,Business,Flight,5,4344.58,2
TRIP04444,USER6691,Sydney,15-09-2024,15-11-2024,Adventure,Bus,3,4422.82,4
TRIP04445,USER3814,Tokyo,26-01-2025,05-03-2025,Business,Car,3,2191.99,10
TRIP04446,USER4477,Tokyo,26-05-2024,07-12-2024,Leisure,Cruise,1,788.51,2
TRIP04447,USER7448,Paris,24-12-2024,02-02-2025,Leisure,Cruise,4,4604.79,8
TRIP04448,USER3979,Dubai,22-08-2024,14-04-2025,Cultural,Flight,4,1003.12,1
TRIP04449,USER6668,Istanbul,01-03-2025,11-04-2025,Family,Train,5,4510.24,7
TRIP04450,USER4219,London,19-05-2024,11-02-2025,Leisure,Cruise,4,2516.74,9
TRIP04451,USER4900,Sydney,26-02-2025,03-03-2025,Business,Train,5,3273.2,5
TRIP04452,USER5589,Istanbul,01-03-2025,09-04-2025,Leisure,Car,1,4933.08,3
TRIP04453,USER7381,Istanbul,28-07-2024,19-02-2025,Cultural,Cruise,3,4909.7,10
TRIP04454,USER4713,New York,03-07-2024,04-02-2025,Business,Car,5,4690.96,10
TRIP04455,USER6126,New York,02-12-2024,25-12-2024,Family,Bus,2,1515.49,2
TRIP04456,USER9651,Rome,23-04-2024,30-07-2024,Leisure,Car,3,1003.96,8
TRIP04457,USER8804,Istanbul,13-09-2024,18-01-2025,Cultural,Train,1,1674.07,5
TRIP04458,USER3977,Sydney,04-08-2024,08-08-2024,Adventure,Car,3,2274.95,10
TRIP04459,USER8506,Rome,11-01-2025,24-03-2025,Leisure,Bus,2,3909.73,9
TRIP04460,USER7069,Istanbul,21-05-2024,05-11-2024,Cultural,Train,2,2736.61,3
TRIP04461,USER9041,Istanbul,04-08-2024,14-04-2025,Cultural,Flight,1,2567.47,8
TRIP04462,USER9620,Sydney,20-04-2024,25-08-2024,Cultural,Car,2,2170.01,1
TRIP04463,USER8715,Paris,14-11-2024,21-11-2024,Cultural,Flight,3,1305.84,4
TRIP04464,USER1103,Tokyo,02-04-2024,08-04-2025,Adventure,Cruise,2,1873.56,1
TRIP04465,USER9749,Tokyo,25-08-2024,10-04-2025,Adventure,Flight,4,3020.51,5
TRIP04466,USER9109,Istanbul,25-05-2024,17-12-2024,Leisure,Car,4,4762.68,3
TRIP04467,USER4447,Bangkok,04-04-2024,12-08-2024,Cultural,Cruise,1,3259.65,3
TRIP04468,USER2108,Tokyo,29-03-2024,27-02-2025,Adventure,Car,4,1262.21,5
TRIP04469,USER1714,Istanbul,09-09-2024,05-12-2024,Family,Flight,4,3597.5,4
TRIP04470,USER2212,New York,16-08-2024,13-09-2024,Family,Cruise,3,1902.87,4
TRIP04471,USER2259,Dubai,26-06-2024,20-09-2024,Adventure,Train,2,3606.02,3
TRIP04472,USER5596,New York,10-12-2024,25-02-2025,Beach,Cruise,4,3823.65,1
TRIP04473,USER7854,New York,22-08-2024,01-11-2024,Adventure,Train,1,2606.83,1
TRIP04474,USER1538,Rome,17-02-2025,07-03-2025,Family,Car,4,1914.16,6
TRIP04475,USER6512,London,24-11-2024,25-02-2025,Adventure,Car,5,1784.3,3
TRIP04476,USER4160,Paris,09-04-2024,03-04-2025,Cultural,Bus,3,3685.2,8
TRIP04477,USER8881,London,24-02-2025,03-04-2025,Beach,Flight,1,1198.94,10
TRIP04478,USER3800,Rome,22-02-2025,06-04-2025,Cultural,Car,1,4627.65,10
TRIP04479,USER8415,Istanbul,22-07-2024,10-12-2024,Business,Train,3,1537.71,6
TRIP04480,USER1983,Istanbul,07-06-2024,06-03-2025,Family,Train,2,579.92,7
TRIP04481,USER1154,New York,18-10-2024,06-01-2025,Family,Flight,1,4000.9,2
TRIP04482,USER3108,London,19-09-2024,12-04-2025,Cultural,Train,5,4873.44,7
TRIP04483,USER7313,Istanbul,14-05-2024,13-08-2024,Adventure,Cruise,2,4550.2,1
TRIP04484,USER4488,Barcelona,16-07-2024,02-02-2025,Business,Flight,1,2759.15,1
TRIP04486,USER6082,New York,18-09-2024,25-02-2025,Leisure,Bus,2,645.95,1
TRIP04487,USER5542,Sydney,15-05-2024,21-10-2024,Business,Train,2,3983.34,9
TRIP04488,USER4218,Rome,14-03-2025,10-04-2025,Leisure,Train,4,1287.78,4
TRIP04489,USER5468,Istanbul,18-02-2025,31-03-2025,Cultural,Cruise,4,564.98,9
TRIP04490,USER7250,Dubai,28-08-2024,03-04-2025,Adventure,Bus,2,1777.52,5
TRIP04491,USER7841,Dubai,17-12-2024,06-04-2025,Family,Bus,2,4714.42,7
TRIP04492,USER3647,London,20-02-2025,21-03-2025,Business,Cruise,3,3337.62,1
TRIP04493,USER4037,Paris,24-05-2024,08-07-2024,Business,Train,5,3835.16,6
TRIP04494,USER1736,New York,22-08-2024,25-12-2024,Family,Car,5,1267.84,10
TRIP04495,USER1499,Sydney,02-10-2024,30-03-2025,Beach,Train,4,3925.16,6
TRIP04496,USER9112,Dubai,07-04-2024,04-09-2024,Business,Car,3,2023.06,4
TRIP04497,USER8212,Istanbul,15-05-2024,08-09-2024,Beach,Cruise,5,4961.52,8
TRIP04498,USER4027,Paris,07-04-2024,04-12-2024,Beach,Flight,5,1212.94,3
TRIP04499,USER7886,Tokyo,19-07-2024,07-08-2024,Business,Bus,4,4470.1,2
TRIP04500,USER7100,Tokyo,20-12-2024,30-12-2024,Leisure,Car,3,2511.62,7
TRIP04501,USER4029,Istanbul,25-05-2024,12-02-2025,Cultural,Car,2,1181.92,3
TRIP04502,USER7373,Tokyo,15-03-2025,03-04-2025,Leisure,Cruise,2,2242.44,8
TRIP04503,USER2441,Istanbul,29-09-2024,13-10-2024,Leisure,Train,2,3883.12,6
TRIP04504,USER6453,Istanbul,23-09-2024,17-03-2025,Beach,Flight,4,2212.89,9
TRIP04505,USER7710,New York,02-02-2025,10-02-2025,Business,Train,2,2922.32,1
TRIP04506,USER3686,Tokyo,20-02-2025,14-04-2025,Adventure,Cruise,1,537.28,7
TRIP04507,USER6527,Istanbul,17-08-2024,02-11-2024,Adventure,Cruise,5,2074.86,9
TRIP04508,USER5622,Rome,24-04-2024,25-08-2024,Business,Train,4,608.1,1
TRIP04509,USER8298,Sydney,21-12-2024,30-03-2025,Family,Flight,4,1091.26,3
TRIP04510,USER7882,Istanbul,02-06-2024,06-12-2024,Leisure,Train,4,4015.72,10
TRIP04511,USER2790,Tokyo,02-09-2024,20-10-2024,Leisure,Flight,4,2395.22,7
TRIP04512,USER5721,Bangkok,27-01-2025,13-04-2025,Cultural,Flight,1,4794.25,8
TRIP04513,USER2355,New York,12-05-2024,02-07-2024,Business,Car,5,4023.48,10
TRIP04514,USER9958,Sydney,13-09-2024,28-10-2024,Leisure,Car,3,1764.26,1
TRIP04515,USER7402,Rome,28-03-2024,05-05-2024,Family,Train,5,1638.41,8
TRIP04516,USER2961,London,22-07-2024,25-08-2024,Leisure,Cruise,3,3363.46,8
TRIP04517,USER2998,Sydney,12-11-2024,11-03-2025,Family,Bus,2,2600.46,1
TRIP04518,USER2265,Barcelona,05-12-2024,22-02-2025,Beach,Cruise,3,3229.11,6
TRIP04519,USER2568,Paris,01-11-2024,26-12-2024,Cultural,Bus,4,3054.71,6
TRIP04521,USER2765,New York,23-06-2024,26-07-2024,Adventure,Bus,2,1231.7,4
TRIP04522,USER1779,Bangkok,28-01-2025,13-04-2025,Cultural,Train,3,4720.23,5
TRIP04523,USER8011,New York,07-02-2025,17-02-2025,Family,Cruise,2,3278.66,9
TRIP04524,USER5376,Sydney,10-04-2024,18-07-2024,Leisure,Car,3,837.25,5
TRIP04525,USER5859,Istanbul,22-03-2024,02-04-2024,Adventure,Car,3,2823.63,3
TRIP04526,USER9748,Barcelona,06-02-2025,10-03-2025,Cultural,Car,5,2115.75,2
TRIP04527,USER6289,Barcelona,11-09-2024,07-04-2025,Leisure,Bus,4,1648.42,7
TRIP04528,USER7977,Istanbul,13-10-2024,15-04-2025,Adventure,Cruise,4,1766.82,2
TRIP04529,USER2158,Istanbul,14-11-2024,18-12-2024,Beach,Car,4,4463.08,7
TRIP04530,USER6755,Rome,19-05-2024,02-02-2025,Cultural,Cruise,4,1766.94,9
TRIP04531,USER2034,Barcelona,18-11-2024,02-12-2024,Beach,Cruise,3,3981.31,5
TRIP04532,USER5879,Bangkok,28-04-2024,04-08-2024,Leisure,Bus,2,2626.18,2
TRIP04533,USER7941,New York,23-12-2024,02-03-2025,Leisure,Bus,3,4898.13,1
TRIP04534,USER4476,Istanbul,02-11-2024,01-03-2025,Business,Bus,1,4475.17,8
TRIP04535,USER2595,Barcelona,02-05-2024,27-05-2024,Beach,Car,5,1735.88,2
TRIP04536,USER2319,Istanbul,12-08-2024,17-08-2024,Adventure,Train,1,1700.34,7
TRIP04537,USER2698,Tokyo,29-05-2024,06-03-2025,Leisure,Flight,5,1140.1,4
TRIP04538,USER4899,Rome,05-03-2025,18-03-2025,Business,Bus,4,2083.16,3
TRIP04539,USER7524,Paris,08-02-2025,05-04-2025,Adventure,Flight,2,4191.89,9
TRIP04540,USER8063,Sydney,29-01-2025,14-04-2025,Adventure,Bus,4,3489.91,7
TRIP04541,USER6162,Rome,26-04-2024,16-10-2024,Adventure,Cruise,1,1770.99,2
TRIP04542,USER5926,Tokyo,16-08-2024,02-12-2024,Adventure,Flight,1,1943.68,8
TRIP04543,USER5288,Paris,05-03-2025,19-03-2025,Cultural,Train,2,3600.75,4
TRIP04544,USER3436,Dubai,02-09-2024,08-01-2025,Adventure,Car,2,4630.71,5
TRIP04545,USER5180,Sydney,04-03-2025,12-03-2025,Business,Bus,1,2978.33,1
TRIP04546,USER3957,New York,16-01-2025,31-01-2025,Beach,Cruise,3,1742.55,2
TRIP04547,USER5259,London,22-01-2025,25-03-2025,Business,Flight,4,1178.6,1
TRIP04548,USER8736,Tokyo,25-06-2024,24-02-2025,Cultural,Car,1,1978.56,2
TRIP04549,USER2095,Istanbul,29-08-2024,02-11-2024,Family,Bus,5,3634.59,2
TRIP04550,USER4850,Sydney,19-07-2024,08-09-2024,Leisure,Cruise,1,719.25,7
TRIP04551,USER5432,London,18-09-2024,27-03-2025,Cultural,Car,3,4902.74,9
TRIP04552,USER7236,Tokyo,24-07-2024,09-12-2024,Beach,Cruise,1,1585.23,8
TRIP04553,USER4179,Istanbul,20-10-2024,18-12-2024,Beach,Cruise,5,2587.15,1
TRIP04554,USER5615,Sydney,06-12-2024,21-01-2025,Adventure,Bus,3,528.93,6
TRIP04555,USER4462,New York,29-03-2024,12-07-2024,Adventure,Car,4,578.29,5
TRIP04556,USER6224,Rome,28-01-2025,04-03-2025,Adventure,Car,3,2178.04,1
TRIP04557,USER3573,Tokyo,20-08-2024,05-02-2025,Cultural,Flight,5,2784.79,9
TRIP04558,USER4216,New York,19-11-2024,20-11-2024,Leisure,Cruise,2,2212.49,6
TRIP04559,USER6053,Bangkok,07-09-2024,01-01-2025,Cultural,Flight,3,4591.05,1
TRIP04560,USER4186,Rome,09-07-2024,28-03-2025,Family,Flight,1,3215.13,2
TRIP04561,USER6787,New York,27-12-2024,05-03-2025,Adventure,Cruise,4,4544.11,3
TRIP04562,USER4570,New York,03-01-2025,31-01-2025,Adventure,Car,1,1724.54,2
TRIP04563,USER3058,Sydney,27-01-2025,19-03-2025,Business,Cruise,1,3348.91,8
TRIP04564,USER8391,Tokyo,16-01-2025,15-03-2025,Adventure,Cruise,3,3952.72,8
TRIP04565,USER4021,Barcelona,07-05-2024,15-04-2025,Family,Bus,2,2293.9,5
TRIP04566,USER1632,Bangkok,22-03-2024,28-10-2024,Adventure,Bus,3,3690.98,4
TRIP04567,USER2456,Bangkok,16-12-2024,27-03-2025,Cultural,Train,4,2567.78,4
TRIP04568,USER5445,Dubai,08-12-2024,06-03-2025,Beach,Car,1,687.23,5
TRIP04569,USER2360,Sydney,11-01-2025,27-03-2025,Family,Car,3,2523.26,1
TRIP04570,USER3479,Tokyo,11-12-2024,20-02-2025,Business,Train,5,4417.52,7
TRIP04571,USER9125,Dubai,15-01-2025,07-04-2025,Business,Train,4,3884.04,6
TRIP04572,USER5612,Bangkok,06-03-2025,27-03-2025,Business,Bus,4,4046.58,7
TRIP04573,USER9549,Dubai,05-08-2024,21-02-2025,Beach,Bus,1,2336.08,6
TRIP04574,USER1617,Tokyo,23-10-2024,09-12-2024,Family,Bus,3,1888.83,6
TRIP04575,USER9839,Paris,25-03-2024,12-08-2024,Leisure,Bus,4,3133.7,9
TRIP04576,USER9099,Rome,19-12-2024,05-01-2025,Cultural,Cruise,2,3351.42,9
TRIP04577,USER2441,New York,17-06-2024,23-06-2024,Beach,Bus,1,1644.02,1
TRIP04578,USER4719,Tokyo,24-04-2024,17-05-2024,Adventure,Bus,3,4496.24,2
TRIP04579,USER2091,Bangkok,21-02-2025,01-03-2025,Adventure,Train,1,2002.21,2
TRIP04580,USER3827,Dubai,18-05-2024,07-02-2025,Leisure,Bus,4,3879.28,9
TRIP04581,USER5346,Sydney,24-06-2024,12-12-2024,Beach,Car,3,3228.9,5
TRIP04582,USER3428,Sydney,20-02-2025,10-04-2025,Leisure,Cruise,3,2233.4,10
TRIP04583,USER3029,Bangkok,06-10-2024,21-10-2024,Family,Train,4,2065.19,6
TRIP04584,USER3722,Dubai,15-07-2024,25-01-2025,Leisure,Cruise,2,1341.95,8
TRIP04585,USER5573,London,03-07-2024,22-08-2024,Cultural,Train,5,4901.29,2
TRIP04586,USER2304,London,15-06-2024,18-02-2025,Adventure,Train,2,1256.56,7
TRIP04587,USER9146,Sydney,15-10-2024,02-11-2024,Leisure,Bus,1,3430.14,1
TRIP04588,USER8408,Sydney,16-02-2025,21-03-2025,Cultural,Flight,5,4486.41,7
TRIP04589,USER5230,Bangkok,16-09-2024,27-01-2025,Cultural,Train,1,4032.53,10
TRIP04590,USER5769,Istanbul,11-05-2024,28-07-2024,Beach,Flight,2,4274.54,9
TRIP04591,USER7560,London,06-09-2024,18-03-2025,Leisure,Flight,1,1406.29,10
TRIP04592,USER6509,Sydney,14-01-2025,06-02-2025,Family,Flight,4,4729.14,2
TRIP04593,USER6089,Barcelona,05-06-2024,22-03-2025,Business,Cruise,4,4465.95,2
TRIP04594,USER4517,Sydney,02-06-2024,15-07-2024,Family,Flight,3,4050.95,8
TRIP04595,USER1643,Rome,14-10-2024,09-01-2025,Leisure,Cruise,2,4129.79,8
TRIP04596,USER9033,Bangkok,22-04-2024,29-12-2024,Adventure,Train,1,3233.98,1
TRIP04597,USER1426,Dubai,02-03-2025,30-03-2025,Business,Flight,4,2568.18,5
TRIP04598,USER3658,Tokyo,11-10-2024,01-01-2025,Cultural,Flight,4,2520.75,1
TRIP04599,USER4931,Bangkok,12-08-2024,30-12-2024,Family,Car,5,699.33,3
TRIP04600,USER5540,London,20-04-2024,27-10-2024,Adventure,Flight,2,3243.75,10
TRIP04601,USER2211,London,09-09-2024,17-09-2024,Business,Bus,5,1861.57,4
TRIP04602,USER2503,Rome,13-04-2024,07-12-2024,Cultural,Car,4,1658.55,7
TRIP04603,USER6595,New York,01-08-2024,10-01-2025,Cultural,Flight,1,2697.17,2
TRIP04604,USER8619,Tokyo,19-12-2024,16-03-2025,Adventure,Flight,4,4298.03,10
TRIP04605,USER3324,Barcelona,14-09-2024,16-11-2024,Family,Car,1,4590.22,5
TRIP04606,USER1254,Tokyo,27-03-2024,19-08-2024,Leisure,Train,4,4967.22,2
TRIP04607,USER2197,New York,02-02-2025,15-04-2025,Adventure,Train,3,2299.79,1
TRIP04608,USER2887,Tokyo,19-07-2024,09-12-2024,Cultural,Flight,2,3636.52,7
TRIP04609,USER2702,Dubai,21-05-2024,08-01-2025,Business,Cruise,4,622.19,1
TRIP04610,USER1899,Dubai,01-11-2024,13-12-2024,Leisure,Bus,1,1562.64,9
TRIP04611,USER9490,New York,15-03-2025,18-03-2025,Leisure,Cruise,1,930.91,5
TRIP04612,USER4314,Tokyo,22-05-2024,30-05-2024,Leisure,Flight,5,1836.76,6
TRIP04613,USER3642,London,05-07-2024,23-03-2025,Cultural,Cruise,2,3377.58,7
TRIP04614,USER2912,Rome,05-12-2024,31-01-2025,Leisure,Train,3,4956.34,6
TRIP04615,USER5510,Paris,09-12-2024,23-03-2025,Cultural,Cruise,3,1936.99,8
TRIP04616,USER7328,Paris,16-01-2025,17-03-2025,Adventure,Cruise,1,648.07,5
TRIP04617,USER4305,Istanbul,13-05-2024,04-07-2024,Beach,Car,5,1779.13,10
TRIP04618,USER6449,London,29-03-2024,04-12-2024,Adventure,Cruise,5,742.82,3
TRIP04619,USER1497,Rome,11-11-2024,30-11-2024,Beach,Car,3,4778.87,6
TRIP04620,USER3238,Tokyo,03-12-2024,26-12-2024,Cultural,Bus,3,1088.83,7
TRIP04621,USER9188,Sydney,25-02-2025,12-04-2025,Leisure,Bus,4,589.1,8
TRIP04622,USER1930,Paris,03-05-2024,24-12-2024,Family,Train,3,3872.78,9
TRIP04623,USER4593,Bangkok,09-04-2024,29-01-2025,Cultural,Flight,3,4223.84,9
TRIP04624,USER5693,Istanbul,28-08-2024,04-12-2024,Family,Cruise,2,936.64,4
TRIP04625,USER6215,Sydney,15-07-2024,07-09-2024,Cultural,Bus,3,2304.59,5
TRIP04626,USER7053,Tokyo,17-07-2024,31-07-2024,Leisure,Bus,2,3858.66,10
TRIP04627,USER6832,Sydney,26-10-2024,06-11-2024,Beach,Car,5,2478.96,4
TRIP04628,USER2965,Sydney,12-11-2024,15-11-2024,Beach,Car,3,3867.87,7
TRIP04629,USER8054,Paris,14-10-2024,15-11-2024,Leisure,Flight,1,1770.85,9
TRIP04631,USER4879,Istanbul,24-12-2024,01-01-2025,Leisure,Train,4,2555.51,5
TRIP04632,USER6094,Tokyo,30-11-2024,28-02-2025,Business,Cruise,5,1766.4,1
TRIP04633,USER8069,Sydney,08-09-2024,19-12-2024,Family,Train,5,3330.67,1
TRIP04634,USER1064,Dubai,29-10-2024,03-11-2024,Family,Bus,3,1403.54,2
TRIP04635,USER9741,Paris,16-03-2025,08-04-2025,Cultural,Flight,4,4364.31,2
TRIP04636,USER3480,Sydney,30-05-2024,06-07-2024,Leisure,Bus,5,4822.37,9
TRIP04637,USER8483,Tokyo,15-07-2024,09-11-2024,Leisure,Flight,3,2506.26,4
TRIP04638,USER2026,Dubai,15-09-2024,06-11-2024,Family,Train,1,3848.29,10
TRIP04639,USER7339,Sydney,27-01-2025,04-03-2025,Cultural,Car,1,4000.8,10
TRIP04640,USER2754,Istanbul,01-11-2024,07-12-2024,Business,Bus,4,4135.96,7
TRIP04641,USER1198,Istanbul,28-07-2024,30-07-2024,Family,Car,5,4832.86,1
TRIP04642,USER9330,New York,16-07-2024,15-01-2025,Adventure,Train,4,1738.26,3
TRIP04643,USER1074,New York,13-02-2025,15-02-2025,Adventure,Cruise,3,1428.78,2
TRIP04644,USER2095,Dubai,12-05-2024,27-10-2024,Beach,Bus,1,1144.1,6
TRIP04645,USER1931,Paris,24-09-2024,09-12-2024,Cultural,Flight,1,2290.63,9
TRIP04646,USER5860,Paris,28-12-2024,13-04-2025,Beach,Car,1,1874.26,9
TRIP04647,USER3944,London,29-11-2024,17-02-2025,Beach,Cruise,1,2767.92,4
TRIP04648,USER8138,Istanbul,12-05-2024,10-11-2024,Business,Flight,2,3978.84,8
TRIP04649,USER9287,Sydney,24-11-2024,13-03-2025,Adventure,Cruise,1,1550.85,4
TRIP04650,USER8298,Paris,01-02-2025,30-03-2025,Beach,Train,4,2317.59,4
TRIP04651,USER7878,Istanbul,25-04-2024,30-04-2024,Business,Car,2,2342.73,2
TRIP04652,USER6566,Istanbul,07-07-2024,11-07-2024,Leisure,Cruise,5,2606.8,2
TRIP04653,USER1896,Dubai,13-06-2024,20-02-2025,Family,Flight,1,4217.86,5
TRIP04654,USER8859,Istanbul,01-09-2024,20-01-2025,Leisure,Cruise,1,3498.97,7
TRIP04655,USER6850,Istanbul,26-11-2024,02-04-2025,Adventure,Cruise,2,4066.94,8
TRIP04656,USER1851,New York,02-10-2024,16-12-2024,Leisure,Cruise,1,1493.34,6
TRIP04657,USER8750,Istanbul,20-03-2024,19-02-2025,Cultural,Cruise,2,1555.07,4
TRIP04658,USER8051,New York,21-08-2024,06-02-2025,Leisure,Flight,2,3626.01,6
TRIP04659,USER3379,Istanbul,26-11-2024,08-03-2025,Beach,Cruise,5,4626.97,9
TRIP04660,USER1424,London,05-12-2024,29-03-2025,Beach,Car,3,1512.36,1
TRIP04661,USER7948,Bangkok,19-06-2024,16-03-2025,Leisure,Flight,3,4726.28,4
TRIP04662,USER5732,Tokyo,11-04-2024,30-10-2024,Family,Cruise,4,1809.68,1
TRIP04663,USER2667,Paris,03-05-2024,06-03-2025,Adventure,Bus,3,1774.79,6
TRIP04664,USER6481,Barcelona,14-10-2024,14-04-2025,Cultural,Car,3,850.91,2
TRIP04665,USER6295,New York,23-11-2024,04-01-2025,Leisure,Cruise,1,3403.62,3
TRIP04666,USER6551,New York,20-04-2024,17-01-2025,Business,Flight,1,1452.56,1
TRIP04667,USER5923,Istanbul,05-09-2024,16-12-2024,Cultural,Cruise,3,3372.67,3
TRIP04669,USER1185,Dubai,07-06-2024,17-10-2024,Family,Car,2,937.53,8
TRIP04670,USER4708,Tokyo,28-10-2024,10-01-2025,Business,Bus,1,554.08,2
TRIP04671,USER4268,Dubai,04-04-2024,31-01-2025,Beach,Cruise,3,4372.34,8
TRIP04672,USER2209,Bangkok,29-10-2024,07-11-2024,Adventure,Bus,5,3166.84,8
TRIP04673,USER1397,Sydney,09-09-2024,16-09-2024,Business,Flight,3,3214.05,10
TRIP04674,USER3065,Paris,09-11-2024,15-11-2024,Family,Cruise,5,1122.19,8
TRIP04675,USER9983,Istanbul,06-04-2024,07-01-2025,Adventure,Cruise,5,4472.3,7
TRIP04676,USER4644,Sydney,18-09-2024,03-12-2024,Business,Train,2,813.11,6
TRIP04677,USER3588,Sydney,29-07-2024,29-03-2025,Adventure,Car,1,999.47,8
TRIP04678,USER6224,Paris,05-06-2024,16-11-2024,Cultural,Train,4,693.17,9
TRIP04679,USER5588,Sydney,16-07-2024,29-11-2024,Leisure,Bus,3,1288.91,7
TRIP04680,USER8455,Istanbul,27-02-2025,11-04-2025,Cultural,Flight,4,3565.36,5
TRIP04681,USER2218,Barcelona,18-01-2025,15-02-2025,Leisure,Car,2,1384.89,10
TRIP04682,USER5202,Barcelona,09-12-2024,28-01-2025,Cultural,Car,4,500.46,4
TRIP04683,USER2849,Tokyo,28-06-2024,13-12-2024,Business,Flight,2,4398.41,10
TRIP04684,USER7542,Tokyo,04-12-2024,07-04-2025,Cultural,Bus,2,1604.77,6
TRIP04685,USER1981,Paris,06-09-2024,03-12-2024,Family,Train,5,4971.06,2
TRIP04686,USER6751,Istanbul,23-04-2024,24-02-2025,Cultural,Car,5,2976.2,4
TRIP04687,USER3502,Bangkok,12-04-2024,15-09-2024,Adventure,Flight,1,4452.77,1
TRIP04688,USER5126,Sydney,11-10-2024,01-02-2025,Business,Train,5,1886.16,9
TRIP04689,USER8142,New York,21-07-2024,28-02-2025,Cultural,Bus,4,3315.17,3
TRIP04690,USER5113,Barcelona,27-05-2024,01-12-2024,Family,Train,4,3506.64,2
TRIP04691,USER9197,Rome,07-03-2025,07-03-2025,Adventure,Car,1,3980.6,10
TRIP04692,USER6745,Tokyo,02-04-2024,25-02-2025,Adventure,Flight,4,2668.24,10
TRIP04693,USER6951,Sydney,12-12-2024,06-02-2025,Family,Train,5,683.44,8
TRIP04694,USER1878,Paris,14-08-2024,12-01-2025,Cultural,Train,5,3631.61,10
TRIP04695,USER2063,Tokyo,08-03-2025,17-03-2025,Cultural,Car,3,1079.24,7
TRIP04696,USER9078,Paris,03-09-2024,18-10-2024,Beach,Train,1,1484.73,2
TRIP04697,USER6631,London,10-08-2024,13-08-2024,Cultural,Flight,2,4008.72,9
TRIP04698,USER2089,Paris,12-07-2024,12-11-2024,Beach,Bus,2,3100.8,8
TRIP04699,USER8474,Istanbul,15-07-2024,29-08-2024,Cultural,Cruise,3,1979.11,7
TRIP04700,USER5626,Bangkok,16-12-2024,25-01-2025,Leisure,Train,2,2831.97,5
TRIP04701,USER5843,Bangkok,05-06-2024,15-01-2025,Leisure,Bus,2,2777.53,8
TRIP04702,USER1393,Bangkok,18-11-2024,24-11-2024,Leisure,Train,1,4264,4
TRIP04703,USER5868,Istanbul,12-06-2024,31-12-2024,Business,Flight,2,866.47,9
TRIP04704,USER3210,Bangkok,27-01-2025,15-04-2025,Family,Train,3,3793.23,9
TRIP04705,USER3087,London,20-10-2024,15-12-2024,Adventure,Flight,2,1586.28,6
TRIP04706,USER9585,Dubai,28-02-2025,23-03-2025,Business,Flight,4,1277.79,8
TRIP04707,USER1895,Istanbul,15-08-2024,02-10-2024,Beach,Train,2,592.14,9
TRIP04708,USER9862,Istanbul,25-08-2024,07-01-2025,Business,Car,1,4779.61,5
TRIP04709,USER2888,Istanbul,04-01-2025,14-03-2025,Cultural,Car,2,1758.17,9
TRIP04710,USER4901,Rome,01-03-2025,25-03-2025,Adventure,Car,3,609.97,7
TRIP04711,USER6025,Sydney,16-06-2024,09-02-2025,Business,Car,2,4815.28,4
TRIP04712,USER1798,Sydney,15-07-2024,28-12-2024,Leisure,Train,2,1814.68,10
TRIP04713,USER4382,Dubai,13-12-2024,25-12-2024,Cultural,Flight,3,3686.65,3
TRIP04714,USER5134,Sydney,19-04-2024,09-12-2024,Cultural,Car,1,654.06,6
TRIP04715,USER5874,Istanbul,20-03-2024,08-03-2025,Family,Train,5,1408.31,9
TRIP04716,USER6558,London,20-01-2025,23-01-2025,Cultural,Cruise,1,3477.39,1
TRIP04717,USER5584,Barcelona,07-04-2024,30-07-2024,Adventure,Flight,4,2787.76,8
TRIP04718,USER9063,Bangkok,05-01-2025,03-03-2025,Cultural,Train,4,2146.55,4
TRIP04719,USER3040,London,25-08-2024,09-01-2025,Family,Train,2,1058.89,10
TRIP04720,USER9833,Bangkok,15-09-2024,25-12-2024,Adventure,Flight,4,2399.83,7
TRIP04721,USER4928,Bangkok,31-12-2024,16-03-2025,Beach,Car,2,3102.84,10
TRIP04722,USER7619,Sydney,07-03-2025,08-03-2025,Cultural,Bus,4,3760.26,2
TRIP04723,USER4421,Istanbul,18-05-2024,05-09-2024,Leisure,Car,3,4958.3,10
TRIP04724,USER4623,New York,12-12-2024,21-02-2025,Cultural,Train,5,4216.45,2
TRIP04725,USER8363,Istanbul,24-09-2024,10-01-2025,Beach,Train,2,2856.35,4
TRIP04726,USER3158,Dubai,18-07-2024,12-10-2024,Cultural,Flight,3,3794.52,9
TRIP04727,USER7720,Dubai,21-09-2024,04-11-2024,Family,Car,1,4406.56,10
TRIP04728,USER2110,London,19-09-2024,18-11-2024,Beach,Train,1,2570.16,7
TRIP04729,USER8410,London,04-04-2024,02-03-2025,Business,Cruise,4,747.18,1
TRIP04730,USER6581,London,15-12-2024,27-02-2025,Beach,Bus,4,4379.16,5
TRIP04731,USER1323,New York,04-04-2024,13-05-2024,Cultural,Flight,2,3598.2,7
TRIP04732,USER1352,Barcelona,13-10-2024,06-01-2025,Business,Bus,5,1622.87,3
TRIP04733,USER3888,Sydney,31-08-2024,16-03-2025,Cultural,Car,4,677.56,10
TRIP04734,USER2183,New York,05-12-2024,29-01-2025,Adventure,Flight,4,3807.32,5
TRIP04735,USER8465,Rome,26-09-2024,20-12-2024,Family,Cruise,2,3249.99,7
TRIP04736,USER8929,Bangkok,08-09-2024,22-01-2025,Business,Flight,2,4750.5,7
TRIP04737,USER7547,Sydney,09-04-2024,27-01-2025,Business,Train,3,2852.39,6
TRIP04738,USER1630,Bangkok,04-09-2024,27-11-2024,Cultural,Flight,2,1913,2
TRIP04739,USER7762,Dubai,30-07-2024,30-03-2025,Adventure,Car,1,4214.65,7
TRIP04740,USER6105,Tokyo,06-01-2025,07-03-2025,Leisure,Cruise,1,501.29,8
TRIP04741,USER1926,Paris,18-08-2024,30-09-2024,Leisure,Train,1,1330.75,1
TRIP04742,USER7072,Istanbul,19-07-2024,05-02-2025,Leisure,Flight,2,2038.09,6
TRIP04743,USER8960,Dubai,15-09-2024,03-02-2025,Adventure,Bus,1,2039.68,2
TRIP04744,USER3058,Sydney,26-11-2024,22-01-2025,Adventure,Cruise,4,718.66,9
TRIP04745,USER3371,Dubai,29-12-2024,28-01-2025,Adventure,Train,5,1562.8,1
TRIP04746,USER4358,Rome,18-02-2025,03-04-2025,Leisure,Flight,1,1040.8,3
TRIP04747,USER1044,Rome,22-04-2024,24-09-2024,Cultural,Train,4,2096.91,3
TRIP04748,USER4824,New York,05-02-2025,04-04-2025,Beach,Car,4,1168.63,9
TRIP04749,USER8695,Bangkok,28-08-2024,16-01-2025,Beach,Car,5,2676.09,1
TRIP04750,USER2110,Sydney,28-02-2025,01-04-2025,Adventure,Cruise,4,3427.78,3
TRIP04751,USER7653,Istanbul,06-12-2024,09-02-2025,Leisure,Train,1,3007.26,1
TRIP04752,USER3365,Istanbul,20-04-2024,11-11-2024,Leisure,Cruise,5,4746.29,5
TRIP04753,USER2178,Sydney,27-05-2024,12-07-2024,Business,Cruise,1,1099.65,3
TRIP04754,USER1969,Istanbul,06-12-2024,27-02-2025,Cultural,Bus,4,2018.54,6
TRIP04755,USER4566,Tokyo,12-04-2024,19-06-2024,Beach,Car,2,4523.34,6
TRIP04756,USER2690,Dubai,02-01-2025,07-01-2025,Beach,Flight,3,895.13,4
TRIP04757,USER6495,Rome,04-09-2024,03-02-2025,Business,Train,4,4678.38,9
TRIP04758,USER3030,Rome,21-08-2024,02-11-2024,Family,Flight,2,4384.9,4
TRIP04759,USER1289,Bangkok,01-07-2024,03-07-2024,Beach,Flight,1,3950.46,10
TRIP04760,USER9952,Sydney,31-08-2024,10-10-2024,Adventure,Train,3,775.15,4
TRIP04761,USER7742,London,16-01-2025,05-03-2025,Cultural,Train,5,2844.92,7
TRIP04762,USER7159,Bangkok,23-08-2024,16-03-2025,Beach,Cruise,1,4886.18,6
TRIP04763,USER5027,Dubai,08-07-2024,02-08-2024,Cultural,Flight,1,2992.65,10
TRIP04764,USER4687,Sydney,08-04-2024,24-03-2025,Family,Cruise,1,2025.91,5
TRIP04765,USER4966,Tokyo,29-10-2024,22-12-2024,Family,Train,4,1069.11,1
TRIP04766,USER6754,Rome,17-01-2025,22-01-2025,Beach,Bus,3,1691.73,1
TRIP04767,USER4505,Istanbul,24-12-2024,02-02-2025,Cultural,Flight,3,2820.3,5
TRIP04768,USER4688,Tokyo,18-04-2024,11-10-2024,Business,Car,3,4298.57,2
TRIP04769,USER5575,Sydney,01-12-2024,17-02-2025,Cultural,Train,3,4616.41,4
TRIP04770,USER7855,Istanbul,20-07-2024,18-02-2025,Family,Bus,2,1637.44,3
TRIP04772,USER7900,Barcelona,22-10-2024,10-04-2025,Beach,Train,4,928.54,3
TRIP04773,USER8583,Bangkok,06-12-2024,17-01-2025,Adventure,Bus,2,1868.25,2
TRIP04774,USER4947,Dubai,15-03-2025,25-03-2025,Business,Flight,3,2302.41,6
TRIP04775,USER3881,Bangkok,14-02-2025,18-02-2025,Cultural,Bus,5,2606.2,3
TRIP04776,USER1182,London,30-05-2024,16-09-2024,Beach,Flight,5,2024.3,3
TRIP04777,USER4588,Rome,08-08-2024,10-01-2025,Business,Bus,5,1595.33,6
TRIP04778,USER7467,Tokyo,09-04-2024,18-07-2024,Cultural,Car,3,2635.14,7
TRIP04779,USER4803,Tokyo,12-04-2024,14-11-2024,Business,Cruise,2,2448.49,9
TRIP04780,USER7217,London,24-06-2024,28-01-2025,Family,Cruise,5,3738.26,1
TRIP04781,USER9359,Dubai,20-10-2024,28-10-2024,Leisure,Train,4,1875.23,1
TRIP04782,USER2586,Rome,21-03-2024,06-01-2025,Family,Cruise,1,4755.37,2
TRIP04783,USER1558,London,14-09-2024,01-10-2024,Family,Flight,2,2416.22,8
TRIP04784,USER4311,London,20-06-2024,24-08-2024,Leisure,Car,4,2179.45,7
TRIP04785,USER3515,Sydney,16-05-2024,29-06-2024,Adventure,Car,2,2581.11,6
TRIP04786,USER4411,Bangkok,07-05-2024,24-07-2024,Business,Bus,5,2769.7,1
TRIP04787,USER5878,New York,30-10-2024,15-02-2025,Business,Cruise,1,1233.79,1
TRIP04788,USER4014,Barcelona,04-06-2024,10-09-2024,Family,Car,5,2878.98,2
TRIP04789,USER5057,Sydney,26-05-2024,05-12-2024,Beach,Car,3,3846.79,10
TRIP04790,USER6798,New York,15-11-2024,06-03-2025,Adventure,Bus,2,1898.4,1
TRIP04791,USER7718,London,06-12-2024,08-03-2025,Adventure,Car,3,1379.59,9
TRIP04792,USER1895,Istanbul,13-04-2024,02-03-2025,Business,Bus,5,4312.92,1
TRIP04793,USER9953,Bangkok,13-11-2024,23-02-2025,Cultural,Flight,2,2327.15,2
TRIP04794,USER8109,Bangkok,25-12-2024,13-04-2025,Cultural,Train,5,549.79,4
TRIP04795,USER4753,Barcelona,15-07-2024,16-10-2024,Cultural,Car,2,2428.72,8
TRIP04796,USER7288,Tokyo,09-09-2024,11-01-2025,Cultural,Car,2,3199.82,2
TRIP04797,USER3873,New York,08-12-2024,04-01-2025,Leisure,Car,3,1095.9,8
TRIP04798,USER7919,Barcelona,12-08-2024,15-09-2024,Leisure,Bus,2,2972.54,2
TRIP04799,USER2956,Barcelona,13-03-2025,28-03-2025,Beach,Flight,3,1972.47,4
TRIP04800,USER5675,Bangkok,21-10-2024,15-04-2025,Family,Bus,2,2931.51,4
TRIP04801,USER2250,London,08-05-2024,16-12-2024,Family,Train,1,2302.68,9
TRIP04802,USER5445,Rome,03-03-2025,12-04-2025,Business,Train,4,2977.01,1
TRIP04803,USER3760,Istanbul,09-05-2024,07-06-2024,Beach,Cruise,5,1098.06,2
TRIP04804,USER7729,Bangkok,31-10-2024,09-02-2025,Family,Car,2,4073.7,10
TRIP04805,USER5655,London,09-11-2024,01-03-2025,Adventure,Bus,5,1880.26,10
TRIP04806,USER3123,Dubai,19-05-2024,10-02-2025,Family,Car,4,3872.2,10
TRIP04807,USER2144,Dubai,18-09-2024,05-04-2025,Beach,Car,4,4994.54,8
TRIP04809,USER6013,Tokyo,14-06-2024,11-01-2025,Business,Bus,3,1425.23,6
TRIP04810,USER1576,Rome,28-06-2024,14-12-2024,Beach,Bus,1,2986.19,8
TRIP04811,USER7410,New York,09-09-2024,24-01-2025,Leisure,Car,1,1445.48,7
TRIP04812,USER7125,New York,04-12-2024,10-12-2024,Leisure,Train,2,4938.12,9
TRIP04813,USER6222,London,23-10-2024,29-11-2024,Family,Bus,1,2703.43,2
TRIP04814,USER7752,Istanbul,27-09-2024,31-12-2024,Business,Train,3,2394.26,3
TRIP04815,USER7162,Barcelona,10-01-2025,15-03-2025,Business,Cruise,2,1852.13,3
TRIP04816,USER5766,London,29-12-2024,23-03-2025,Leisure,Bus,4,2306.05,8
TRIP04817,USER2806,Dubai,30-04-2024,12-09-2024,Cultural,Train,1,2884.61,3
TRIP04818,USER7800,Tokyo,16-06-2024,12-03-2025,Leisure,Cruise,5,2155.01,5
TRIP04819,USER7549,Rome,17-10-2024,01-02-2025,Cultural,Flight,1,3580.12,2
TRIP04820,USER1441,Dubai,13-05-2024,14-07-2024,Family,Bus,1,3532.49,2
TRIP04821,USER1587,Sydney,09-10-2024,07-01-2025,Family,Car,3,2785.27,6
TRIP04822,USER4949,Paris,26-12-2024,25-01-2025,Beach,Train,5,624.97,7
TRIP04823,USER1533,London,01-05-2024,25-07-2024,Business,Cruise,4,2947.7,8
TRIP04824,USER5553,Bangkok,29-10-2024,22-02-2025,Family,Cruise,3,3186.51,8
TRIP04825,USER1267,New York,26-01-2025,10-04-2025,Cultural,Train,3,3682.3,4
TRIP04826,USER6853,Rome,24-10-2024,29-12-2024,Adventure,Bus,2,2063.09,9
TRIP04827,USER2461,London,16-03-2024,09-06-2024,Cultural,Flight,4,764.47,3
TRIP04828,USER5493,London,24-01-2025,21-03-2025,Family,Train,5,3209.53,10
TRIP04829,USER5578,Bangkok,30-04-2024,20-03-2025,Adventure,Bus,5,1042.36,1
TRIP04830,USER6078,Paris,01-08-2024,10-08-2024,Adventure,Flight,3,4079.76,7
TRIP04831,USER4466,Istanbul,24-04-2024,24-08-2024,Leisure,Train,4,4520.49,5
TRIP04832,USER5900,New York,20-05-2024,19-02-2025,Adventure,Car,3,4327.54,9
TRIP04833,USER2427,London,05-11-2024,21-12-2024,Leisure,Train,1,2627.26,3
TRIP04834,USER5518,Paris,09-10-2024,01-12-2024,Adventure,Train,5,1568.44,9
TRIP04835,USER6943,Paris,23-06-2024,05-09-2024,Business,Train,3,2428.54,2
TRIP04836,USER2918,Rome,29-11-2024,03-02-2025,Adventure,Cruise,4,4527.26,2
TRIP04837,USER4190,Bangkok,14-11-2024,09-02-2025,Beach,Car,2,2069.04,9
TRIP04838,USER4777,Tokyo,13-05-2024,16-10-2024,Leisure,Flight,3,1105.68,10
TRIP04839,USER1876,New York,12-05-2024,06-07-2024,Cultural,Cruise,4,3560.55,2
TRIP04840,USER2835,Paris,22-11-2024,25-03-2025,Business,Cruise,2,4027.84,1
TRIP04841,USER9478,Tokyo,03-04-2024,08-04-2025,Adventure,Bus,3,4383.41,4
TRIP04842,USER6273,Istanbul,04-01-2025,17-02-2025,Cultural,Flight,4,4769.91,4
TRIP04843,USER2208,Barcelona,08-06-2024,08-04-2025,Beach,Cruise,1,1460.02,8
TRIP04844,USER4146,Dubai,04-05-2024,20-12-2024,Cultural,Cruise,4,4813.65,9
TRIP04845,USER4268,Paris,29-11-2024,09-02-2025,Business,Cruise,1,3191.7,8
TRIP04846,USER5763,Dubai,26-12-2024,21-01-2025,Leisure,Car,4,3782.58,9
TRIP04847,USER2839,Istanbul,20-10-2024,07-04-2025,Cultural,Train,3,2695.31,7
TRIP04848,USER4587,Istanbul,18-09-2024,12-03-2025,Business,Flight,1,4315.68,8
TRIP04849,USER2203,Rome,08-08-2024,21-10-2024,Beach,Flight,2,3952.57,10
TRIP04850,USER7512,New York,13-02-2025,04-03-2025,Cultural,Train,1,845.97,8
TRIP04851,USER1927,Bangkok,01-06-2024,20-02-2025,Beach,Train,3,2152.2,1
TRIP04852,USER9593,Barcelona,27-12-2024,08-04-2025,Beach,Train,3,616.58,4
TRIP04853,USER2851,Bangkok,21-04-2024,01-05-2024,Family,Flight,4,4752.86,3
TRIP04854,USER7652,Dubai,24-07-2024,08-09-2024,Cultural,Car,1,2536.32,2
TRIP04855,USER5982,Rome,28-05-2024,05-02-2025,Adventure,Train,3,4932.49,6
TRIP04856,USER8371,Tokyo,02-02-2025,24-02-2025,Family,Train,2,1422.38,9
TRIP04857,USER4089,New York,30-05-2024,13-02-2025,Family,Car,4,2461.76,7
TRIP04858,USER1379,Barcelona,23-09-2024,22-03-2025,Cultural,Train,1,3382.25,5
TRIP04859,USER3116,New York,05-03-2025,11-03-2025,Family,Train,4,4442.13,3
TRIP04860,USER6095,New York,23-10-2024,30-01-2025,Adventure,Train,3,1426.47,5
TRIP04861,USER3211,London,12-10-2024,13-01-2025,Business,Car,3,2491.09,4
TRIP04862,USER4838,Sydney,14-03-2025,28-03-2025,Adventure,Flight,3,2247.63,4
TRIP04863,USER2277,Rome,12-07-2024,06-03-2025,Family,Train,4,2647.87,8
TRIP04864,USER6375,Bangkok,21-07-2024,02-12-2024,Beach,Car,4,1650.59,8
TRIP04865,USER2040,New York,08-10-2024,30-03-2025,Business,Train,1,1947.48,8
TRIP04866,USER2581,London,21-10-2024,25-02-2025,Leisure,Cruise,4,2487.1,3
TRIP04867,USER8949,Istanbul,21-12-2024,03-04-2025,Leisure,Flight,2,523.87,10
TRIP04868,USER6939,Tokyo,20-08-2024,30-12-2024,Adventure,Flight,1,3596.97,2
TRIP04869,USER9838,Tokyo,18-11-2024,30-12-2024,Family,Flight,5,4805.72,6
TRIP04870,USER3121,New York,14-06-2024,14-11-2024,Leisure,Flight,1,779.34,2
TRIP04871,USER8428,Istanbul,05-02-2025,18-02-2025,Leisure,Flight,1,4258.33,2
TRIP04872,USER7318,Istanbul,05-08-2024,16-01-2025,Cultural,Cruise,4,4229.56,7
TRIP04873,USER1659,Tokyo,19-03-2024,11-06-2024,Cultural,Flight,4,1313.65,6
TRIP04874,USER1846,Paris,15-04-2024,04-12-2024,Leisure,Bus,1,3670.66,2
TRIP04875,USER8226,London,17-01-2025,13-04-2025,Adventure,Car,2,996.5,1
TRIP04876,USER7670,Sydney,28-10-2024,31-10-2024,Cultural,Bus,1,2606.97,6
TRIP04877,USER2916,Sydney,09-12-2024,06-03-2025,Family,Car,3,4657.2,10
TRIP04878,USER7060,Dubai,17-08-2024,17-12-2024,Business,Train,3,3079.4,4
TRIP04879,USER1335,New York,14-03-2025,25-03-2025,Beach,Bus,1,3483.83,3
TRIP04880,USER2585,Bangkok,29-10-2024,04-04-2025,Beach,Car,1,1826.66,4
TRIP04881,USER1467,Sydney,11-04-2024,21-07-2024,Beach,Cruise,2,3403.28,5
TRIP04882,USER5215,Sydney,10-07-2024,08-11-2024,Cultural,Bus,3,3398.78,6
TRIP04883,USER7166,Bangkok,30-09-2024,12-02-2025,Adventure,Train,5,1326.27,5
TRIP04884,USER4116,Paris,27-06-2024,20-01-2025,Cultural,Bus,2,1730.72,4
TRIP04885,USER9555,Istanbul,03-05-2024,22-08-2024,Leisure,Bus,1,3988.58,7
TRIP04886,USER7411,Paris,21-12-2024,06-01-2025,Leisure,Cruise,1,1732.68,8
TRIP04887,USER2608,Paris,18-10-2024,24-12-2024,Family,Bus,1,4667.26,4
TRIP04888,USER8808,Barcelona,20-09-2024,14-03-2025,Family,Cruise,1,3768.85,8
TRIP04889,USER6389,London,20-09-2024,15-02-2025,Adventure,Car,2,2499.92,6
TRIP04890,USER4437,Sydney,07-10-2024,31-10-2024,Leisure,Bus,2,2927.49,5
TRIP04891,USER3641,Barcelona,21-06-2024,03-07-2024,Beach,Train,3,3398.93,5
TRIP04892,USER1350,London,12-03-2025,10-04-2025,Cultural,Car,2,2366.2,10
TRIP04893,USER1690,Rome,29-07-2024,28-08-2024,Adventure,Cruise,5,1763.54,7
TRIP04894,USER5768,Istanbul,19-12-2024,26-02-2025,Adventure,Bus,4,4302.36,3
TRIP04895,USER9637,New York,21-09-2024,22-11-2024,Business,Flight,4,3459.44,3
TRIP04896,USER8538,Sydney,14-03-2025,11-04-2025,Business,Car,5,1273.29,1
TRIP04897,USER1304,Sydney,04-04-2024,06-09-2024,Adventure,Bus,3,1750.78,8
TRIP04898,USER3188,Bangkok,26-02-2025,05-03-2025,Business,Car,3,3306.18,10
TRIP04899,USER9465,Tokyo,23-10-2024,20-12-2024,Cultural,Bus,4,538.51,7
TRIP04900,USER2009,New York,23-01-2025,06-03-2025,Business,Cruise,4,2214.04,5
TRIP04901,USER3981,Tokyo,10-11-2024,11-01-2025,Cultural,Cruise,4,2462.93,4
TRIP04902,USER9267,Sydney,10-06-2024,10-07-2024,Leisure,Train,3,4508.95,4
TRIP04903,USER4480,Bangkok,07-12-2024,02-02-2025,Business,Bus,2,3139.45,7
TRIP04904,USER2210,Paris,09-06-2024,01-01-2025,Cultural,Train,5,4180.38,7
TRIP04905,USER6789,Tokyo,29-04-2024,11-11-2024,Beach,Train,3,3896.98,5
TRIP04906,USER5161,Dubai,24-11-2024,17-12-2024,Cultural,Bus,2,1528.26,2
TRIP04907,USER4938,Rome,13-06-2024,31-12-2024,Adventure,Bus,2,3527.81,2
TRIP04908,USER5944,Barcelona,29-07-2024,18-09-2024,Family,Bus,5,3453.47,7
TRIP04909,USER7584,Bangkok,05-07-2024,20-03-2025,Family,Cruise,2,3885.75,10
TRIP04910,USER7644,Paris,22-09-2024,04-01-2025,Adventure,Bus,2,4996.37,6
TRIP04911,USER4710,Paris,18-01-2025,25-02-2025,Cultural,Cruise,1,4546.89,4
TRIP04912,USER9974,Tokyo,28-04-2024,30-08-2024,Beach,Bus,1,3703.93,8
TRIP04913,USER3392,Sydney,10-03-2025,27-03-2025,Adventure,Train,3,936.54,4
TRIP04914,USER5264,Istanbul,01-07-2024,21-01-2025,Business,Bus,3,4652.28,1
TRIP04915,USER9006,Tokyo,01-10-2024,24-10-2024,Family,Cruise,4,1384.66,10
TRIP04916,USER6436,Istanbul,08-01-2025,30-03-2025,Family,Train,4,2314.28,6
TRIP04917,USER2812,New York,27-01-2025,31-03-2025,Cultural,Flight,5,1611.05,6
TRIP04918,USER3899,New York,03-01-2025,28-03-2025,Adventure,Flight,2,1317.89,2
TRIP04919,USER3420,Rome,19-09-2024,27-11-2024,Adventure,Train,3,1717.69,1
TRIP04920,USER2425,Paris,10-02-2025,12-02-2025,Business,Car,2,2585.21,5
TRIP04921,USER3850,Dubai,30-06-2024,15-08-2024,Cultural,Car,3,2206.06,6
TRIP04922,USER1597,Bangkok,23-04-2024,04-09-2024,Business,Bus,4,1995.84,1
TRIP04923,USER3487,New York,28-02-2025,25-03-2025,Adventure,Flight,5,896.89,2
TRIP04924,USER2374,Tokyo,13-03-2025,23-03-2025,Leisure,Flight,1,4247.74,7
TRIP04925,USER2311,London,30-09-2024,22-01-2025,Cultural,Cruise,2,2632.1,7
TRIP04926,USER7639,Istanbul,16-12-2024,07-02-2025,Adventure,Car,3,1660.25,6
TRIP04927,USER8825,Paris,07-02-2025,11-03-2025,Beach,Flight,4,2002.87,6
TRIP04928,USER6648,New York,02-07-2024,21-12-2024,Leisure,Cruise,4,617.08,2
TRIP04929,USER7832,New York,16-06-2024,03-12-2024,Cultural,Bus,2,3243.08,2
TRIP04930,USER9776,Rome,28-01-2025,13-04-2025,Beach,Train,5,4530.89,6
TRIP04931,USER8649,Istanbul,07-06-2024,13-08-2024,Family,Car,5,2158.02,4
TRIP04932,USER6845,Barcelona,28-09-2024,03-11-2024,Leisure,Train,1,2506.33,1
TRIP04933,USER6434,Dubai,05-03-2025,15-03-2025,Leisure,Train,2,2573.07,5
TRIP04934,USER6732,Dubai,02-08-2024,22-09-2024,Family,Cruise,2,1062.19,10
TRIP04935,USER2178,Tokyo,04-05-2024,04-12-2024,Leisure,Car,5,2840.09,7
TRIP04936,USER2873,Istanbul,18-12-2024,03-02-2025,Family,Bus,4,2562.33,5
TRIP04938,USER2825,New York,16-07-2024,26-11-2024,Beach,Flight,5,2075.24,5
TRIP04939,USER5397,Rome,26-07-2024,07-01-2025,Adventure,Train,5,2919.94,2
TRIP04940,USER5575,Tokyo,30-12-2024,02-03-2025,Cultural,Train,5,2196.11,3
TRIP04941,USER8357,New York,10-09-2024,22-11-2024,Cultural,Car,3,577.61,6
TRIP04942,USER7691,Barcelona,13-01-2025,13-01-2025,Adventure,Car,3,1137.2,7
TRIP04943,USER3127,Dubai,03-05-2024,29-12-2024,Adventure,Train,5,2015.93,2
TRIP04944,USER6524,London,25-04-2024,24-03-2025,Adventure,Train,4,1624.91,10
TRIP04945,USER4917,Paris,16-11-2024,01-12-2024,Family,Car,2,3761.29,6
TRIP04946,USER5727,Barcelona,23-10-2024,28-02-2025,Business,Train,3,4055.97,6
TRIP04947,USER7527,London,28-08-2024,02-04-2025,Cultural,Flight,3,1883.83,2
TRIP04948,USER6593,Sydney,28-10-2024,28-01-2025,Leisure,Flight,5,2283.21,2
TRIP04949,USER7282,Rome,08-04-2024,17-07-2024,Beach,Flight,4,3815.36,9
TRIP04950,USER9240,Sydney,21-03-2024,23-06-2024,Cultural,Cruise,4,2765.81,4
TRIP04951,USER3023,Dubai,18-02-2025,15-04-2025,Adventure,Cruise,3,2890.37,4
TRIP04952,USER3469,Barcelona,12-12-2024,23-02-2025,Adventure,Car,2,1538.82,2
TRIP04953,USER6812,New York,21-06-2024,25-08-2024,Leisure,Cruise,4,1254.9,2
TRIP04954,USER6658,New York,11-08-2024,05-10-2024,Cultural,Bus,1,988.68,10
TRIP04955,USER4711,Barcelona,10-11-2024,12-01-2025,Family,Cruise,2,3211.97,4
TRIP04956,USER5412,Bangkok,10-06-2024,26-08-2024,Leisure,Flight,3,1270.55,10
TRIP04957,USER6189,Dubai,22-12-2024,15-01-2025,Business,Flight,3,575.58,6
TRIP04958,USER6996,Paris,18-05-2024,06-11-2024,Adventure,Cruise,2,3998.12,3
TRIP04959,USER6092,Rome,20-09-2024,06-03-2025,Family,Cruise,3,2461.35,7
TRIP04960,USER2003,Barcelona,13-10-2024,06-04-2025,Business,Bus,3,4532.49,2
TRIP04961,USER2790,London,08-04-2024,06-09-2024,Beach,Car,5,4916.03,7
TRIP04962,USER3812,Istanbul,05-03-2025,17-03-2025,Leisure,Flight,4,2168.05,8
TRIP04963,USER1825,Tokyo,04-03-2025,29-03-2025,Adventure,Cruise,5,1532.73,9
TRIP04964,USER5987,Bangkok,07-01-2025,17-01-2025,Beach,Flight,3,3447.59,1
TRIP04965,USER1862,Istanbul,01-12-2024,21-02-2025,Beach,Bus,5,4208.53,2
TRIP04966,USER3396,Barcelona,10-09-2024,11-01-2025,Beach,Flight,3,4201.35,8
TRIP04967,USER1553,Paris,30-04-2024,29-08-2024,Cultural,Train,2,4892.52,10
TRIP04968,USER4696,Istanbul,27-03-2024,12-09-2024,Adventure,Car,5,4499.45,3
TRIP04969,USER1071,New York,25-10-2024,10-12-2024,Business,Car,5,1563.81,7
TRIP04970,USER1444,Bangkok,06-01-2025,06-02-2025,Business,Car,4,3211.98,2
TRIP04971,USER1624,Tokyo,15-09-2024,10-01-2025,Leisure,Car,1,1941.14,3
TRIP04972,USER8735,Sydney,16-03-2024,17-01-2025,Cultural,Cruise,5,1789.43,6
TRIP04973,USER6040,Istanbul,29-09-2024,19-10-2024,Leisure,Flight,1,4776.5,10
TRIP04974,USER2876,Dubai,05-02-2025,19-02-2025,Leisure,Cruise,1,2634.22,4
TRIP04975,USER5349,Dubai,28-08-2024,26-09-2024,Cultural,Flight,4,2458.77,10
TRIP04976,USER9967,Sydney,22-08-2024,14-02-2025,Cultural,Cruise,2,2795.11,5
TRIP04977,USER9054,Barcelona,19-07-2024,28-02-2025,Business,Cruise,5,3095.97,5
TRIP04978,USER9928,Bangkok,10-08-2024,25-10-2024,Beach,Bus,2,1354.37,8
TRIP04979,USER7615,Istanbul,04-05-2024,20-03-2025,Adventure,Bus,1,2937.97,5
TRIP04980,USER2134,Dubai,17-03-2024,25-10-2024,Beach,Bus,3,3763.25,2
TRIP04981,USER4889,New York,06-04-2024,18-02-2025,Cultural,Train,2,3743.87,5
TRIP04982,USER1169,Dubai,20-02-2025,25-03-2025,Adventure,Train,2,3955.04,9
TRIP04983,USER7103,Rome,01-08-2024,11-02-2025,Beach,Car,3,949.62,9
TRIP04984,USER4494,Barcelona,08-09-2024,03-10-2024,Leisure,Flight,1,3559.79,6
TRIP04985,USER2646,Istanbul,12-05-2024,08-08-2024,Family,Cruise,4,3941.16,1
TRIP04986,USER6641,Paris,16-03-2024,21-03-2025,Cultural,Flight,1,1293.8,7
TRIP04987,USER2461,Paris,29-09-2024,13-03-2025,Beach,Bus,5,2260.58,8
TRIP04988,USER5578,Dubai,27-11-2024,22-02-2025,Cultural,Cruise,5,3793.66,8
TRIP04989,USER1063,New York,25-11-2024,01-02-2025,Beach,Car,5,2970.1,6
TRIP04990,USER4482,Barcelona,01-08-2024,20-01-2025,Adventure,Cruise,3,3032.65,5
TRIP04991,USER2742,New York,04-01-2025,14-01-2025,Leisure,Bus,5,3324.98,1
TRIP04993,USER5278,Rome,16-02-2025,13-04-2025,Family,Bus,2,2768.98,7
TRIP04994,USER9261,Rome,27-11-2024,22-12-2024,Beach,Flight,3,2732.08,1
TRIP04995,USER1615,London,29-09-2024,08-10-2024,Cultural,Flight,5,4013.06,6
TRIP04996,USER3364,New York,08-12-2024,10-02-2025,Beach,Cruise,3,3287.25,7
TRIP04997,USER2376,Bangkok,11-01-2025,01-04-2025,Adventure,Flight,1,2151.51,9
TRIP04998,USER1898,Istanbul,24-04-2024,04-12-2024,Adventure,Train,4,4016.85,4
TRIP04999,USER3961,Dubai,10-01-2025,21-02-2025,Adventure,Train,5,500.88,9
TRIP05000,USER9992,Rome,24-08-2024,30-09-2024,Cultural,Flight,2,3444.61,5
TRIP05001,USER4003,Paris,01-07-2024,11-07-2024,Cultural,Train,4,3474.59,6
TRIP05002,USER4928,Barcelona,16-10-2024,23-11-2024,Leisure,Car,3,989.41,4
TRIP05003,USER7966,Sydney,22-05-2024,28-11-2024,Leisure,Car,2,3594.02,8
TRIP05004,USER4382,London,14-01-2025,04-03-2025,Family,Cruise,5,1140.88,10
TRIP05005,USER9488,Sydney,01-11-2024,12-11-2024,Adventure,Car,3,3582.45,3
TRIP05006,USER4996,Rome,26-08-2024,27-09-2024,Adventure,Bus,2,3673.59,5
TRIP05007,USER9157,London,17-08-2024,13-02-2025,Family,Bus,1,3085.25,1
TRIP05008,USER9097,Dubai,23-11-2024,05-12-2024,Cultural,Bus,1,4990.37,6
TRIP05009,USER7274,Barcelona,14-10-2024,30-11-2024,Cultural,Train,3,674.99,10
TRIP05010,USER4109,Barcelona,18-11-2024,23-12-2024,Leisure,Bus,2,1794.13,5
TRIP05011,USER4021,Istanbul,20-10-2024,14-04-2025,Leisure,Flight,5,4050.92,10
TRIP05012,USER5194,Sydney,03-06-2024,04-10-2024,Cultural,Cruise,3,847.65,8
TRIP05013,USER7308,Paris,11-10-2024,23-12-2024,Business,Bus,3,3787.51,8
TRIP05014,USER1469,Paris,25-08-2024,01-01-2025,Beach,Train,5,3446.09,3
TRIP05015,USER8443,Paris,06-07-2024,05-12-2024,Adventure,Train,2,1173.85,5
TRIP05016,USER9679,Tokyo,11-10-2024,01-03-2025,Business,Bus,3,4466.75,1
TRIP05017,USER8300,London,24-06-2024,13-04-2025,Cultural,Cruise,1,4819,7
TRIP05018,USER8228,London,25-05-2024,08-04-2025,Adventure,Cruise,5,2199.64,10
TRIP05019,USER9392,New York,30-04-2024,10-10-2024,Beach,Bus,5,1123.65,4
TRIP05020,USER9326,Paris,01-11-2024,07-03-2025,Family,Flight,1,3180.64,5
TRIP05021,USER3910,Barcelona,12-07-2024,29-09-2024,Business,Bus,3,2452.11,2
TRIP05022,USER5883,Sydney,25-09-2024,13-04-2025,Cultural,Car,2,4645.76,3
TRIP05023,USER8305,Bangkok,28-06-2024,15-01-2025,Family,Bus,4,2257.82,1
TRIP05024,USER5444,Sydney,16-12-2024,09-02-2025,Cultural,Train,3,775.31,6
TRIP05025,USER7677,Sydney,03-04-2024,17-02-2025,Leisure,Car,3,4918.35,5
TRIP05026,USER7865,Rome,16-12-2024,05-01-2025,Beach,Train,1,4554.77,5
TRIP05027,USER6474,Bangkok,20-01-2025,08-03-2025,Leisure,Bus,1,3787.3,7
TRIP05028,USER4482,Bangkok,29-11-2024,25-02-2025,Business,Car,4,2593.94,5
TRIP05029,USER4291,Istanbul,10-01-2025,01-02-2025,Cultural,Bus,1,4733.05,2
TRIP05030,USER5337,Dubai,09-06-2024,26-02-2025,Adventure,Bus,2,3236.95,1
TRIP05031,USER2310,Sydney,29-08-2024,11-04-2025,Adventure,Car,3,4946.72,5
TRIP05032,USER9478,London,12-01-2025,07-02-2025,Beach,Flight,4,2333.89,8
TRIP05033,USER6418,Tokyo,10-04-2024,30-12-2024,Family,Cruise,3,4250.68,8
TRIP05034,USER2992,London,30-08-2024,21-12-2024,Adventure,Cruise,2,3451.59,10
TRIP05035,USER9046,Dubai,25-08-2024,26-08-2024,Family,Bus,2,4515.5,7
TRIP05036,USER2636,Tokyo,09-03-2025,17-03-2025,Leisure,Cruise,4,4074.16,2
TRIP05037,USER5693,Rome,09-07-2024,31-10-2024,Leisure,Flight,3,4196.42,1
TRIP05038,USER4466,Paris,26-01-2025,31-03-2025,Beach,Car,4,2722.54,5
TRIP05039,USER8209,Dubai,20-09-2024,25-11-2024,Beach,Car,3,928.19,9
TRIP05040,USER6062,Rome,10-02-2025,20-02-2025,Adventure,Train,5,829.71,9
TRIP05041,USER3524,Tokyo,26-04-2024,21-09-2024,Family,Bus,2,878.62,7
TRIP05042,USER5262,New York,14-09-2024,28-01-2025,Adventure,Car,5,4349.74,4
TRIP05043,USER8502,London,20-08-2024,29-01-2025,Cultural,Car,5,3760.22,10
TRIP05044,USER7749,Tokyo,19-02-2025,09-03-2025,Business,Train,2,509.2,7
TRIP05045,USER4756,Istanbul,08-12-2024,22-12-2024,Adventure,Flight,1,3086.71,1
TRIP05046,USER8100,London,07-01-2025,26-03-2025,Leisure,Train,5,1994.11,10
TRIP05047,USER7708,Rome,24-09-2024,30-09-2024,Adventure,Bus,3,4612.16,4
TRIP05048,USER7667,Bangkok,29-01-2025,22-02-2025,Cultural,Bus,4,3085.95,1
TRIP05049,USER9174,London,18-05-2024,03-12-2024,Leisure,Cruise,5,2998.9,3
TRIP05050,USER1082,Paris,22-04-2024,02-02-2025,Beach,Train,3,3510.11,7
TRIP05051,USER8194,Tokyo,05-10-2024,14-12-2024,Leisure,Cruise,2,1008.92,9
TRIP05052,USER2671,Paris,29-12-2024,07-04-2025,Business,Bus,5,3415.72,9
TRIP05053,USER8412,Barcelona,02-09-2024,11-09-2024,Adventure,Train,4,909.63,4
TRIP05054,USER7229,Dubai,28-04-2024,12-02-2025,Adventure,Cruise,2,726.66,10
TRIP05055,USER7998,London,19-10-2024,21-12-2024,Beach,Cruise,4,4343.39,10
TRIP05056,USER1991,Bangkok,19-05-2024,06-09-2024,Cultural,Cruise,5,4259.91,6
TRIP05057,USER4160,Bangkok,14-01-2025,03-02-2025,Family,Flight,3,4676.75,9
TRIP05058,USER8828,Istanbul,05-07-2024,22-03-2025,Leisure,Cruise,5,2169.51,10
TRIP05059,USER4992,Bangkok,21-09-2024,31-12-2024,Adventure,Cruise,2,3059.02,6
TRIP05060,USER6748,Sydney,17-05-2024,15-12-2024,Family,Car,3,3206.65,9
TRIP05061,USER8825,Istanbul,29-04-2024,20-10-2024,Business,Train,5,3716.32,1
TRIP05062,USER1496,Dubai,30-05-2024,03-06-2024,Leisure,Car,1,1385.11,9
TRIP05063,USER5146,Tokyo,07-03-2025,13-03-2025,Cultural,Train,5,2006.55,2
TRIP05064,USER3900,Barcelona,21-10-2024,12-02-2025,Leisure,Bus,2,2789.4,4
TRIP05065,USER2839,Bangkok,07-11-2024,22-12-2024,Beach,Cruise,5,1946.24,3
TRIP05066,USER8029,Rome,07-07-2024,18-08-2024,Cultural,Train,1,1511.66,3
TRIP05067,USER1799,Tokyo,09-05-2024,21-10-2024,Leisure,Train,2,757.08,3
TRIP05068,USER8399,New York,03-01-2025,24-02-2025,Beach,Car,5,4294.41,2
TRIP05069,USER4716,Rome,07-01-2025,06-03-2025,Cultural,Car,4,500.04,10
TRIP05070,USER3535,Barcelona,19-06-2024,06-04-2025,Leisure,Train,3,3109.05,8
TRIP05071,USER2438,Rome,05-02-2025,26-03-2025,Beach,Flight,2,4691.91,10
TRIP05072,USER8345,Bangkok,02-02-2025,16-03-2025,Leisure,Cruise,5,4778.37,5
TRIP05073,USER1292,London,03-09-2024,26-12-2024,Adventure,Flight,2,1530.43,7
TRIP05074,USER9929,Istanbul,24-01-2025,23-03-2025,Leisure,Car,2,540.53,10
TRIP05075,USER1195,Rome,08-09-2024,26-11-2024,Leisure,Flight,4,1143.99,7
TRIP05076,USER3916,Tokyo,19-06-2024,23-06-2024,Business,Flight,4,3723.27,8
TRIP05077,USER5527,Rome,15-03-2025,08-04-2025,Adventure,Flight,2,681.83,9
TRIP05078,USER9845,Istanbul,11-12-2024,18-03-2025,Adventure,Flight,4,1584.82,9
TRIP05079,USER9235,London,20-11-2024,01-12-2024,Business,Bus,1,1113.28,4
TRIP05080,USER1977,Sydney,01-06-2024,03-03-2025,Cultural,Train,5,2185.65,2
TRIP05081,USER5664,Rome,20-12-2024,06-03-2025,Family,Bus,2,4419.94,2
TRIP05082,USER1285,Istanbul,03-05-2024,27-09-2024,Cultural,Car,3,3377.98,6
TRIP05083,USER3661,Paris,16-07-2024,30-11-2024,Cultural,Bus,5,3721.25,1
TRIP05084,USER7893,Barcelona,06-01-2025,07-03-2025,Beach,Bus,5,4540.1,1
TRIP05085,USER3728,Tokyo,02-10-2024,26-10-2024,Cultural,Flight,3,2591.43,9
TRIP05086,USER7515,New York,20-09-2024,21-10-2024,Cultural,Cruise,3,3627.72,2
TRIP05087,USER9208,Barcelona,24-02-2025,11-04-2025,Business,Bus,4,3313.74,3
TRIP05088,USER4725,Sydney,26-06-2024,15-04-2025,Leisure,Car,2,2058.72,3
TRIP05089,USER6901,New York,28-11-2024,25-02-2025,Beach,Cruise,3,2359.19,3
TRIP05090,USER9682,Sydney,20-09-2024,26-03-2025,Adventure,Car,3,3295.05,2
TRIP05091,USER4353,Paris,07-01-2025,02-02-2025,Leisure,Car,1,2028.24,5
TRIP05092,USER3312,Barcelona,10-02-2025,22-03-2025,Family,Cruise,4,4214.01,7
TRIP05093,USER4279,Sydney,28-07-2024,12-02-2025,Family,Bus,1,1244.32,6
TRIP05094,USER6364,Barcelona,05-04-2024,14-11-2024,Leisure,Train,4,1715.25,6
TRIP05095,USER2057,Rome,02-06-2024,23-08-2024,Beach,Flight,4,2909.64,8
TRIP05096,USER7587,Paris,19-06-2024,27-08-2024,Cultural,Bus,4,3697.23,7
TRIP05097,USER5213,Rome,03-12-2024,06-12-2024,Adventure,Bus,5,549.27,2
TRIP05098,USER5004,Tokyo,27-11-2024,19-02-2025,Adventure,Train,2,3921.19,10
TRIP05099,USER3784,Rome,01-06-2024,14-09-2024,Family,Flight,1,2301.21,9
TRIP05100,USER3719,New York,18-04-2024,24-09-2024,Leisure,Car,1,4574.09,7
TRIP05101,USER8265,New York,29-07-2024,30-11-2024,Family,Flight,1,1631.7,4
TRIP05102,USER8104,Paris,15-04-2024,30-11-2024,Family,Car,4,2255.14,1
TRIP05103,USER1601,Paris,17-06-2024,27-11-2024,Leisure,Train,1,512.38,4
TRIP05104,USER8258,Dubai,19-02-2025,24-02-2025,Beach,Car,4,3692.92,9
TRIP05105,USER1731,Barcelona,23-09-2024,08-01-2025,Business,Cruise,5,1614.1,5
TRIP05106,USER8735,London,25-11-2024,21-02-2025,Adventure,Bus,2,3060.8,2
TRIP05107,USER1070,Istanbul,22-02-2025,01-03-2025,Family,Cruise,5,1104.73,5
TRIP05108,USER1178,Istanbul,15-08-2024,30-10-2024,Cultural,Car,4,4829.85,5
TRIP05109,USER7343,New York,14-09-2024,14-09-2024,Leisure,Train,5,3481.57,3
TRIP05110,USER6521,Bangkok,24-09-2024,13-11-2024,Business,Flight,5,3961.19,9
TRIP05111,USER1679,Dubai,10-12-2024,10-02-2025,Family,Train,5,2642.77,10
TRIP05112,USER4530,Tokyo,20-03-2024,13-02-2025,Family,Cruise,3,3386.6,6
TRIP05113,USER9670,Paris,17-09-2024,04-01-2025,Leisure,Train,4,2672.77,9
TRIP05114,USER2588,Sydney,19-12-2024,21-02-2025,Cultural,Flight,3,4432.47,4
TRIP05115,USER5596,Dubai,12-10-2024,16-02-2025,Family,Train,3,3190.72,7
TRIP05116,USER3141,Tokyo,10-03-2025,10-03-2025,Leisure,Bus,2,644.11,5
TRIP05117,USER1550,Sydney,14-12-2024,19-03-2025,Family,Car,5,2368.29,6
TRIP05118,USER3449,Bangkok,08-02-2025,30-03-2025,Family,Cruise,2,3466.09,7
TRIP05119,USER3411,New York,15-08-2024,21-01-2025,Family,Bus,4,3470.78,8
TRIP05120,USER1188,Paris,13-10-2024,22-12-2024,Business,Cruise,2,760.17,7
TRIP05121,USER6398,Istanbul,21-11-2024,30-12-2024,Adventure,Cruise,4,3551.77,8
TRIP05122,USER9578,Dubai,06-09-2024,20-09-2024,Adventure,Cruise,4,3229.09,5
TRIP05123,USER7486,Dubai,06-07-2024,03-12-2024,Family,Flight,1,881.39,1
TRIP05124,USER5143,Rome,17-08-2024,31-08-2024,Leisure,Bus,5,949.28,10
TRIP05125,USER8492,Istanbul,02-09-2024,11-12-2024,Adventure,Cruise,3,1217.71,7
TRIP05126,USER9400,Barcelona,21-04-2024,17-07-2024,Cultural,Car,1,2009.08,7
TRIP05127,USER7031,New York,16-12-2024,06-03-2025,Leisure,Cruise,3,4445.06,1
TRIP05128,USER2973,Barcelona,06-10-2024,05-11-2024,Leisure,Car,2,2798.95,5
TRIP05129,USER1677,Bangkok,05-02-2025,20-03-2025,Family,Train,4,1425.67,10
TRIP05130,USER8937,Dubai,03-09-2024,26-11-2024,Leisure,Train,3,4875.49,8
TRIP05131,USER8707,London,10-10-2024,17-03-2025,Leisure,Flight,1,4249.36,10
TRIP05132,USER2154,Sydney,20-11-2024,23-01-2025,Cultural,Cruise,1,4383.94,9
TRIP05133,USER6644,Istanbul,11-04-2024,06-07-2024,Business,Cruise,2,1928.78,10
TRIP05134,USER1186,Istanbul,15-07-2024,17-08-2024,Adventure,Train,1,3967.84,9
TRIP05135,USER8548,Paris,07-02-2025,05-03-2025,Family,Flight,1,3375.2,2
TRIP05137,USER3110,Paris,31-10-2024,09-12-2024,Family,Bus,3,2069.46,1
TRIP05138,USER8340,Dubai,20-07-2024,06-12-2024,Beach,Flight,2,688.9,10
TRIP05139,USER2049,Bangkok,09-01-2025,15-02-2025,Cultural,Car,4,4958.39,8
TRIP05140,USER5135,New York,15-11-2024,12-01-2025,Cultural,Car,2,3632.15,8
TRIP05141,USER2061,Dubai,04-03-2025,21-03-2025,Beach,Flight,2,2490.79,4
TRIP05142,USER6145,Bangkok,25-06-2024,02-03-2025,Leisure,Car,4,4935,1
TRIP05143,USER3747,Tokyo,18-10-2024,26-02-2025,Business,Flight,4,4843.02,7
TRIP05144,USER7895,London,31-08-2024,05-02-2025,Beach,Bus,3,1571.94,6
TRIP05145,USER8463,Paris,26-08-2024,29-01-2025,Family,Cruise,1,2559.41,2
TRIP05146,USER1354,Tokyo,01-01-2025,24-02-2025,Adventure,Car,1,2621.05,8
TRIP05147,USER6322,Sydney,23-05-2024,26-08-2024,Cultural,Train,5,3362.99,1
TRIP05148,USER2717,Paris,28-09-2024,04-03-2025,Adventure,Train,1,900.16,10
TRIP05149,USER6712,Sydney,17-12-2024,03-04-2025,Business,Cruise,5,1751.18,3
TRIP05150,USER9185,Bangkok,03-03-2025,22-03-2025,Beach,Train,3,2952.12,8
TRIP05151,USER2374,New York,30-05-2024,29-09-2024,Leisure,Bus,5,4166.53,3
TRIP05152,USER4329,Rome,14-09-2024,12-11-2024,Beach,Cruise,5,3923.86,4
TRIP05153,USER6148,Tokyo,02-06-2024,10-09-2024,Family,Bus,4,1042.04,2
TRIP05154,USER5810,Paris,18-09-2024,21-09-2024,Adventure,Bus,1,2844.23,8
TRIP05155,USER2600,Paris,21-05-2024,30-03-2025,Business,Cruise,2,1045.29,2
TRIP05156,USER1021,Sydney,18-02-2025,05-04-2025,Leisure,Cruise,5,1117.91,2
TRIP05157,USER5084,London,05-01-2025,19-03-2025,Family,Bus,1,2676.27,5
TRIP05158,USER8399,New York,22-08-2024,30-11-2024,Beach,Train,3,4762.58,8
TRIP05159,USER2538,London,16-09-2024,21-10-2024,Family,Car,1,3146.91,3
TRIP05160,USER2914,Tokyo,11-11-2024,24-02-2025,Cultural,Cruise,4,4109.15,2
TRIP05161,USER6973,Paris,29-03-2024,19-02-2025,Business,Train,4,802.94,5
TRIP05162,USER6139,Bangkok,07-09-2024,03-11-2024,Cultural,Flight,3,4954.09,8
TRIP05163,USER9692,Dubai,29-10-2024,20-12-2024,Beach,Bus,4,2308.56,10
TRIP05164,USER2234,Sydney,27-07-2024,02-11-2024,Family,Bus,5,3876.1,3
TRIP05165,USER7404,London,15-06-2024,08-12-2024,Cultural,Car,4,4329.72,4
TRIP05166,USER1089,London,24-10-2024,07-11-2024,Cultural,Cruise,1,2937.34,4
TRIP05167,USER6459,New York,21-11-2024,10-03-2025,Beach,Car,3,1843.05,4
TRIP05168,USER5232,New York,26-08-2024,12-12-2024,Leisure,Train,4,4789.3,6
TRIP05169,USER6368,Tokyo,31-03-2024,08-09-2024,Family,Flight,1,4105.06,8
TRIP05170,USER9079,New York,17-05-2024,10-03-2025,Cultural,Flight,2,3930.15,5
TRIP05171,USER9975,Dubai,19-04-2024,05-02-2025,Business,Car,3,1502.3,6
TRIP05172,USER1024,New York,01-09-2024,06-09-2024,Cultural,Bus,5,2026.9,7
TRIP05173,USER8559,Tokyo,03-06-2024,03-02-2025,Cultural,Car,5,702.81,2
TRIP05174,USER7596,Bangkok,03-07-2024,17-11-2024,Family,Car,2,3408.02,1
TRIP05175,USER8563,New York,20-05-2024,26-01-2025,Family,Car,4,4946.41,5
TRIP05176,USER6839,Paris,15-10-2024,21-03-2025,Cultural,Car,3,2652.71,8
TRIP05177,USER1896,Istanbul,31-01-2025,22-02-2025,Business,Flight,3,4913.16,3
TRIP05178,USER7340,Rome,25-08-2024,28-12-2024,Cultural,Flight,2,2844.57,5
TRIP05179,USER4436,Istanbul,09-04-2024,11-02-2025,Family,Cruise,5,4970.83,4
TRIP05180,USER3531,Istanbul,03-03-2025,29-03-2025,Family,Flight,2,2442.51,10
TRIP05181,USER6539,Paris,11-07-2024,13-04-2025,Leisure,Cruise,1,3676.75,8
TRIP05182,USER5991,Barcelona,26-12-2024,12-02-2025,Business,Train,5,1223.27,3
TRIP05183,USER6800,Dubai,15-04-2024,08-10-2024,Family,Cruise,3,4279.17,3
TRIP05184,USER6533,Istanbul,06-11-2024,08-04-2025,Business,Cruise,2,1443.37,10
TRIP05185,USER9054,Istanbul,13-09-2024,30-11-2024,Business,Flight,1,3895.5,4
TRIP05186,USER8925,Dubai,08-04-2024,23-12-2024,Business,Train,1,590.63,3
TRIP05187,USER6225,Barcelona,13-03-2025,03-04-2025,Leisure,Cruise,3,595.69,4
TRIP05188,USER8880,New York,19-02-2025,23-03-2025,Adventure,Bus,5,1865.66,4
TRIP05189,USER1829,Bangkok,22-11-2024,13-03-2025,Cultural,Car,1,3225.05,5
TRIP05190,USER4235,Dubai,15-07-2024,19-09-2024,Beach,Car,3,1602.1,6
TRIP05191,USER4949,Paris,07-09-2024,31-03-2025,Cultural,Cruise,2,1914.39,2
TRIP05192,USER9388,Dubai,07-10-2024,03-11-2024,Cultural,Flight,4,4311.63,7
TRIP05193,USER9732,Paris,04-08-2024,10-10-2024,Leisure,Car,2,1838.35,9
TRIP05194,USER5676,Rome,26-02-2025,07-03-2025,Family,Train,2,4217.46,1
TRIP05195,USER6889,Tokyo,23-12-2024,03-02-2025,Beach,Car,5,1830.13,5
TRIP05196,USER9304,Rome,05-01-2025,28-03-2025,Business,Car,1,3882,8
TRIP05197,USER2703,New York,09-09-2024,27-02-2025,Family,Car,3,2465.84,7
TRIP05198,USER1928,Bangkok,08-11-2024,03-02-2025,Cultural,Car,4,4189.29,5
TRIP05199,USER5502,Bangkok,12-03-2025,27-03-2025,Cultural,Car,3,4080.47,10
TRIP05200,USER2250,Bangkok,21-12-2024,06-04-2025,Business,Car,1,1932.83,2
TRIP05201,USER1126,Barcelona,17-06-2024,11-12-2024,Leisure,Train,2,3063.16,8
TRIP05202,USER6722,Rome,07-12-2024,31-01-2025,Business,Train,3,3223.54,8
TRIP05203,USER4875,Barcelona,24-10-2024,20-03-2025,Cultural,Flight,5,1888.93,10
TRIP05204,USER5181,Rome,26-08-2024,23-11-2024,Cultural,Flight,5,506.05,10
TRIP05205,USER3617,Rome,12-01-2025,06-02-2025,Business,Train,4,4148.35,1
TRIP05206,USER4435,New York,15-10-2024,25-01-2025,Leisure,Train,3,1432.57,1
TRIP05207,USER5493,New York,03-02-2025,04-03-2025,Cultural,Car,3,3043.85,7
TRIP05208,USER6927,Sydney,24-10-2024,24-10-2024,Cultural,Train,4,4084.3,2
TRIP05209,USER8890,Tokyo,30-12-2024,13-02-2025,Adventure,Bus,5,780.67,9
TRIP05210,USER5743,New York,28-12-2024,24-01-2025,Business,Flight,2,1762.52,2
TRIP05211,USER2996,Dubai,30-11-2024,19-01-2025,Cultural,Cruise,5,1304.58,4
TRIP05213,USER2464,London,10-07-2024,14-12-2024,Beach,Bus,4,4494.32,8
TRIP05214,USER7888,Rome,03-01-2025,20-03-2025,Family,Flight,1,1429.18,5
TRIP05215,USER7928,Rome,16-09-2024,15-04-2025,Family,Cruise,5,3201.34,8
TRIP05216,USER6472,Dubai,30-09-2024,29-01-2025,Leisure,Car,2,4266.52,10
TRIP05217,USER7947,New York,10-08-2024,24-11-2024,Cultural,Flight,5,4489.79,3
TRIP05218,USER1379,Rome,09-10-2024,13-12-2024,Family,Bus,1,1346.15,7
TRIP05219,USER5171,Paris,05-10-2024,22-12-2024,Beach,Cruise,5,3332.89,5
TRIP05220,USER6202,Paris,14-08-2024,19-11-2024,Cultural,Train,4,4520.88,6
TRIP05221,USER3669,Dubai,03-10-2024,23-12-2024,Leisure,Cruise,5,3538.43,2
TRIP05222,USER4469,Tokyo,21-02-2025,02-04-2025,Beach,Train,2,572.2,4
TRIP05223,USER6383,London,07-02-2025,18-02-2025,Adventure,Cruise,4,1628.46,2
TRIP05224,USER8634,Rome,03-08-2024,10-01-2025,Cultural,Train,5,1571.28,1
TRIP05225,USER8637,Sydney,05-06-2024,14-11-2024,Adventure,Cruise,3,2024.45,3
TRIP05226,USER9598,London,30-03-2024,09-08-2024,Beach,Train,1,4238.72,5
TRIP05227,USER2975,Bangkok,09-10-2024,05-11-2024,Leisure,Car,2,1971.91,10
TRIP05228,USER3089,London,25-11-2024,17-03-2025,Beach,Flight,5,1820.65,8
TRIP05229,USER9055,Rome,09-10-2024,03-02-2025,Family,Cruise,5,3618.84,6
TRIP05230,USER1878,Rome,19-01-2025,13-02-2025,Cultural,Car,2,4027.34,8
TRIP05231,USER2659,Barcelona,09-11-2024,10-03-2025,Family,Bus,1,2786.02,9
TRIP05232,USER6593,Dubai,14-12-2024,20-12-2024,Leisure,Bus,2,4027.43,8
TRIP05233,USER8314,Paris,03-08-2024,22-12-2024,Cultural,Car,4,2374.88,9
TRIP05234,USER7254,Dubai,11-04-2024,14-12-2024,Family,Train,4,583.08,8
TRIP05235,USER4572,Sydney,24-08-2024,22-12-2024,Leisure,Train,5,3111.22,4
TRIP05236,USER9445,Rome,14-01-2025,06-03-2025,Cultural,Cruise,4,2144.44,6
TRIP05237,USER9516,Tokyo,02-07-2024,07-08-2024,Beach,Train,4,4235.98,6
TRIP05238,USER5243,Barcelona,12-10-2024,30-12-2024,Business,Flight,2,3483.59,3
TRIP05239,USER6674,Dubai,02-05-2024,15-05-2024,Family,Cruise,2,4993.58,7
TRIP05240,USER9023,London,26-10-2024,06-02-2025,Leisure,Bus,5,4429.15,5
TRIP05241,USER3047,Rome,07-06-2024,09-01-2025,Adventure,Flight,2,4868.18,6
TRIP05242,USER7938,Paris,01-11-2024,13-01-2025,Family,Flight,4,2605.29,9
TRIP05243,USER4032,Rome,19-06-2024,24-03-2025,Business,Car,1,2890.09,1
TRIP05244,USER5325,Istanbul,15-03-2025,10-04-2025,Business,Train,3,2420.02,7
TRIP05245,USER7891,New York,19-08-2024,10-11-2024,Beach,Car,4,869.1,6
TRIP05246,USER2402,Istanbul,19-05-2024,31-12-2024,Cultural,Car,5,3348.36,1
TRIP05247,USER9935,Rome,27-08-2024,17-12-2024,Adventure,Train,2,4652.65,4
TRIP05248,USER9756,Bangkok,25-08-2024,24-02-2025,Adventure,Train,1,4906.55,9
TRIP05249,USER5940,Sydney,24-04-2024,12-11-2024,Leisure,Bus,4,782.82,3
TRIP05250,USER7497,Barcelona,02-03-2025,24-03-2025,Business,Bus,2,3052.43,2
TRIP05251,USER3467,Sydney,04-12-2024,28-01-2025,Family,Train,1,3862.17,7
TRIP05252,USER9114,London,23-02-2025,09-04-2025,Leisure,Cruise,1,2636.33,4
TRIP05254,USER4070,New York,29-09-2024,31-10-2024,Beach,Train,5,1014.2,10
TRIP05255,USER8536,Istanbul,26-05-2024,27-01-2025,Leisure,Flight,3,1597.67,2
TRIP05256,USER8467,London,08-05-2024,03-01-2025,Cultural,Flight,3,1662.23,8
TRIP05257,USER9479,New York,24-10-2024,02-02-2025,Adventure,Train,1,4643.19,2
TRIP05258,USER5414,Istanbul,05-03-2025,21-03-2025,Leisure,Train,4,3504.21,7
TRIP05259,USER6412,New York,28-06-2024,16-02-2025,Family,Cruise,4,2723.52,8
TRIP05260,USER3248,Barcelona,04-09-2024,22-09-2024,Beach,Cruise,4,4964.88,7
TRIP05261,USER8242,Bangkok,01-11-2024,01-03-2025,Business,Cruise,2,619.36,8
TRIP05262,USER3565,Paris,26-09-2024,18-01-2025,Cultural,Bus,4,4579.08,10
TRIP05263,USER8335,Tokyo,24-10-2024,03-04-2025,Beach,Train,3,4733.46,5
TRIP05264,USER4647,New York,31-07-2024,21-01-2025,Family,Train,3,4428.22,1
TRIP05265,USER6931,New York,15-09-2024,01-03-2025,Business,Flight,1,678.46,9
TRIP05266,USER8500,Dubai,28-05-2024,20-08-2024,Leisure,Train,3,3954.52,5
TRIP05267,USER9877,Sydney,10-08-2024,13-12-2024,Cultural,Cruise,5,789.75,8
TRIP05268,USER1920,Tokyo,27-09-2024,30-03-2025,Business,Train,1,2864.39,8
TRIP05269,USER4409,Sydney,17-09-2024,31-10-2024,Adventure,Bus,5,4264.46,6
TRIP05270,USER2118,Sydney,11-06-2024,18-09-2024,Beach,Bus,4,2287.95,8
TRIP05271,USER7229,Barcelona,01-08-2024,17-12-2024,Cultural,Car,3,4222.88,9
TRIP05272,USER6947,Dubai,03-05-2024,11-07-2024,Adventure,Cruise,2,2067.67,5
TRIP05273,USER7238,Bangkok,04-12-2024,14-03-2025,Cultural,Flight,4,1820.72,1
TRIP05274,USER8479,New York,11-09-2024,06-03-2025,Business,Car,2,4235.74,3
TRIP05275,USER6767,London,06-02-2025,09-02-2025,Adventure,Car,4,1452.67,9
TRIP05276,USER2880,Sydney,08-01-2025,26-03-2025,Cultural,Car,1,3119.36,8
TRIP05277,USER3282,Dubai,11-01-2025,26-03-2025,Family,Car,1,1709.68,7
TRIP05278,USER1237,Tokyo,13-12-2024,14-12-2024,Cultural,Cruise,1,3741.52,1
TRIP05279,USER6688,Bangkok,15-03-2025,08-04-2025,Business,Train,5,502.54,2
TRIP05280,USER2471,Paris,06-01-2025,03-02-2025,Business,Bus,1,1778.51,2
TRIP05281,USER3623,Dubai,01-02-2025,05-03-2025,Business,Car,4,3092.46,1
TRIP05282,USER4848,Barcelona,01-11-2024,05-04-2025,Leisure,Cruise,5,4260.06,3
TRIP05283,USER4867,London,06-08-2024,27-12-2024,Beach,Car,5,1511.54,2
TRIP05284,USER6095,Dubai,29-09-2024,10-10-2024,Family,Car,2,2914.78,3
TRIP05285,USER2363,New York,29-09-2024,16-12-2024,Leisure,Bus,4,524.96,7
TRIP05286,USER7569,Rome,11-04-2024,01-08-2024,Family,Car,3,3091.81,9
TRIP05287,USER3719,Paris,14-06-2024,20-11-2024,Adventure,Flight,3,4327.18,9
TRIP05288,USER3822,Paris,20-06-2024,10-11-2024,Leisure,Train,4,3674.45,6
TRIP05289,USER9364,Sydney,24-02-2025,26-02-2025,Adventure,Cruise,5,1882.58,2
TRIP05290,USER3397,Paris,10-08-2024,13-04-2025,Business,Car,1,3167.68,2
TRIP05291,USER2100,Tokyo,21-09-2024,19-10-2024,Cultural,Train,5,884.19,7
TRIP05292,USER5524,Dubai,19-10-2024,17-02-2025,Beach,Flight,2,4144.61,10
TRIP05293,USER5996,Istanbul,08-02-2025,17-02-2025,Cultural,Bus,2,4194.33,8
TRIP05294,USER7571,Istanbul,10-12-2024,09-02-2025,Cultural,Flight,4,4624.84,8
TRIP05295,USER9831,Istanbul,11-01-2025,26-03-2025,Leisure,Car,2,2251.64,2
TRIP05296,USER7639,Barcelona,27-09-2024,29-12-2024,Adventure,Flight,4,1720.83,10
TRIP05297,USER7334,Rome,27-03-2024,27-12-2024,Business,Train,1,1468.45,4
TRIP05298,USER3492,Sydney,18-08-2024,10-09-2024,Adventure,Cruise,4,1238.23,8
TRIP05299,USER1713,Barcelona,13-07-2024,04-12-2024,Family,Flight,1,1177.51,8
TRIP05300,USER4708,Dubai,01-02-2025,01-02-2025,Adventure,Bus,1,1452.26,8
TRIP05301,USER6085,Rome,06-10-2024,30-12-2024,Business,Flight,2,4003.94,8
TRIP05302,USER2699,Sydney,26-03-2024,24-11-2024,Adventure,Cruise,2,2862.54,1
TRIP05303,USER6456,New York,19-04-2024,16-07-2024,Cultural,Train,1,4571.02,7
TRIP05304,USER8948,Tokyo,09-05-2024,18-03-2025,Leisure,Train,2,830.92,5
TRIP05305,USER4082,Rome,13-07-2024,02-03-2025,Leisure,Car,3,745.4,1
TRIP05306,USER2157,New York,11-09-2024,24-03-2025,Cultural,Train,5,4260.58,4
TRIP05307,USER5555,Paris,27-12-2024,22-03-2025,Leisure,Car,4,2449.47,10
TRIP05308,USER1787,Barcelona,21-06-2024,05-04-2025,Family,Train,5,3086.65,1
TRIP05309,USER7645,Barcelona,10-03-2025,11-04-2025,Business,Train,3,869.02,10
TRIP05310,USER8472,Paris,10-01-2025,11-02-2025,Adventure,Flight,5,4870.53,5
TRIP05311,USER4535,Barcelona,23-01-2025,31-03-2025,Business,Car,3,2421.47,4
TRIP05312,USER3323,Dubai,22-02-2025,05-04-2025,Family,Flight,5,1601.45,7
TRIP05313,USER7992,Paris,26-09-2024,05-10-2024,Beach,Flight,4,3224.83,4
TRIP05314,USER8281,Bangkok,13-07-2024,16-03-2025,Leisure,Flight,3,4617.89,3
TRIP05315,USER5546,Barcelona,02-06-2024,09-10-2024,Beach,Bus,4,2440.79,10
TRIP05316,USER9732,Barcelona,11-02-2025,13-02-2025,Business,Cruise,2,1396.32,7
TRIP05317,USER9812,Istanbul,19-10-2024,03-12-2024,Family,Cruise,3,3969.88,10
TRIP05318,USER4068,Paris,15-10-2024,31-10-2024,Leisure,Flight,3,4718.69,10
TRIP05319,USER4819,Sydney,07-09-2024,11-04-2025,Business,Bus,1,2314.27,9
TRIP05320,USER6185,London,02-02-2025,26-03-2025,Adventure,Flight,2,680.78,6
TRIP05321,USER7163,Rome,09-08-2024,18-08-2024,Business,Flight,4,700.26,9
TRIP05322,USER4415,Barcelona,12-08-2024,07-10-2024,Family,Train,5,901.41,8
TRIP05323,USER2778,Paris,07-01-2025,11-02-2025,Adventure,Flight,5,3185.14,4
TRIP05324,USER4021,Tokyo,15-10-2024,09-11-2024,Adventure,Train,2,3808.55,2
TRIP05325,USER4887,New York,20-03-2024,29-05-2024,Beach,Bus,3,1348.82,5
TRIP05326,USER6423,Bangkok,16-06-2024,13-11-2024,Leisure,Bus,3,1283.95,1
TRIP05327,USER2462,Paris,20-09-2024,24-02-2025,Cultural,Cruise,5,3413.59,8
TRIP05328,USER9842,Dubai,28-07-2024,13-03-2025,Cultural,Cruise,5,1484.78,2
TRIP05329,USER8361,Dubai,08-10-2024,01-11-2024,Adventure,Car,1,1814.12,1
TRIP05330,USER1240,Tokyo,11-10-2024,30-12-2024,Cultural,Flight,2,2611.76,9
TRIP05331,USER8488,Barcelona,23-10-2024,21-01-2025,Adventure,Cruise,1,717.86,10
TRIP05332,USER4198,Istanbul,12-09-2024,13-12-2024,Beach,Bus,1,2982.9,6
TRIP05333,USER5497,Rome,27-01-2025,13-04-2025,Leisure,Cruise,5,4024.06,8
TRIP05334,USER3015,Dubai,08-08-2024,02-11-2024,Business,Cruise,4,3276.37,3
TRIP05335,USER5159,Istanbul,09-01-2025,25-01-2025,Cultural,Flight,5,3118.47,9
TRIP05336,USER5695,London,17-01-2025,02-03-2025,Family,Bus,5,3211.26,5
TRIP05337,USER7321,Bangkok,05-08-2024,14-12-2024,Business,Cruise,4,1170.49,2
TRIP05338,USER2896,Rome,19-01-2025,19-02-2025,Business,Car,3,2735.66,10
TRIP05339,USER2850,Barcelona,17-06-2024,19-08-2024,Business,Cruise,5,852.16,3
TRIP05340,USER4231,Dubai,16-12-2024,16-02-2025,Family,Cruise,3,2350.34,1
TRIP05341,USER5497,Barcelona,29-03-2024,09-09-2024,Family,Cruise,3,3952.33,4
TRIP05342,USER7998,Bangkok,12-01-2025,05-04-2025,Family,Train,4,1387.78,3
TRIP05343,USER5486,New York,19-12-2024,19-12-2024,Business,Bus,2,4406.23,8
TRIP05344,USER6046,London,17-09-2024,31-03-2025,Business,Train,1,4570.67,7
TRIP05345,USER9859,Barcelona,04-09-2024,11-09-2024,Adventure,Car,2,3410.22,2
TRIP05347,USER7114,Bangkok,23-12-2024,20-03-2025,Business,Bus,1,4656.69,8
TRIP05348,USER4869,Rome,27-04-2024,05-10-2024,Beach,Flight,2,2930.52,4
TRIP05349,USER5616,Paris,11-01-2025,15-02-2025,Adventure,Train,4,1299.48,2
TRIP05350,USER2328,Paris,26-08-2024,07-10-2024,Leisure,Car,1,563.69,4
TRIP05351,USER8664,Paris,23-05-2024,13-06-2024,Leisure,Train,4,2866.03,6
TRIP05352,USER9282,New York,05-04-2024,18-11-2024,Adventure,Flight,2,1855.55,1
TRIP05353,USER4834,Barcelona,12-02-2025,25-03-2025,Cultural,Cruise,3,1955.77,6
TRIP05354,USER8557,Paris,14-10-2024,15-03-2025,Beach,Car,1,2121.35,10
TRIP05355,USER1192,Sydney,28-06-2024,29-03-2025,Leisure,Cruise,3,2817.53,8
TRIP05356,USER2151,Sydney,02-12-2024,27-01-2025,Adventure,Cruise,3,3250.27,8
TRIP05357,USER2878,Dubai,10-10-2024,05-02-2025,Family,Flight,3,4211.42,1
TRIP05358,USER5614,London,12-09-2024,28-01-2025,Cultural,Bus,5,3634.72,1
TRIP05359,USER7761,Sydney,16-11-2024,03-01-2025,Business,Train,4,1432.93,8
TRIP05360,USER2646,Bangkok,18-02-2025,26-02-2025,Adventure,Train,2,4210.26,7
TRIP05361,USER3938,Istanbul,02-02-2025,11-04-2025,Family,Train,1,4956.22,7
TRIP05362,USER5426,New York,01-05-2024,01-04-2025,Adventure,Train,2,4506.78,5
TRIP05363,USER6713,Bangkok,29-05-2024,05-03-2025,Leisure,Train,1,2738.48,4
TRIP05364,USER8931,Paris,28-05-2024,19-11-2024,Cultural,Flight,3,848.8,10
TRIP05365,USER6795,Bangkok,19-08-2024,11-02-2025,Leisure,Flight,1,4010.51,9
TRIP05366,USER8137,Tokyo,03-07-2024,19-01-2025,Beach,Train,5,2838.17,4
TRIP05367,USER4402,Bangkok,07-02-2025,25-02-2025,Business,Car,1,823.72,9
TRIP05368,USER1201,New York,06-12-2024,13-04-2025,Business,Train,5,3841.68,6
TRIP05369,USER3741,Barcelona,10-02-2025,23-03-2025,Family,Bus,3,4683.43,10
TRIP05370,USER2709,Barcelona,26-10-2024,29-03-2025,Family,Cruise,3,4908.86,5
TRIP05371,USER9057,Barcelona,26-09-2024,02-11-2024,Family,Cruise,3,856.04,8
TRIP05372,USER3784,Rome,10-11-2024,26-02-2025,Cultural,Car,4,2557.53,2
TRIP05373,USER7865,Dubai,01-08-2024,20-11-2024,Leisure,Cruise,1,2930.13,9
TRIP05374,USER3920,Barcelona,11-04-2024,21-07-2024,Adventure,Bus,2,3462.96,8
TRIP05375,USER7665,New York,17-06-2024,12-01-2025,Cultural,Bus,5,1438.95,3
TRIP05376,USER3756,Bangkok,24-02-2025,21-03-2025,Adventure,Car,2,2188.22,6
TRIP05377,USER1362,New York,13-02-2025,01-03-2025,Adventure,Flight,3,2271.7,10
TRIP05378,USER5385,Rome,07-04-2024,02-03-2025,Cultural,Car,2,1481.8,8
TRIP05379,USER7468,New York,27-09-2024,31-01-2025,Leisure,Bus,5,907.74,7
TRIP05380,USER5484,London,24-02-2025,06-03-2025,Leisure,Bus,3,4553.03,5
TRIP05381,USER8782,London,10-10-2024,02-12-2024,Cultural,Train,1,2316,1
TRIP05382,USER4669,London,11-01-2025,03-02-2025,Beach,Flight,5,1293.85,10
TRIP05383,USER8497,Paris,08-11-2024,26-11-2024,Adventure,Train,5,1951.39,4
TRIP05384,USER5726,London,29-12-2024,18-01-2025,Business,Car,4,632.78,4
TRIP05385,USER8254,Barcelona,22-08-2024,06-11-2024,Beach,Cruise,5,725.1,7
TRIP05386,USER2865,Sydney,13-05-2024,03-08-2024,Leisure,Flight,1,2599.88,5
TRIP05387,USER1061,Paris,02-08-2024,16-12-2024,Leisure,Bus,3,2186.36,7
TRIP05388,USER8148,Rome,19-09-2024,13-01-2025,Business,Cruise,1,1537.77,3
TRIP05389,USER3365,London,10-01-2025,02-03-2025,Leisure,Cruise,5,1603.65,3
TRIP05390,USER6817,Rome,26-05-2024,15-08-2024,Adventure,Car,2,2194.09,10
TRIP05391,USER8859,Tokyo,01-06-2024,07-03-2025,Cultural,Train,1,1404.08,1
TRIP05392,USER7293,London,20-04-2024,16-03-2025,Cultural,Car,2,4548.05,3
TRIP05393,USER2256,Dubai,05-02-2025,11-02-2025,Business,Car,3,3642.74,9
TRIP05394,USER8631,Dubai,21-03-2024,17-07-2024,Family,Train,3,3705.11,8
TRIP05395,USER2599,London,20-02-2025,24-02-2025,Family,Flight,3,3601.04,6
TRIP05396,USER1892,Barcelona,07-09-2024,14-10-2024,Adventure,Train,1,4177.06,5
TRIP05397,USER9819,Sydney,23-05-2024,22-07-2024,Cultural,Bus,4,2372.91,1
TRIP05398,USER1207,New York,03-12-2024,22-02-2025,Business,Car,4,505.24,9
TRIP05399,USER5383,New York,14-05-2024,22-06-2024,Leisure,Cruise,2,540.07,8
TRIP05400,USER2921,London,07-01-2025,10-04-2025,Cultural,Bus,1,3908.27,9
TRIP05401,USER7877,Rome,06-02-2025,17-02-2025,Beach,Bus,5,4448.4,9
TRIP05402,USER2525,Istanbul,01-02-2025,25-02-2025,Family,Bus,3,667.5,10
TRIP05403,USER3827,Dubai,18-10-2024,27-10-2024,Leisure,Train,3,3622.84,1
TRIP05404,USER3351,Barcelona,21-01-2025,26-01-2025,Family,Cruise,5,3936.27,7
TRIP05405,USER5376,Paris,15-03-2025,24-03-2025,Leisure,Bus,4,2748.53,10
TRIP05406,USER5438,Rome,18-08-2024,07-01-2025,Family,Bus,4,2177.97,5
TRIP05407,USER5311,Paris,11-07-2024,13-04-2025,Beach,Flight,5,3036.02,10
TRIP05408,USER2662,Sydney,11-09-2024,28-03-2025,Cultural,Bus,2,2691.12,10
TRIP05409,USER2032,Barcelona,02-06-2024,30-07-2024,Leisure,Train,4,762.16,8
TRIP05410,USER9772,Bangkok,03-06-2024,20-03-2025,Leisure,Car,3,3319.6,3
TRIP05411,USER4766,New York,16-12-2024,21-02-2025,Business,Flight,3,3041.27,8
TRIP05412,USER2594,London,28-08-2024,18-03-2025,Family,Cruise,3,1094.22,2
TRIP05413,USER3918,Barcelona,26-03-2024,08-04-2025,Cultural,Bus,4,2521.65,4
TRIP05414,USER4729,Dubai,20-06-2024,13-04-2025,Leisure,Cruise,4,3127.56,4
TRIP05415,USER4662,Bangkok,18-01-2025,07-04-2025,Adventure,Car,2,882.07,6
TRIP05416,USER8081,Rome,29-01-2025,04-04-2025,Family,Bus,3,1146.14,2
TRIP05417,USER4071,Istanbul,26-04-2024,16-06-2024,Cultural,Flight,4,950.08,9
TRIP05418,USER2417,Paris,12-07-2024,04-09-2024,Family,Car,4,1601.02,6
TRIP05419,USER9459,Istanbul,05-11-2024,22-12-2024,Leisure,Car,1,2943.13,2
TRIP05420,USER5325,Barcelona,09-11-2024,10-11-2024,Business,Cruise,4,3977.08,1
TRIP05421,USER7817,New York,03-05-2024,17-06-2024,Family,Car,1,4481.73,7
TRIP05422,USER8594,Istanbul,06-10-2024,19-01-2025,Family,Cruise,2,4050.06,7
TRIP05423,USER4442,New York,11-10-2024,09-02-2025,Cultural,Car,1,4897.73,2
TRIP05424,USER8262,Tokyo,04-01-2025,23-01-2025,Business,Cruise,5,3970.39,8
TRIP05425,USER7516,London,02-08-2024,29-11-2024,Family,Cruise,2,3869.66,2
TRIP05426,USER4125,Tokyo,01-03-2025,13-03-2025,Cultural,Flight,5,3639.79,5
TRIP05427,USER7949,Dubai,24-03-2024,22-06-2024,Business,Bus,3,574.02,8
TRIP05428,USER6454,Bangkok,10-10-2024,18-11-2024,Business,Bus,2,2418.82,6
TRIP05429,USER6655,Dubai,04-10-2024,08-02-2025,Beach,Train,3,3523.53,9
TRIP05430,USER4469,London,16-02-2025,23-03-2025,Family,Train,4,1250.33,9
TRIP05431,USER7901,Tokyo,04-11-2024,02-01-2025,Business,Bus,2,2370.85,9
TRIP05432,USER2003,Tokyo,06-01-2025,06-04-2025,Business,Bus,4,3437.31,10
TRIP05433,USER4638,New York,16-11-2024,20-02-2025,Adventure,Train,2,4592.7,9
TRIP05434,USER5615,London,17-11-2024,27-02-2025,Leisure,Flight,5,957.24,6
TRIP05435,USER6422,Rome,01-06-2024,21-01-2025,Adventure,Car,3,903.16,9
TRIP05436,USER6391,Tokyo,02-03-2025,24-03-2025,Business,Cruise,1,4002.22,2
TRIP05437,USER5690,New York,05-03-2025,09-03-2025,Family,Flight,3,3427.16,5
TRIP05438,USER4953,Tokyo,11-06-2024,13-09-2024,Adventure,Cruise,5,4367.82,3
TRIP05439,USER9900,London,20-05-2024,01-08-2024,Adventure,Train,1,911.05,4
TRIP05440,USER9351,Dubai,11-09-2024,18-11-2024,Family,Car,4,2518.05,5
TRIP05441,USER5286,Bangkok,30-06-2024,31-03-2025,Business,Flight,3,3704.07,4
TRIP05442,USER6052,Dubai,15-06-2024,17-10-2024,Family,Bus,2,2907.92,5
TRIP05443,USER1173,Tokyo,08-05-2024,08-09-2024,Cultural,Flight,2,944.05,4
TRIP05444,USER6976,Sydney,12-10-2024,20-01-2025,Beach,Train,5,3560.42,2
TRIP05445,USER9376,Dubai,10-05-2024,05-11-2024,Beach,Car,1,4465.5,7
TRIP05446,USER8418,London,08-11-2024,19-01-2025,Business,Bus,2,3976.51,4
TRIP05447,USER8313,London,23-05-2024,10-07-2024,Cultural,Flight,5,1898.12,1
TRIP05448,USER3057,Bangkok,04-11-2024,31-03-2025,Adventure,Cruise,5,4213.77,10
TRIP05449,USER9374,Istanbul,28-04-2024,24-11-2024,Adventure,Car,5,3755.18,3
TRIP05450,USER1561,Istanbul,17-11-2024,25-02-2025,Leisure,Bus,2,2928.43,3
TRIP05451,USER9931,Istanbul,08-12-2024,22-03-2025,Family,Car,3,4531.06,7
TRIP05452,USER3652,Dubai,27-10-2024,01-04-2025,Adventure,Bus,1,3009.62,4
TRIP05453,USER9882,Bangkok,16-03-2024,20-07-2024,Family,Flight,4,4731.49,4
TRIP05454,USER5612,Sydney,03-08-2024,24-11-2024,Cultural,Flight,5,3847.84,7
TRIP05455,USER7097,Istanbul,07-03-2025,10-03-2025,Leisure,Train,1,2929.48,8
TRIP05456,USER2403,London,16-09-2024,08-01-2025,Business,Train,2,2006.76,1
TRIP05457,USER5338,Sydney,08-12-2024,16-03-2025,Beach,Cruise,3,1251.47,2
TRIP05458,USER2355,London,01-02-2025,02-03-2025,Business,Cruise,4,3829.7,6
TRIP05459,USER1175,Tokyo,16-02-2025,04-04-2025,Leisure,Car,3,1600.33,6
TRIP05460,USER6822,New York,30-01-2025,16-02-2025,Business,Train,1,4497.75,7
TRIP05461,USER4795,Barcelona,02-03-2025,19-03-2025,Beach,Flight,1,3546.5,7
TRIP05462,USER3844,Istanbul,27-07-2024,07-11-2024,Adventure,Train,2,1418.59,4
TRIP05463,USER7649,Dubai,06-02-2025,14-04-2025,Business,Car,1,1439.13,10
TRIP05464,USER2825,Paris,29-01-2025,01-02-2025,Business,Cruise,1,4442.82,5
TRIP05465,USER2562,Barcelona,04-05-2024,12-07-2024,Family,Train,2,2435.66,8
TRIP05466,USER2601,Paris,11-06-2024,16-11-2024,Cultural,Cruise,4,2633.86,10
TRIP05467,USER8570,Istanbul,07-10-2024,10-11-2024,Adventure,Cruise,1,2181.5,7
TRIP05468,USER8271,London,19-09-2024,28-03-2025,Family,Cruise,2,594.32,3
TRIP05469,USER5737,Istanbul,27-09-2024,18-12-2024,Business,Cruise,3,1099.6,9
TRIP05470,USER5256,Tokyo,22-03-2024,12-04-2025,Adventure,Cruise,3,865.61,8
TRIP05471,USER8249,New York,18-01-2025,20-03-2025,Business,Bus,2,2564.56,8
TRIP05472,USER5221,New York,08-05-2024,03-10-2024,Adventure,Flight,5,2594.99,7
TRIP05473,USER5605,Bangkok,07-03-2025,12-03-2025,Adventure,Flight,4,2300.07,10
TRIP05474,USER5741,Rome,23-12-2024,21-02-2025,Family,Car,2,1343.34,9
TRIP05475,USER1707,Barcelona,03-03-2025,18-03-2025,Beach,Train,4,1883.96,2
TRIP05476,USER9853,Sydney,16-09-2024,20-09-2024,Leisure,Flight,5,1408.11,4
TRIP05477,USER5884,Barcelona,20-10-2024,07-02-2025,Leisure,Train,2,4428.55,6
TRIP05478,USER3553,Rome,16-10-2024,07-01-2025,Beach,Train,3,3559.03,8
TRIP05479,USER4480,London,05-04-2024,19-03-2025,Adventure,Flight,5,4613.96,9
TRIP05480,USER1880,Rome,11-11-2024,03-01-2025,Business,Bus,2,2964.54,2
TRIP05481,USER2063,New York,26-07-2024,03-11-2024,Adventure,Flight,1,979.5,6
TRIP05482,USER3762,Tokyo,04-06-2024,17-01-2025,Beach,Car,4,4603.45,1
TRIP05483,USER6820,Tokyo,06-06-2024,22-11-2024,Business,Cruise,2,4630.26,6
TRIP05485,USER4754,New York,24-05-2024,09-11-2024,Family,Bus,5,3043.47,10
TRIP05486,USER9711,Sydney,10-01-2025,01-02-2025,Family,Flight,2,2772.5,2
TRIP05487,USER8690,Tokyo,22-06-2024,15-07-2024,Business,Car,4,3578.03,6
TRIP05488,USER6823,New York,10-03-2025,01-04-2025,Leisure,Flight,2,3154.32,1
TRIP05489,USER3438,New York,25-09-2024,05-12-2024,Beach,Car,3,2195.6,10
TRIP05490,USER5158,Barcelona,15-11-2024,02-04-2025,Business,Bus,1,1700.57,5
TRIP05491,USER4998,Barcelona,17-06-2024,24-01-2025,Leisure,Flight,4,2793.96,6
TRIP05492,USER7347,Rome,03-07-2024,04-08-2024,Family,Cruise,4,1406.37,8
TRIP05493,USER1129,Paris,27-12-2024,22-02-2025,Beach,Bus,1,2848.5,3
TRIP05494,USER2756,Istanbul,05-06-2024,30-06-2024,Business,Cruise,1,659.85,4
TRIP05495,USER1025,Sydney,04-07-2024,19-07-2024,Family,Flight,3,4393.3,5
TRIP05496,USER6628,Barcelona,26-08-2024,05-01-2025,Business,Bus,2,4263.22,6
TRIP05497,USER5376,Istanbul,13-02-2025,06-04-2025,Adventure,Cruise,2,2079.8,10
TRIP05498,USER5824,London,15-05-2024,13-01-2025,Adventure,Bus,4,1480.83,1
TRIP05499,USER4728,Rome,07-01-2025,08-02-2025,Adventure,Cruise,1,2809.91,5
TRIP05500,USER3399,Bangkok,24-12-2024,18-01-2025,Beach,Train,1,1556.63,6
TRIP05501,USER8403,New York,12-08-2024,30-09-2024,Leisure,Car,1,3664.31,1
TRIP05502,USER7891,New York,27-07-2024,26-08-2024,Business,Train,4,4988.41,5
TRIP05503,USER2330,London,02-07-2024,25-10-2024,Beach,Train,2,2944.61,9
TRIP05504,USER4496,Paris,12-09-2024,11-10-2024,Beach,Train,5,1520,4
TRIP05505,USER7525,Dubai,24-03-2024,02-04-2025,Adventure,Train,4,1313.43,4
TRIP05506,USER5572,London,03-10-2024,21-01-2025,Business,Bus,1,893.35,5
TRIP05507,USER9467,London,02-08-2024,28-10-2024,Business,Flight,4,4791.2,1
TRIP05508,USER6481,Paris,11-08-2024,28-01-2025,Adventure,Bus,1,3451.24,9
TRIP05509,USER1727,Rome,22-01-2025,22-01-2025,Adventure,Car,4,3507.15,4
TRIP05510,USER8008,Dubai,14-01-2025,01-02-2025,Leisure,Train,4,4900.87,10
TRIP05511,USER9510,Barcelona,07-03-2025,28-03-2025,Cultural,Car,5,4199.08,1
TRIP05512,USER8223,New York,04-02-2025,13-03-2025,Cultural,Bus,1,4528,2
TRIP05513,USER6180,New York,24-05-2024,12-02-2025,Beach,Car,2,904.77,7
TRIP05514,USER3620,Rome,21-08-2024,02-09-2024,Family,Train,4,3972.33,1
TRIP05515,USER5036,Bangkok,09-01-2025,07-03-2025,Family,Bus,2,3490.8,5
TRIP05516,USER8257,Dubai,05-12-2024,02-04-2025,Business,Bus,1,2336.28,10
TRIP05517,USER4930,Sydney,01-05-2024,04-01-2025,Beach,Flight,3,1555.97,4
TRIP05518,USER8628,Paris,18-01-2025,09-04-2025,Leisure,Car,4,990.6,6
TRIP05519,USER2758,Barcelona,16-04-2024,27-09-2024,Business,Flight,4,2795.44,2
TRIP05520,USER7896,New York,15-01-2025,18-02-2025,Beach,Car,1,2700.25,5
TRIP05521,USER8022,Tokyo,18-02-2025,15-03-2025,Adventure,Flight,1,3649.03,7
TRIP05522,USER7729,Barcelona,02-11-2024,19-12-2024,Adventure,Flight,2,792.46,7
TRIP05523,USER2870,Istanbul,17-01-2025,06-04-2025,Family,Train,1,2797.28,6
TRIP05524,USER7312,Bangkok,29-11-2024,07-02-2025,Business,Flight,5,4139.04,3
TRIP05525,USER7585,London,24-10-2024,18-11-2024,Cultural,Train,3,3327.3,2
TRIP05526,USER1686,Sydney,25-10-2024,16-01-2025,Business,Cruise,1,2726.53,10
TRIP05527,USER6489,Sydney,08-02-2025,24-02-2025,Cultural,Car,5,2768.49,6
TRIP05528,USER3016,New York,20-02-2025,31-03-2025,Adventure,Cruise,1,2727.68,4
TRIP05529,USER1785,Dubai,08-04-2024,25-10-2024,Adventure,Car,1,3073.48,8
TRIP05530,USER5461,Paris,09-09-2024,23-01-2025,Adventure,Flight,5,3265.55,9
TRIP05531,USER4609,Barcelona,19-05-2024,30-08-2024,Cultural,Bus,5,2700.81,6
TRIP05532,USER9475,Rome,05-11-2024,03-12-2024,Business,Train,2,1408.1,8
TRIP05533,USER4645,Paris,26-03-2024,04-02-2025,Business,Cruise,5,729.27,6
TRIP05534,USER3006,Istanbul,01-09-2024,10-11-2024,Beach,Train,3,4422.59,2
TRIP05535,USER2432,Barcelona,05-02-2025,20-02-2025,Family,Car,5,1946.28,4
TRIP05536,USER2707,Barcelona,06-06-2024,05-03-2025,Business,Car,1,1783.42,6
TRIP05537,USER8039,Paris,28-07-2024,24-03-2025,Business,Cruise,1,4084.9,9
TRIP05538,USER7327,Barcelona,28-09-2024,28-12-2024,Cultural,Cruise,5,4011.65,9
TRIP05539,USER9212,Istanbul,03-05-2024,22-05-2024,Leisure,Bus,1,2586.21,10
TRIP05540,USER2631,Paris,17-03-2024,08-06-2024,Business,Bus,3,1008.16,6
TRIP05541,USER6783,Tokyo,16-10-2024,15-12-2024,Family,Car,4,3644.29,3
TRIP05542,USER8924,Rome,19-06-2024,01-07-2024,Adventure,Train,3,2214.95,5
TRIP05543,USER6912,Barcelona,17-03-2024,30-11-2024,Business,Flight,1,3205.62,8
TRIP05544,USER5544,New York,25-12-2024,25-12-2024,Beach,Bus,2,2965.37,10
TRIP05545,USER9269,New York,10-01-2025,29-03-2025,Leisure,Bus,1,3093.23,8
TRIP05546,USER4975,Sydney,15-04-2024,30-01-2025,Family,Flight,2,3638.64,10
TRIP05547,USER2837,London,01-07-2024,06-02-2025,Family,Flight,3,964.58,4
TRIP05548,USER6052,Sydney,16-06-2024,17-06-2024,Family,Cruise,3,4586.29,5
TRIP05549,USER1455,London,01-02-2025,15-02-2025,Cultural,Cruise,2,1208.11,1
TRIP05550,USER4465,Bangkok,18-01-2025,13-02-2025,Business,Car,1,2101.63,2
TRIP05551,USER5595,New York,23-07-2024,14-08-2024,Adventure,Cruise,3,1600.6,4
TRIP05552,USER3586,Dubai,22-09-2024,20-03-2025,Business,Cruise,3,4692.78,3
TRIP05553,USER3175,Istanbul,02-06-2024,17-03-2025,Beach,Train,5,2564.04,6
TRIP05554,USER3840,London,31-07-2024,05-09-2024,Family,Bus,3,1865.85,5
TRIP05555,USER3595,Sydney,13-07-2024,11-03-2025,Adventure,Car,5,4732.94,5
TRIP05556,USER7383,Istanbul,23-11-2024,27-12-2024,Family,Train,4,4185.66,7
TRIP05557,USER4610,New York,25-11-2024,03-04-2025,Beach,Train,4,1587.71,1
TRIP05558,USER6073,Dubai,21-07-2024,24-10-2024,Business,Bus,5,4789.09,4
TRIP05559,USER3623,Istanbul,12-05-2024,28-09-2024,Leisure,Flight,3,1098.61,5
TRIP05560,USER7793,Paris,18-02-2025,25-02-2025,Business,Car,1,977.09,10
TRIP05561,USER6031,Rome,03-01-2025,10-02-2025,Business,Bus,4,1556.7,4
TRIP05562,USER7833,Rome,15-03-2025,01-04-2025,Adventure,Bus,5,611.99,9
TRIP05563,USER6314,New York,09-01-2025,08-03-2025,Cultural,Car,2,881.06,4
TRIP05564,USER4166,Rome,09-02-2025,27-03-2025,Leisure,Flight,4,2700.4,2
TRIP05565,USER5198,Bangkok,05-06-2024,31-01-2025,Leisure,Cruise,2,4790.08,1
TRIP05566,USER5587,Barcelona,23-05-2024,23-05-2024,Family,Cruise,2,2315.21,1
TRIP05567,USER6685,New York,23-08-2024,31-12-2024,Family,Flight,5,2330.36,4
TRIP05568,USER2205,Barcelona,11-06-2024,27-09-2024,Adventure,Car,2,4455.47,5
TRIP05569,USER2167,Dubai,30-10-2024,04-03-2025,Beach,Car,3,2613.71,4
TRIP05570,USER6179,Dubai,07-12-2024,11-02-2025,Business,Bus,1,3318.4,10
TRIP05571,USER5900,Istanbul,02-08-2024,15-08-2024,Leisure,Train,4,2420.6,8
TRIP05572,USER6462,Bangkok,13-05-2024,05-07-2024,Family,Train,4,3328.32,10
TRIP05573,USER1661,Istanbul,01-02-2025,08-04-2025,Family,Flight,1,2002.85,4
TRIP05574,USER4918,Tokyo,21-12-2024,13-03-2025,Adventure,Train,2,2556.7,4
TRIP05575,USER3024,London,16-05-2024,22-01-2025,Family,Cruise,5,2013.28,9
TRIP05576,USER2908,Bangkok,03-07-2024,10-11-2024,Leisure,Flight,3,1465.67,3
TRIP05577,USER4076,New York,10-04-2024,02-10-2024,Leisure,Cruise,3,2908.28,6
TRIP05578,USER8413,Paris,10-04-2024,05-07-2024,Cultural,Cruise,2,2117.66,6
TRIP05579,USER6503,Rome,03-07-2024,25-09-2024,Leisure,Train,3,1181.02,9
TRIP05580,USER6364,Dubai,12-02-2025,18-02-2025,Adventure,Train,5,4442.07,3
TRIP05581,USER7606,New York,11-12-2024,22-12-2024,Family,Cruise,4,2372.19,8
TRIP05582,USER5808,Sydney,11-02-2025,11-02-2025,Beach,Cruise,2,1863.85,4
TRIP05583,USER9753,London,12-01-2025,10-03-2025,Cultural,Cruise,1,4372.91,10
TRIP05584,USER9414,Tokyo,30-06-2024,13-07-2024,Beach,Train,1,2499.45,2
TRIP05585,USER8122,Bangkok,17-08-2024,03-12-2024,Business,Train,1,807.51,5
TRIP05586,USER4134,Barcelona,16-02-2025,30-03-2025,Cultural,Train,5,4032.46,4
TRIP05587,USER6253,Istanbul,19-07-2024,09-08-2024,Cultural,Car,1,2789.93,4
TRIP05588,USER2316,Bangkok,17-12-2024,23-03-2025,Leisure,Cruise,5,3627.64,10
TRIP05589,USER9520,Sydney,17-09-2024,24-03-2025,Family,Train,3,2233.25,6
TRIP05590,USER5656,Rome,26-06-2024,07-09-2024,Adventure,Car,3,2232.74,6
TRIP05591,USER4182,Dubai,11-01-2025,13-01-2025,Beach,Train,5,2018.24,1
TRIP05592,USER9889,New York,26-05-2024,03-02-2025,Family,Cruise,5,2876.46,10
TRIP05593,USER7254,Tokyo,27-03-2024,08-03-2025,Family,Bus,2,1330.36,10
TRIP05594,USER6059,Rome,15-07-2024,12-10-2024,Cultural,Car,5,2474.06,4
TRIP05595,USER5574,New York,25-12-2024,01-03-2025,Beach,Car,5,2366.1,10
TRIP05596,USER3056,New York,06-11-2024,06-12-2024,Adventure,Cruise,1,1366.81,2
TRIP05597,USER3531,Istanbul,21-06-2024,07-12-2024,Beach,Cruise,5,1349.94,7
TRIP05598,USER7604,Rome,04-05-2024,17-03-2025,Business,Train,1,3312.79,10
TRIP05599,USER1621,Tokyo,06-07-2024,20-01-2025,Adventure,Cruise,1,3024.49,10
TRIP05600,USER6602,Rome,08-12-2024,11-02-2025,Cultural,Train,2,2940.76,9
TRIP05601,USER2967,London,05-05-2024,11-11-2024,Leisure,Flight,1,1638,9
TRIP05602,USER9127,Istanbul,23-12-2024,20-02-2025,Adventure,Flight,3,558.63,7
TRIP05603,USER1942,Barcelona,13-09-2024,18-10-2024,Family,Train,2,3153.07,10
TRIP05604,USER7595,New York,02-05-2024,09-02-2025,Beach,Train,1,4666.8,4
TRIP05605,USER3085,Dubai,27-10-2024,17-02-2025,Cultural,Flight,4,1212.34,6
TRIP05606,USER6116,New York,09-01-2025,29-03-2025,Business,Cruise,3,3885.2,2
TRIP05607,USER9735,Dubai,17-11-2024,08-12-2024,Business,Flight,5,4222.55,7
TRIP05608,USER9128,New York,11-04-2024,11-01-2025,Cultural,Flight,2,4835.72,9
TRIP05609,USER7443,London,22-03-2024,16-09-2024,Cultural,Train,2,2371.78,9
TRIP05610,USER4255,New York,03-11-2024,27-01-2025,Adventure,Flight,3,2913.09,9
TRIP05611,USER7692,Rome,09-05-2024,05-09-2024,Family,Train,1,2280.32,9
TRIP05612,USER9649,Bangkok,06-03-2025,13-04-2025,Leisure,Cruise,1,1886.92,9
TRIP05613,USER2058,London,19-07-2024,20-12-2024,Business,Car,2,1328.41,5
TRIP05614,USER2513,Dubai,10-06-2024,06-02-2025,Cultural,Train,5,4674.64,1
TRIP05615,USER1495,Barcelona,10-02-2025,08-04-2025,Leisure,Car,2,2038.34,1
TRIP05616,USER2322,Rome,03-08-2024,26-09-2024,Adventure,Train,5,805.85,2
TRIP05617,USER5212,Tokyo,14-12-2024,07-04-2025,Adventure,Flight,3,4796.06,4
TRIP05618,USER6146,Istanbul,17-03-2024,25-08-2024,Beach,Flight,5,652.93,5
TRIP05619,USER6676,Sydney,06-01-2025,04-02-2025,Family,Car,4,1365.81,7
TRIP05620,USER3796,Paris,14-07-2024,10-09-2024,Adventure,Train,1,4564.89,2
TRIP05621,USER4798,London,12-01-2025,04-03-2025,Family,Cruise,2,752.15,4
TRIP05622,USER2457,London,28-06-2024,10-11-2024,Family,Cruise,4,2301.72,8
TRIP05623,USER8177,New York,30-11-2024,19-01-2025,Adventure,Car,2,4851.53,5
TRIP05624,USER7772,Sydney,03-09-2024,25-01-2025,Family,Train,5,1133.7,2
TRIP05625,USER8637,Barcelona,18-07-2024,03-12-2024,Cultural,Bus,1,565.72,9
TRIP05626,USER2534,Dubai,09-01-2025,04-04-2025,Business,Bus,5,3831.09,4
TRIP05627,USER8800,Dubai,22-04-2024,15-05-2024,Leisure,Cruise,5,1313.72,9
TRIP05628,USER1843,Sydney,26-06-2024,28-07-2024,Business,Flight,3,2058.75,6
TRIP05629,USER9069,Bangkok,31-01-2025,23-02-2025,Adventure,Cruise,4,3586.79,2
TRIP05630,USER5939,New York,23-12-2024,14-02-2025,Adventure,Cruise,3,3827.96,4
TRIP05631,USER6742,Sydney,05-12-2024,11-12-2024,Leisure,Train,2,3284.48,1
TRIP05632,USER7198,Paris,20-05-2024,19-11-2024,Cultural,Car,4,4773.39,3
TRIP05633,USER3083,Paris,09-07-2024,13-10-2024,Family,Bus,3,3378.97,6
TRIP05634,USER2173,Istanbul,04-10-2024,11-11-2024,Family,Train,4,1308.44,2
TRIP05635,USER6240,Sydney,26-12-2024,29-03-2025,Cultural,Cruise,3,3943.34,3
TRIP05636,USER8988,Paris,04-06-2024,02-11-2024,Business,Train,1,3395.2,1
TRIP05637,USER7165,New York,25-11-2024,24-02-2025,Adventure,Flight,5,2888.31,8
TRIP05638,USER1084,Bangkok,05-01-2025,25-03-2025,Adventure,Car,2,2436.66,6
TRIP05639,USER2059,Dubai,25-03-2024,14-10-2024,Leisure,Car,4,3839.11,4
TRIP05640,USER3295,Sydney,08-08-2024,14-02-2025,Family,Bus,4,2564.36,9
TRIP05641,USER3317,New York,18-06-2024,06-03-2025,Cultural,Cruise,1,4676.89,7
TRIP05642,USER3355,Paris,23-11-2024,05-04-2025,Family,Cruise,1,2961.77,3
TRIP05643,USER8971,Bangkok,07-05-2024,15-03-2025,Beach,Car,3,2962.5,8
TRIP05644,USER4673,Istanbul,02-07-2024,20-09-2024,Adventure,Car,5,1001.75,9
TRIP05645,USER4379,Bangkok,04-09-2024,16-01-2025,Leisure,Flight,1,4334.81,9
TRIP05646,USER8078,New York,05-12-2024,04-02-2025,Family,Bus,2,1590.51,5
TRIP05647,USER9790,Dubai,13-04-2024,26-03-2025,Adventure,Bus,4,1995.37,3
TRIP05648,USER8676,New York,12-07-2024,09-03-2025,Cultural,Train,2,4070.14,8
TRIP05649,USER7859,Istanbul,19-06-2024,27-03-2025,Family,Cruise,1,1369.76,9
TRIP05650,USER7328,Paris,01-03-2025,02-03-2025,Beach,Bus,1,2800.52,1
TRIP05651,USER4240,Tokyo,05-06-2024,16-07-2024,Family,Flight,2,1771.81,4
TRIP05652,USER2642,Tokyo,31-03-2024,11-12-2024,Beach,Flight,2,3023.33,8
TRIP05653,USER3725,Dubai,25-09-2024,24-11-2024,Business,Flight,4,1019.13,5
TRIP05654,USER7572,London,02-01-2025,07-04-2025,Cultural,Car,5,1849.01,6
TRIP05655,USER9196,Paris,05-05-2024,28-10-2024,Leisure,Bus,1,1146.08,1
TRIP05656,USER5345,Tokyo,08-04-2024,30-06-2024,Business,Flight,5,1197.68,10
TRIP05657,USER7416,Dubai,17-10-2024,13-04-2025,Family,Car,5,4423.32,9
TRIP05658,USER7763,Istanbul,16-02-2025,30-03-2025,Leisure,Train,4,1400.78,1
TRIP05659,USER3524,London,28-09-2024,30-12-2024,Beach,Bus,3,2317.16,4
TRIP05660,USER2418,Rome,21-02-2025,14-03-2025,Cultural,Car,4,4448.26,9
TRIP05661,USER5739,New York,01-10-2024,29-12-2024,Adventure,Bus,3,3729.82,8
TRIP05662,USER6197,London,22-12-2024,03-03-2025,Beach,Flight,3,1188.49,9
TRIP05663,USER6329,Rome,29-09-2024,18-10-2024,Cultural,Bus,1,1517.37,7
TRIP05664,USER7959,Sydney,24-02-2025,05-04-2025,Adventure,Car,5,3073.86,7
TRIP05665,USER3979,Paris,27-02-2025,18-03-2025,Family,Flight,2,3823.89,10
TRIP05666,USER7278,Paris,01-10-2024,31-10-2024,Cultural,Train,5,3584.57,2
TRIP05667,USER3397,Tokyo,20-01-2025,12-03-2025,Leisure,Bus,3,587.31,5
TRIP05668,USER8628,London,10-11-2024,12-02-2025,Family,Train,2,2563.63,9
TRIP05669,USER8216,Rome,14-09-2024,17-10-2024,Cultural,Bus,4,2558.33,4
TRIP05670,USER7146,Bangkok,15-12-2024,14-01-2025,Cultural,Bus,5,2116.4,10
TRIP05671,USER5574,Sydney,30-09-2024,03-01-2025,Leisure,Car,5,4169.8,4
TRIP05672,USER6468,London,22-08-2024,04-01-2025,Family,Cruise,2,976.89,3
TRIP05673,USER1676,Istanbul,22-01-2025,10-04-2025,Leisure,Car,4,3841.55,3
TRIP05674,USER3939,Istanbul,20-01-2025,05-03-2025,Business,Bus,5,1096.36,5
TRIP05675,USER8886,Barcelona,23-10-2024,13-01-2025,Business,Flight,4,787.21,2
TRIP05676,USER4155,Tokyo,24-08-2024,03-10-2024,Business,Car,5,1329.74,1
TRIP05677,USER1582,Bangkok,24-02-2025,26-03-2025,Beach,Bus,2,4243.85,9
TRIP05678,USER1818,Rome,11-12-2024,25-03-2025,Family,Cruise,2,3554.75,1
TRIP05679,USER8640,Rome,24-12-2024,26-01-2025,Cultural,Train,3,3379.99,8
TRIP05680,USER1617,Dubai,01-10-2024,05-12-2024,Leisure,Bus,4,4503.38,1
TRIP05681,USER5686,Dubai,01-07-2024,05-12-2024,Cultural,Flight,4,2364.94,4
TRIP05682,USER6621,Istanbul,16-07-2024,07-03-2025,Adventure,Train,4,3552.56,5
TRIP05683,USER1739,Sydney,01-05-2024,10-02-2025,Family,Train,3,4400.85,4
TRIP05684,USER3504,Dubai,02-11-2024,08-12-2024,Leisure,Cruise,1,2611.37,6
TRIP05685,USER1509,Istanbul,15-08-2024,31-08-2024,Beach,Flight,3,3908.8,6
TRIP05686,USER8145,New York,10-05-2024,15-07-2024,Family,Bus,4,659.89,8
TRIP05687,USER4719,Sydney,21-11-2024,24-01-2025,Beach,Bus,3,1481.94,2
TRIP05688,USER6822,Bangkok,07-04-2024,16-07-2024,Business,Cruise,4,1813.93,3
TRIP05689,USER8303,Bangkok,08-05-2024,03-01-2025,Business,Bus,4,2955.36,5
TRIP05690,USER7849,Tokyo,30-07-2024,15-09-2024,Adventure,Cruise,3,3793.89,10
TRIP05691,USER7181,Rome,19-07-2024,22-02-2025,Business,Bus,3,4987.06,9
TRIP05692,USER7505,New York,09-06-2024,26-11-2024,Beach,Train,2,1842.62,6
TRIP05693,USER6115,Tokyo,18-07-2024,01-04-2025,Beach,Car,5,1216.25,8
TRIP05694,USER9874,Paris,31-12-2024,22-03-2025,Beach,Cruise,4,1646.11,6
TRIP05695,USER6617,Bangkok,01-12-2024,23-12-2024,Beach,Car,1,1564.2,1
TRIP05696,USER1686,Dubai,16-09-2024,08-12-2024,Business,Train,2,3836.8,10
TRIP05697,USER3684,New York,02-11-2024,23-11-2024,Family,Car,1,4116.42,5
TRIP05698,USER3473,Dubai,01-06-2024,04-04-2025,Adventure,Car,1,3874.38,4
TRIP05699,USER1350,London,05-04-2024,11-06-2024,Cultural,Cruise,3,2958.63,4
TRIP05700,USER8193,Dubai,14-03-2025,06-04-2025,Business,Bus,4,4914.5,4
TRIP05701,USER5790,Paris,15-09-2024,09-03-2025,Leisure,Car,4,663.93,6
TRIP05702,USER2255,Sydney,20-08-2024,11-11-2024,Family,Cruise,5,2875.99,2
TRIP05703,USER3828,Tokyo,08-01-2025,08-01-2025,Beach,Train,1,1803.25,10
TRIP05704,USER8395,London,30-06-2024,04-03-2025,Leisure,Bus,1,1956.17,5
TRIP05705,USER6722,New York,07-05-2024,12-11-2024,Beach,Train,3,596.62,2
TRIP05706,USER4093,Rome,09-01-2025,13-03-2025,Family,Car,1,1490.63,1
TRIP05707,USER6804,Tokyo,10-03-2025,27-03-2025,Cultural,Train,5,1023.65,9
TRIP05708,USER1520,Barcelona,29-01-2025,26-02-2025,Adventure,Flight,4,1436.7,2
TRIP05709,USER4459,Tokyo,31-03-2024,03-11-2024,Adventure,Car,4,4046.48,5
TRIP05711,USER5334,Barcelona,18-03-2024,21-04-2024,Leisure,Car,5,967.24,2
TRIP05712,USER5688,Sydney,11-09-2024,05-02-2025,Leisure,Cruise,3,1247.15,5
TRIP05713,USER7811,Istanbul,20-12-2024,17-03-2025,Business,Bus,2,3410.96,2
TRIP05714,USER1114,New York,23-04-2024,10-03-2025,Leisure,Cruise,1,1441.02,5
TRIP05715,USER7412,London,05-09-2024,04-10-2024,Leisure,Cruise,5,2183.34,3
TRIP05716,USER7129,Bangkok,19-10-2024,20-03-2025,Business,Bus,5,4432.02,9
TRIP05717,USER4569,Barcelona,28-10-2024,01-11-2024,Cultural,Car,3,595.12,4
TRIP05718,USER3747,New York,11-10-2024,04-03-2025,Business,Car,2,2512.77,4
TRIP05719,USER2886,London,25-08-2024,29-01-2025,Business,Bus,5,2548.85,8
TRIP05720,USER8084,London,27-09-2024,03-10-2024,Business,Cruise,2,4034.87,3
TRIP05721,USER4358,Bangkok,30-07-2024,05-09-2024,Adventure,Flight,1,4921.1,6
TRIP05722,USER1225,Dubai,29-05-2024,08-10-2024,Cultural,Train,5,3445.6,4
TRIP05723,USER3750,Bangkok,20-07-2024,29-11-2024,Cultural,Train,3,705.77,6
TRIP05724,USER3261,Istanbul,13-12-2024,23-12-2024,Beach,Cruise,2,3362.39,1
TRIP05725,USER8956,Barcelona,22-08-2024,31-08-2024,Cultural,Car,2,1369.65,6
TRIP05726,USER6105,Istanbul,10-03-2025,13-04-2025,Leisure,Car,2,1457.05,8
TRIP05727,USER7042,Paris,15-06-2024,03-07-2024,Beach,Flight,4,717.2,7
TRIP05728,USER2914,London,09-02-2025,07-04-2025,Leisure,Cruise,1,763.84,1
TRIP05729,USER1469,Rome,22-03-2024,09-10-2024,Beach,Train,1,2047.74,4
TRIP05730,USER5731,Bangkok,28-06-2024,15-01-2025,Beach,Bus,5,3757.4,2
TRIP05731,USER1500,Barcelona,10-02-2025,23-02-2025,Adventure,Flight,3,621.76,5
TRIP05732,USER5884,Tokyo,05-05-2024,06-05-2024,Beach,Cruise,4,3817.54,7
TRIP05733,USER3148,London,10-07-2024,12-08-2024,Cultural,Car,5,4361.83,7
TRIP05734,USER3379,London,22-08-2024,24-03-2025,Beach,Car,2,681.86,8
TRIP05735,USER3942,New York,03-07-2024,15-09-2024,Cultural,Car,3,1233.5,8
TRIP05736,USER8132,Sydney,01-05-2024,20-09-2024,Beach,Car,1,3527.61,3
TRIP05737,USER8467,Sydney,13-01-2025,22-03-2025,Adventure,Car,5,1471.06,3
TRIP05738,USER7409,Dubai,27-12-2024,03-01-2025,Cultural,Flight,4,4891.81,6
TRIP05739,USER9517,Paris,26-08-2024,29-09-2024,Family,Cruise,4,2663.35,2
TRIP05740,USER6657,Barcelona,24-05-2024,17-12-2024,Beach,Car,5,2799.68,2
TRIP05741,USER6462,Tokyo,24-07-2024,03-08-2024,Cultural,Bus,5,2762.68,3
TRIP05742,USER7661,Dubai,02-01-2025,16-01-2025,Business,Flight,4,2867.98,10
TRIP05743,USER4252,Tokyo,19-05-2024,26-02-2025,Business,Flight,1,1557.72,2
TRIP05744,USER4519,New York,05-06-2024,10-08-2024,Family,Cruise,3,1659.2,3
TRIP05745,USER4998,Istanbul,18-08-2024,09-10-2024,Adventure,Car,5,741.21,10
TRIP05746,USER6524,Barcelona,11-01-2025,13-03-2025,Business,Train,2,3937.61,8
TRIP05747,USER1034,Tokyo,29-05-2024,09-06-2024,Cultural,Bus,4,4407.69,6
TRIP05748,USER7330,Istanbul,14-02-2025,30-03-2025,Family,Cruise,3,918.47,5
TRIP05749,USER4878,Rome,17-04-2024,14-07-2024,Family,Flight,5,3025.92,5
TRIP05750,USER9262,Tokyo,27-04-2024,13-01-2025,Cultural,Bus,5,3738.24,3
TRIP05751,USER2458,Tokyo,20-09-2024,22-10-2024,Adventure,Train,1,4013.77,6
TRIP05752,USER9815,New York,08-03-2025,21-03-2025,Cultural,Bus,3,4806.86,4
TRIP05753,USER8952,Paris,14-08-2024,11-09-2024,Business,Flight,5,3173.78,2
TRIP05754,USER4778,Bangkok,11-03-2025,07-04-2025,Family,Car,2,721.64,1
TRIP05755,USER7561,Bangkok,04-08-2024,10-09-2024,Adventure,Cruise,5,2552.19,4
TRIP05756,USER3208,Paris,05-03-2025,30-03-2025,Beach,Cruise,3,3908,2
TRIP05757,USER9242,Dubai,19-03-2024,02-08-2024,Business,Train,4,1090.92,6
TRIP05758,USER5450,Barcelona,18-11-2024,12-02-2025,Adventure,Flight,5,975.52,5
TRIP05759,USER9823,Paris,20-04-2024,25-07-2024,Family,Train,2,4970.94,10
TRIP05760,USER8332,New York,25-10-2024,09-01-2025,Family,Car,2,706.16,8
TRIP05761,USER5288,Tokyo,29-09-2024,08-04-2025,Beach,Cruise,2,4290.86,1
TRIP05762,USER4641,Tokyo,21-04-2024,07-12-2024,Cultural,Cruise,4,1351.7,6
TRIP05763,USER4365,Tokyo,24-08-2024,31-12-2024,Business,Bus,2,2102.11,6
TRIP05764,USER2822,Paris,29-12-2024,18-02-2025,Beach,Train,4,2174.96,3
TRIP05765,USER3047,Bangkok,25-02-2025,05-03-2025,Family,Cruise,5,3359.65,5
TRIP05766,USER7754,Istanbul,13-05-2024,13-03-2025,Cultural,Train,4,3905.21,9
TRIP05767,USER7802,Barcelona,15-05-2024,19-09-2024,Leisure,Bus,1,1536.6,3
TRIP05768,USER4923,Dubai,06-02-2025,30-03-2025,Business,Cruise,5,1519.09,4
TRIP05769,USER4575,Istanbul,28-11-2024,27-03-2025,Adventure,Car,3,1203.78,1
TRIP05770,USER2394,Dubai,15-08-2024,05-11-2024,Business,Bus,5,3481.27,4
TRIP05771,USER9990,Rome,16-11-2024,21-03-2025,Business,Train,3,4288.21,6
TRIP05772,USER4311,Sydney,01-05-2024,05-02-2025,Business,Car,2,4872.12,5
TRIP05773,USER7242,Istanbul,29-07-2024,21-03-2025,Leisure,Flight,2,2474.02,3
TRIP05774,USER5789,London,03-12-2024,03-04-2025,Beach,Flight,2,2289.3,7
TRIP05775,USER8062,Sydney,21-12-2024,26-03-2025,Adventure,Car,1,1248.95,2
TRIP05776,USER7615,Istanbul,07-08-2024,30-12-2024,Beach,Bus,5,4236.26,2
TRIP05777,USER6109,Istanbul,03-09-2024,28-09-2024,Business,Flight,2,4747.22,9
TRIP05778,USER2449,Paris,26-07-2024,10-12-2024,Business,Train,4,4639,2
TRIP05779,USER6836,Rome,11-09-2024,12-01-2025,Beach,Car,3,2813.58,1
TRIP05780,USER1814,London,21-07-2024,22-11-2024,Business,Train,1,3727.94,6
TRIP05781,USER1304,Sydney,19-08-2024,01-09-2024,Adventure,Train,4,4233.61,10
TRIP05782,USER7301,Dubai,11-06-2024,12-08-2024,Family,Bus,3,3410.33,6
TRIP05783,USER7594,Barcelona,30-11-2024,06-03-2025,Family,Bus,3,501.5,10
TRIP05784,USER8907,Barcelona,11-04-2024,16-02-2025,Business,Bus,1,1920.52,5
TRIP05785,USER3618,New York,07-02-2025,14-04-2025,Beach,Cruise,3,3883.6,1
TRIP05786,USER4315,Bangkok,19-07-2024,07-09-2024,Family,Bus,4,4400.47,2
TRIP05787,USER4772,London,02-03-2025,28-03-2025,Beach,Car,1,1407.62,6
TRIP05788,USER8536,Tokyo,21-05-2024,08-03-2025,Cultural,Flight,1,2207.11,9
TRIP05789,USER9296,Rome,29-09-2024,20-02-2025,Leisure,Bus,5,3315.78,1
TRIP05790,USER5242,Bangkok,25-07-2024,28-11-2024,Leisure,Cruise,1,1146.66,8
TRIP05791,USER3615,London,31-08-2024,07-12-2024,Family,Train,4,1927.19,3
TRIP05792,USER5516,Bangkok,25-01-2025,25-03-2025,Adventure,Bus,1,2083.41,3
TRIP05793,USER2523,Istanbul,12-12-2024,24-03-2025,Business,Bus,3,2278.24,8
TRIP05794,USER1587,Sydney,04-08-2024,09-09-2024,Cultural,Train,2,4001.54,5
TRIP05795,USER3349,Rome,22-08-2024,30-12-2024,Beach,Bus,3,4369.2,6
TRIP05796,USER8201,New York,22-01-2025,10-04-2025,Family,Flight,4,2530.8,7
TRIP05797,USER7145,Istanbul,17-06-2024,01-01-2025,Cultural,Car,4,2965.55,4
TRIP05798,USER4656,Rome,26-08-2024,21-09-2024,Beach,Train,2,3990.5,1
TRIP05799,USER9980,Istanbul,07-11-2024,02-03-2025,Business,Car,3,1159.14,5
TRIP05800,USER3397,Bangkok,01-10-2024,14-02-2025,Cultural,Train,3,2422.47,1
TRIP05801,USER8648,Paris,21-09-2024,15-04-2025,Business,Car,1,1525.98,8
TRIP05802,USER6097,New York,29-11-2024,10-12-2024,Business,Cruise,5,1497.17,2
TRIP05803,USER6967,Dubai,24-04-2024,14-01-2025,Business,Bus,2,4456.19,6
TRIP05804,USER9691,Barcelona,07-01-2025,03-03-2025,Family,Car,5,4827.44,5
TRIP05806,USER9536,London,23-09-2024,21-03-2025,Family,Flight,2,890.24,1
TRIP05807,USER6657,Tokyo,10-11-2024,02-12-2024,Leisure,Bus,5,1608.35,10
TRIP05808,USER4280,New York,11-02-2025,29-03-2025,Family,Cruise,5,2927.72,7
TRIP05809,USER4449,Sydney,18-06-2024,20-10-2024,Cultural,Flight,2,2406.07,4
TRIP05810,USER3264,Sydney,01-04-2024,29-11-2024,Leisure,Flight,5,1497.05,8
TRIP05811,USER4429,Bangkok,27-03-2024,05-03-2025,Business,Car,3,4306.14,4
TRIP05812,USER3659,Bangkok,08-01-2025,19-03-2025,Adventure,Train,4,3159.18,3
TRIP05813,USER2018,Tokyo,22-02-2025,22-03-2025,Business,Bus,4,1337.08,9
TRIP05814,USER4808,New York,05-03-2025,05-04-2025,Beach,Cruise,2,1773.58,8
TRIP05815,USER1722,Tokyo,03-11-2024,14-01-2025,Business,Flight,1,2985.39,2
TRIP05816,USER7160,Istanbul,04-01-2025,26-01-2025,Cultural,Flight,2,4154.59,2
TRIP05817,USER8578,Tokyo,28-10-2024,19-11-2024,Beach,Cruise,5,4150.29,6
TRIP05818,USER6211,Bangkok,05-12-2024,15-04-2025,Beach,Car,5,1534.24,5
TRIP05819,USER2911,London,10-10-2024,10-12-2024,Family,Flight,1,2902.72,7
TRIP05820,USER6160,Rome,04-08-2024,09-04-2025,Family,Train,4,503.22,5
TRIP05821,USER6805,London,20-03-2024,07-09-2024,Business,Car,4,751.34,8
TRIP05822,USER5794,Tokyo,01-09-2024,19-10-2024,Family,Train,3,605.46,8
TRIP05823,USER5912,Dubai,17-07-2024,17-07-2024,Adventure,Cruise,1,3749.64,2
TRIP05824,USER5109,New York,02-04-2024,07-03-2025,Beach,Car,3,1168.84,4
TRIP05825,USER9570,Paris,26-08-2024,17-11-2024,Beach,Bus,4,4526.57,2
TRIP05826,USER6705,Rome,13-01-2025,02-04-2025,Business,Train,3,954.45,8
TRIP05827,USER6930,Tokyo,27-03-2024,24-09-2024,Beach,Bus,5,718.67,7
TRIP05828,USER7437,Istanbul,20-03-2024,22-10-2024,Adventure,Train,4,4646.74,1
TRIP05829,USER7811,Istanbul,10-02-2025,28-03-2025,Family,Cruise,2,642.69,6
TRIP05830,USER4109,Istanbul,28-06-2024,07-04-2025,Leisure,Bus,5,1233.45,9
TRIP05831,USER6903,Paris,06-07-2024,24-11-2024,Cultural,Bus,5,1054.45,5
TRIP05832,USER6008,Bangkok,22-03-2024,09-01-2025,Cultural,Cruise,4,2000.57,6
TRIP05833,USER8529,Bangkok,31-01-2025,16-03-2025,Business,Bus,3,3680.29,5
TRIP05834,USER9852,Rome,21-05-2024,13-11-2024,Cultural,Train,5,1113.93,10
TRIP05835,USER2864,Tokyo,25-11-2024,15-12-2024,Family,Bus,5,1335.13,3
TRIP05836,USER1821,Bangkok,25-12-2024,21-01-2025,Adventure,Cruise,2,3369.29,2
TRIP05837,USER3609,Tokyo,10-06-2024,02-04-2025,Family,Bus,3,3510.5,3
TRIP05838,USER7296,Sydney,28-06-2024,20-01-2025,Adventure,Bus,3,4169.18,1
TRIP05839,USER2290,Istanbul,20-09-2024,16-10-2024,Leisure,Cruise,5,3969.33,3
TRIP05840,USER8287,Rome,19-12-2024,08-03-2025,Adventure,Bus,3,1123.32,2
TRIP05841,USER1632,Dubai,12-09-2024,13-01-2025,Business,Cruise,4,4063.55,1
TRIP05842,USER2424,Tokyo,20-08-2024,21-03-2025,Adventure,Train,4,3380.81,9
TRIP05843,USER7777,Barcelona,16-01-2025,09-03-2025,Beach,Flight,3,3497.64,2
TRIP05844,USER2810,Istanbul,09-09-2024,10-11-2024,Cultural,Car,4,2843.09,5
TRIP05845,USER5011,Tokyo,10-08-2024,29-03-2025,Beach,Train,3,3793.01,8
TRIP05846,USER2668,Bangkok,05-07-2024,24-10-2024,Cultural,Train,3,3217.17,8
TRIP05847,USER4891,Bangkok,08-09-2024,18-12-2024,Family,Train,2,522.38,5
TRIP05848,USER5360,Bangkok,28-06-2024,23-03-2025,Family,Flight,2,4314.94,4
TRIP05849,USER5700,Dubai,03-10-2024,30-12-2024,Business,Bus,4,2483.83,2
TRIP05850,USER2222,Bangkok,27-10-2024,27-02-2025,Beach,Cruise,5,2198.39,4
TRIP05851,USER3338,Paris,10-08-2024,14-08-2024,Leisure,Bus,2,3848.19,6
TRIP05852,USER4911,Sydney,07-05-2024,22-05-2024,Business,Train,2,4154.34,5
TRIP05853,USER4828,Bangkok,21-10-2024,14-03-2025,Leisure,Car,5,4877.11,2
TRIP05854,USER7748,Sydney,03-01-2025,16-03-2025,Leisure,Bus,3,1717.55,3
TRIP05855,USER3930,Bangkok,07-12-2024,04-02-2025,Adventure,Cruise,4,4526.99,7
TRIP05856,USER1572,Barcelona,01-07-2024,22-08-2024,Beach,Cruise,3,4570.78,3
TRIP05857,USER9844,London,23-12-2024,23-01-2025,Family,Bus,2,1643.31,5
TRIP05858,USER3752,Bangkok,15-09-2024,29-01-2025,Leisure,Cruise,3,4939.27,6
TRIP05859,USER9784,Barcelona,23-12-2024,09-04-2025,Adventure,Flight,4,2895.07,7
TRIP05860,USER1216,Dubai,17-03-2024,08-06-2024,Adventure,Car,1,3743.05,3
TRIP05861,USER6224,Paris,24-06-2024,26-12-2024,Family,Flight,5,4367.22,6
TRIP05862,USER7215,New York,13-09-2024,18-01-2025,Leisure,Flight,5,3211.59,3
TRIP05863,USER4875,New York,02-02-2025,05-02-2025,Family,Train,2,4659.08,2
TRIP05864,USER7647,Istanbul,30-04-2024,28-11-2024,Family,Flight,1,4675.03,9
TRIP05865,USER9575,New York,12-03-2025,17-03-2025,Beach,Flight,5,2935.08,5
TRIP05866,USER1295,London,25-11-2024,14-01-2025,Cultural,Car,5,1587.77,3
TRIP05867,USER4316,Bangkok,14-04-2024,21-10-2024,Leisure,Cruise,3,3621.94,3
TRIP05868,USER5451,Bangkok,16-11-2024,23-01-2025,Family,Car,2,3177.03,5
TRIP05869,USER8098,Bangkok,30-04-2024,21-01-2025,Cultural,Flight,1,1540.54,4
TRIP05870,USER9202,Paris,19-12-2024,26-12-2024,Cultural,Car,2,1569.12,9
TRIP05871,USER6167,Paris,08-01-2025,05-02-2025,Leisure,Bus,4,3395.37,9
TRIP05872,USER1578,Istanbul,04-02-2025,09-02-2025,Family,Car,3,1045.97,5
TRIP05873,USER1862,New York,24-04-2024,17-10-2024,Leisure,Car,4,3086.7,5
TRIP05874,USER2009,New York,21-04-2024,29-11-2024,Leisure,Bus,3,2823.82,2
TRIP05875,USER4981,Tokyo,05-09-2024,21-01-2025,Beach,Bus,2,2492.63,4
TRIP05876,USER4399,Barcelona,03-04-2024,01-02-2025,Adventure,Flight,4,2277.06,9
TRIP05877,USER6238,Dubai,31-05-2024,27-11-2024,Cultural,Train,5,917.63,2
TRIP05878,USER1054,New York,04-01-2025,08-01-2025,Family,Car,3,4621.59,6
TRIP05879,USER9905,Tokyo,10-01-2025,19-01-2025,Cultural,Cruise,5,2494.38,4
TRIP05880,USER9565,Istanbul,02-11-2024,02-02-2025,Beach,Bus,4,994.57,9
TRIP05881,USER1307,Dubai,14-09-2024,08-01-2025,Adventure,Bus,1,4081.63,10
TRIP05882,USER8250,Paris,01-12-2024,28-03-2025,Leisure,Flight,2,1183.56,5
TRIP05883,USER6251,Bangkok,12-12-2024,19-12-2024,Business,Cruise,1,2587.74,1
TRIP05884,USER6432,Rome,18-09-2024,10-02-2025,Business,Car,3,1086.05,5
TRIP05885,USER1937,Bangkok,30-12-2024,08-04-2025,Business,Car,5,4477.45,2
TRIP05886,USER1151,London,21-03-2024,29-01-2025,Adventure,Cruise,5,3081.04,10
TRIP05887,USER2441,New York,20-05-2024,12-06-2024,Cultural,Train,3,3905.55,7
TRIP05888,USER3368,Bangkok,04-12-2024,06-01-2025,Leisure,Bus,2,3714.21,6
TRIP05889,USER6277,Istanbul,17-01-2025,18-03-2025,Leisure,Cruise,3,4088.24,4
TRIP05890,USER9479,London,01-02-2025,09-02-2025,Leisure,Car,2,2288.38,1
TRIP05891,USER5231,London,08-11-2024,30-12-2024,Adventure,Cruise,1,1202.71,9
TRIP05892,USER1970,Paris,09-01-2025,15-01-2025,Leisure,Car,3,3440.72,1
TRIP05893,USER7076,Barcelona,30-06-2024,08-04-2025,Cultural,Flight,5,3317.53,5
TRIP05894,USER8436,Dubai,06-12-2024,04-02-2025,Family,Car,1,1930.54,8
TRIP05895,USER8635,Sydney,02-11-2024,26-12-2024,Adventure,Bus,5,1689.56,10
TRIP05896,USER7823,Dubai,30-03-2024,15-01-2025,Cultural,Flight,2,4650.06,4
TRIP05897,USER9674,Dubai,27-05-2024,22-06-2024,Business,Bus,1,3299.51,2
TRIP05898,USER8297,New York,24-05-2024,12-10-2024,Family,Train,2,1979.94,10
TRIP05899,USER5231,London,25-11-2024,16-02-2025,Cultural,Flight,1,4029.1,3
TRIP05900,USER7041,Tokyo,03-10-2024,14-04-2025,Cultural,Flight,2,1929.51,1
TRIP05901,USER6580,Rome,04-03-2025,31-03-2025,Beach,Flight,2,4663.9,5
TRIP05902,USER1746,Istanbul,08-10-2024,26-10-2024,Cultural,Car,4,3640.37,8
TRIP05903,USER8788,Rome,17-06-2024,01-09-2024,Cultural,Train,4,555.17,2
TRIP05904,USER1128,Dubai,12-06-2024,03-01-2025,Beach,Car,4,2705.96,1
TRIP05905,USER1476,Paris,23-04-2024,19-01-2025,Family,Cruise,2,3370.5,4
TRIP05906,USER2439,Bangkok,11-04-2024,17-11-2024,Family,Car,4,2681.83,4
TRIP05907,USER5791,Sydney,05-05-2024,06-11-2024,Beach,Flight,2,2076.78,1
TRIP05908,USER2931,Barcelona,02-02-2025,07-04-2025,Cultural,Car,2,861.78,8
TRIP05909,USER6991,Istanbul,24-12-2024,01-04-2025,Cultural,Bus,4,2891,10
TRIP05910,USER2474,London,27-04-2024,22-01-2025,Family,Cruise,3,2427.55,8
TRIP05911,USER7964,Dubai,25-08-2024,24-11-2024,Family,Bus,5,3388.87,10
TRIP05912,USER3391,Rome,15-02-2025,20-03-2025,Beach,Bus,3,4349.17,8
TRIP05913,USER5648,London,28-02-2025,20-03-2025,Adventure,Cruise,1,1907.56,2
TRIP05914,USER1476,Paris,22-06-2024,15-02-2025,Family,Cruise,3,2371.8,7
TRIP05915,USER6665,Istanbul,30-04-2024,22-08-2024,Leisure,Car,1,4596.41,9
TRIP05916,USER5972,Istanbul,15-10-2024,15-03-2025,Business,Bus,4,2113.66,8
TRIP05917,USER6074,Istanbul,06-08-2024,04-02-2025,Adventure,Car,4,1858.02,10
TRIP05918,USER9666,Dubai,22-11-2024,09-01-2025,Beach,Flight,4,4246.12,5
TRIP05919,USER4047,Dubai,08-12-2024,13-02-2025,Beach,Train,3,2672.37,8
TRIP05920,USER2522,Paris,06-02-2025,23-02-2025,Beach,Car,1,3809.65,6
TRIP05921,USER3969,New York,02-12-2024,12-04-2025,Beach,Train,4,1457.42,4
TRIP05922,USER4877,Barcelona,18-02-2025,14-03-2025,Adventure,Flight,4,4259.27,3
TRIP05923,USER6725,Tokyo,23-05-2024,03-08-2024,Beach,Bus,2,4598.82,5
TRIP05924,USER2191,Paris,17-09-2024,31-01-2025,Beach,Cruise,1,3513.67,4
TRIP05925,USER5903,London,19-01-2025,21-01-2025,Leisure,Flight,5,757.4,9
TRIP05926,USER3109,Tokyo,07-12-2024,21-03-2025,Adventure,Car,3,2707.13,7
TRIP05927,USER9462,Rome,08-03-2025,09-04-2025,Leisure,Bus,3,3238.86,4
TRIP05928,USER5083,Rome,30-05-2024,04-12-2024,Cultural,Cruise,4,4218.6,9
TRIP05929,USER3734,Bangkok,25-03-2024,18-05-2024,Cultural,Car,2,3932.02,5
TRIP05930,USER2646,Tokyo,27-08-2024,03-03-2025,Cultural,Cruise,3,1481.36,10
TRIP05931,USER8730,Sydney,29-06-2024,27-12-2024,Family,Car,4,590.38,9
TRIP05932,USER7453,Rome,01-10-2024,11-11-2024,Cultural,Bus,4,606.08,3
TRIP05933,USER1802,Barcelona,28-05-2024,03-02-2025,Leisure,Train,4,1316.03,3
TRIP05935,USER6709,New York,01-01-2025,10-04-2025,Beach,Car,4,3935.85,3
TRIP05936,USER1683,Istanbul,05-03-2025,22-03-2025,Cultural,Train,1,2819.8,7
TRIP05937,USER3322,Rome,09-10-2024,30-01-2025,Family,Train,2,2826.27,1
TRIP05938,USER9539,Bangkok,04-05-2024,31-12-2024,Cultural,Flight,4,4947.76,8
TRIP05939,USER8776,Paris,12-12-2024,30-12-2024,Leisure,Bus,4,2586.79,10
TRIP05940,USER5960,Dubai,30-03-2024,05-04-2024,Family,Flight,4,847.81,5
TRIP05941,USER2239,Istanbul,08-11-2024,15-04-2025,Family,Bus,1,2361.37,4
TRIP05942,USER4734,London,30-05-2024,07-07-2024,Leisure,Car,1,2176.71,4
TRIP05943,USER9711,Sydney,03-06-2024,24-11-2024,Adventure,Flight,1,3092.57,2
TRIP05944,USER3140,Barcelona,01-04-2024,19-05-2024,Beach,Car,3,2615.41,3
TRIP05945,USER7810,Bangkok,11-09-2024,21-01-2025,Cultural,Car,3,837.82,3
TRIP05946,USER4268,Sydney,18-07-2024,18-01-2025,Leisure,Flight,5,4681.87,7
TRIP05947,USER4881,Paris,07-01-2025,29-03-2025,Adventure,Train,3,4776.71,9
TRIP05948,USER8227,New York,01-11-2024,14-12-2024,Leisure,Train,2,543.01,3
TRIP05949,USER7275,Barcelona,06-06-2024,24-08-2024,Adventure,Flight,4,3514.91,2
TRIP05950,USER5379,New York,18-07-2024,09-02-2025,Business,Cruise,4,2352.32,1
TRIP05951,USER5463,Paris,31-03-2024,07-07-2024,Leisure,Car,1,1740.64,5
TRIP05952,USER5461,New York,04-06-2024,13-06-2024,Adventure,Train,5,1227.16,5
TRIP05953,USER9734,Barcelona,01-12-2024,06-12-2024,Beach,Car,3,1648.04,6
TRIP05954,USER6151,Sydney,05-11-2024,14-12-2024,Cultural,Car,1,925.31,10
TRIP05955,USER1841,London,28-01-2025,08-02-2025,Cultural,Car,2,2781.46,7
TRIP05956,USER1108,Istanbul,25-10-2024,09-03-2025,Business,Flight,1,3709.92,8
TRIP05957,USER4236,New York,07-08-2024,15-08-2024,Cultural,Flight,4,3240.98,1
TRIP05958,USER8044,Barcelona,17-02-2025,08-03-2025,Cultural,Train,1,4557.33,9
TRIP05959,USER6115,Tokyo,28-01-2025,01-03-2025,Adventure,Car,2,2086.16,7
TRIP05960,USER6846,Barcelona,13-09-2024,18-10-2024,Family,Flight,3,4282.78,2
TRIP05961,USER6886,Paris,11-12-2024,01-02-2025,Beach,Flight,2,2489.48,7
TRIP05962,USER2228,Dubai,11-09-2024,03-01-2025,Family,Car,3,2547.81,2
TRIP05963,USER2425,Tokyo,22-01-2025,29-03-2025,Business,Car,5,3265.69,6
TRIP05964,USER6967,Tokyo,18-08-2024,19-02-2025,Cultural,Train,1,4547.89,10
TRIP05965,USER1437,Bangkok,23-05-2024,28-10-2024,Cultural,Bus,2,737.21,10
TRIP05966,USER5179,London,08-02-2025,06-04-2025,Beach,Bus,4,1044.85,7
TRIP05967,USER8796,Rome,10-03-2025,13-04-2025,Leisure,Flight,1,1039.37,3
TRIP05968,USER8436,London,04-09-2024,07-02-2025,Beach,Bus,4,2948.19,7
TRIP05969,USER6190,Rome,29-10-2024,04-12-2024,Family,Flight,3,3650.42,1
TRIP05970,USER9181,Tokyo,24-03-2024,08-11-2024,Adventure,Train,1,3774.73,4
TRIP05971,USER7241,Barcelona,01-03-2025,05-03-2025,Cultural,Car,3,3839.06,9
TRIP05972,USER5769,Bangkok,25-11-2024,24-03-2025,Beach,Car,1,3846.45,10
TRIP05973,USER8158,Istanbul,29-01-2025,29-01-2025,Beach,Car,5,3238.74,3
TRIP05974,USER6535,New York,19-03-2024,13-04-2025,Beach,Bus,3,4551.69,5
TRIP05975,USER6999,New York,16-07-2024,13-12-2024,Leisure,Train,1,1459.01,10
TRIP05976,USER2037,Sydney,14-01-2025,27-01-2025,Beach,Bus,1,2895.59,4
TRIP05977,USER9481,Dubai,30-11-2024,26-12-2024,Cultural,Cruise,5,4764.96,1
TRIP05978,USER9619,Sydney,27-06-2024,23-09-2024,Beach,Cruise,1,591.57,3
TRIP05979,USER2380,Dubai,28-06-2024,28-11-2024,Family,Train,4,4932.74,2
TRIP05980,USER9852,Istanbul,10-07-2024,16-10-2024,Business,Bus,3,3304.85,8
TRIP05981,USER6625,London,14-10-2024,29-12-2024,Cultural,Cruise,3,1297.82,8
TRIP05982,USER9774,Bangkok,28-01-2025,13-02-2025,Adventure,Cruise,2,2711.12,3
TRIP05983,USER8286,Istanbul,08-05-2024,09-08-2024,Leisure,Cruise,2,3431.38,5
TRIP05984,USER5424,Paris,07-01-2025,16-03-2025,Business,Flight,2,2068.24,4
TRIP05985,USER9181,Bangkok,17-03-2024,11-04-2024,Beach,Flight,4,4728.21,1
TRIP05986,USER9309,Istanbul,10-01-2025,25-03-2025,Beach,Car,4,1573.74,2
TRIP05987,USER7547,Rome,29-07-2024,29-07-2024,Cultural,Train,4,3884.79,9
TRIP05988,USER9086,Barcelona,30-05-2024,03-07-2024,Family,Train,5,3071.42,3
TRIP05989,USER3945,Tokyo,04-02-2025,14-04-2025,Family,Car,2,2403.35,5
TRIP05990,USER2750,Rome,02-12-2024,11-01-2025,Cultural,Bus,1,1726.1,8
TRIP05991,USER3847,Dubai,07-02-2025,06-04-2025,Leisure,Cruise,4,847.3,2
TRIP05992,USER3159,Istanbul,25-11-2024,06-02-2025,Business,Train,5,1101.35,2
TRIP05993,USER9489,New York,27-03-2024,02-04-2025,Cultural,Cruise,1,1775.85,1
TRIP05994,USER7994,New York,06-04-2024,06-10-2024,Leisure,Car,3,3309.98,2
TRIP05995,USER5672,New York,13-08-2024,15-01-2025,Beach,Cruise,5,4614.1,3
TRIP05996,USER7624,Tokyo,28-12-2024,24-03-2025,Beach,Cruise,2,2216.01,9
TRIP05997,USER9219,Tokyo,14-03-2025,21-03-2025,Beach,Flight,5,1831.33,7
TRIP05998,USER3639,Istanbul,09-07-2024,24-03-2025,Family,Bus,4,2634,1
TRIP05999,USER6355,Paris,20-05-2024,12-08-2024,Family,Car,4,4406.06,3
TRIP06000,USER1569,Tokyo,10-10-2024,10-10-2024,Family,Train,2,3513.86,5
TRIP06001,USER9189,Barcelona,16-12-2024,15-03-2025,Beach,Car,4,3795.01,7
TRIP06002,USER4841,Rome,04-12-2024,03-01-2025,Adventure,Car,3,4742.44,8
TRIP06003,USER5499,London,15-02-2025,02-04-2025,Cultural,Cruise,1,2395.2,6
TRIP06004,USER4088,Barcelona,19-05-2024,27-01-2025,Beach,Flight,3,3370.61,10
TRIP06005,USER1926,Rome,08-11-2024,15-12-2024,Beach,Cruise,4,3886.66,4
TRIP06006,USER7408,New York,03-05-2024,15-11-2024,Leisure,Cruise,1,1140.22,4
TRIP06007,USER9516,Bangkok,06-04-2024,29-09-2024,Adventure,Bus,1,3909.57,6
TRIP06008,USER1415,Tokyo,10-08-2024,07-10-2024,Cultural,Car,2,916.34,1
TRIP06009,USER5511,Sydney,24-10-2024,21-12-2024,Adventure,Cruise,4,1116.4,5
TRIP06010,USER6576,Sydney,16-03-2025,31-03-2025,Cultural,Cruise,2,866.41,10
TRIP06011,USER7100,New York,17-02-2025,02-04-2025,Leisure,Flight,4,4071.75,10
TRIP06012,USER8616,Sydney,27-12-2024,16-03-2025,Family,Car,4,3363.18,5
TRIP06013,USER2338,New York,01-11-2024,28-12-2024,Leisure,Flight,4,1894.41,9
TRIP06014,USER8269,Dubai,27-04-2024,30-10-2024,Cultural,Cruise,5,3220.83,8
TRIP06015,USER8092,Istanbul,21-11-2024,28-12-2024,Leisure,Train,4,616.18,1
TRIP06016,USER7760,Rome,26-01-2025,15-03-2025,Adventure,Train,1,2624.89,8
TRIP06017,USER3152,Barcelona,07-10-2024,04-12-2024,Family,Car,2,4178.8,7
TRIP06018,USER1004,Tokyo,23-09-2024,07-01-2025,Cultural,Cruise,1,2063.7,6
TRIP06019,USER9327,Istanbul,14-09-2024,14-09-2024,Family,Bus,4,3955.19,4
TRIP06020,USER9301,London,23-12-2024,04-02-2025,Adventure,Train,2,631.2,5
TRIP06021,USER5245,London,10-11-2024,19-03-2025,Cultural,Train,2,1385.67,1
TRIP06022,USER4422,Istanbul,24-01-2025,22-03-2025,Adventure,Bus,1,2057.66,2
TRIP06023,USER6146,Sydney,07-10-2024,13-10-2024,Cultural,Bus,4,660.61,5
TRIP06024,USER6438,Istanbul,22-05-2024,05-03-2025,Family,Bus,5,2891.77,4
TRIP06025,USER2075,London,19-03-2024,25-12-2024,Business,Flight,3,3591.88,2
TRIP06026,USER3878,Rome,31-07-2024,09-10-2024,Business,Flight,3,4592.76,3
TRIP06027,USER3681,Dubai,22-04-2024,12-09-2024,Business,Bus,5,4285.45,6
TRIP06028,USER6287,Dubai,16-04-2024,20-04-2024,Adventure,Train,1,3549.26,1
TRIP06029,USER5899,New York,11-01-2025,01-04-2025,Cultural,Flight,1,3945.38,4
TRIP06030,USER3005,Istanbul,10-02-2025,26-03-2025,Cultural,Car,2,1943.09,5
TRIP06031,USER6043,Bangkok,28-10-2024,10-03-2025,Leisure,Train,4,4873.44,3
TRIP06032,USER3303,New York,01-05-2024,04-11-2024,Cultural,Flight,5,613.59,7
TRIP06033,USER9734,Rome,14-04-2024,07-10-2024,Family,Car,5,1903.84,1
TRIP06034,USER2954,Rome,13-01-2025,14-03-2025,Beach,Cruise,2,3899.88,5
TRIP06035,USER5845,Istanbul,15-06-2024,05-10-2024,Family,Train,2,1663.05,4
TRIP06036,USER9234,London,11-07-2024,03-01-2025,Adventure,Cruise,5,879.92,1
TRIP06037,USER9759,Tokyo,04-05-2024,15-07-2024,Business,Cruise,1,2327.29,10
TRIP06038,USER6628,Rome,11-06-2024,29-10-2024,Family,Bus,1,1681.39,8
TRIP06039,USER4515,Istanbul,30-12-2024,05-03-2025,Cultural,Flight,2,3328,2
TRIP06040,USER1030,Tokyo,26-08-2024,08-02-2025,Business,Car,1,1561.63,5
TRIP06041,USER2538,New York,07-08-2024,04-04-2025,Leisure,Bus,2,2655.14,1
TRIP06042,USER5976,London,06-04-2024,27-06-2024,Adventure,Bus,2,549.98,5
TRIP06043,USER1740,Paris,18-07-2024,30-03-2025,Business,Cruise,4,3160.07,5
TRIP06044,USER2642,Sydney,03-01-2025,31-03-2025,Cultural,Train,1,4831.41,5
TRIP06045,USER2309,Paris,01-05-2024,25-06-2024,Adventure,Train,5,1366.88,8
TRIP06046,USER5744,Dubai,10-07-2024,13-08-2024,Adventure,Car,1,2660.44,1
TRIP06047,USER7140,Sydney,20-10-2024,21-02-2025,Adventure,Flight,5,2469.18,1
TRIP06048,USER3312,Barcelona,31-10-2024,09-02-2025,Business,Bus,5,1980.66,4
TRIP06049,USER3728,Dubai,08-11-2024,28-03-2025,Family,Flight,4,4841.63,10
TRIP06050,USER2579,London,22-08-2024,19-09-2024,Business,Cruise,5,1566.35,6
TRIP06051,USER1064,Istanbul,10-03-2025,02-04-2025,Family,Car,3,1417.62,10
TRIP06052,USER2150,London,13-03-2025,31-03-2025,Business,Bus,1,3618.6,4
TRIP06053,USER7077,Rome,12-01-2025,12-02-2025,Leisure,Cruise,3,4349.15,7
TRIP06054,USER9360,London,16-07-2024,10-11-2024,Business,Flight,2,4979.03,1
TRIP06055,USER9000,Istanbul,07-11-2024,18-11-2024,Adventure,Car,2,3171.88,4
TRIP06056,USER4738,Istanbul,15-02-2025,06-04-2025,Leisure,Train,5,1513.61,2
TRIP06057,USER2476,Tokyo,15-04-2024,25-01-2025,Cultural,Bus,4,2870.37,9
TRIP06058,USER5638,Rome,15-09-2024,24-02-2025,Beach,Train,4,2224.17,10
TRIP06059,USER6865,Bangkok,09-11-2024,18-03-2025,Family,Bus,2,3337.38,1
TRIP06060,USER1359,Barcelona,10-02-2025,03-04-2025,Family,Bus,4,2195,5
TRIP06061,USER1788,Istanbul,16-06-2024,23-11-2024,Beach,Bus,1,1227.05,5
TRIP06062,USER5836,Tokyo,13-05-2024,28-01-2025,Business,Train,1,3896.11,9
TRIP06063,USER2452,Paris,19-07-2024,08-10-2024,Adventure,Cruise,1,3795.52,4
TRIP06064,USER2142,Bangkok,21-12-2024,07-04-2025,Cultural,Train,1,3924.7,4
TRIP06065,USER2332,Rome,11-10-2024,30-01-2025,Cultural,Train,3,4527.6,4
TRIP06066,USER6961,Barcelona,11-02-2025,23-03-2025,Beach,Train,1,3053.35,7
TRIP06067,USER3039,Bangkok,20-01-2025,14-03-2025,Cultural,Bus,5,1355.56,6
TRIP06068,USER2186,Tokyo,27-05-2024,27-01-2025,Business,Bus,3,4522.42,5
TRIP06069,USER3349,Tokyo,21-11-2024,13-02-2025,Adventure,Car,3,1354.9,1
TRIP06070,USER5842,Tokyo,22-09-2024,03-03-2025,Business,Cruise,2,3565.31,10
TRIP06071,USER6341,Sydney,08-06-2024,03-07-2024,Leisure,Flight,3,3555.29,4
TRIP06072,USER6860,Barcelona,13-10-2024,18-10-2024,Leisure,Car,4,2631.46,9
TRIP06073,USER6492,Barcelona,17-04-2024,22-07-2024,Family,Bus,2,2675.26,1
TRIP06074,USER9472,New York,18-12-2024,27-03-2025,Business,Bus,5,3597.15,6
TRIP06075,USER8084,Tokyo,03-04-2024,11-03-2025,Leisure,Car,5,1028.5,8
TRIP06076,USER7185,Rome,15-10-2024,10-04-2025,Business,Bus,1,2674.11,10
TRIP06077,USER9728,Bangkok,24-09-2024,27-09-2024,Family,Flight,5,2458.58,10
TRIP06078,USER3528,Dubai,04-02-2025,18-02-2025,Adventure,Cruise,4,4446.18,5
TRIP06079,USER6950,New York,25-08-2024,06-02-2025,Business,Flight,3,3062.46,4
TRIP06080,USER5738,Bangkok,19-08-2024,05-04-2025,Family,Cruise,2,4246.03,5
TRIP06081,USER5985,Rome,21-05-2024,09-04-2025,Leisure,Car,4,2181.97,6
TRIP06082,USER4082,Tokyo,30-05-2024,03-12-2024,Family,Cruise,3,3790.29,3
TRIP06083,USER1761,London,02-04-2024,12-12-2024,Beach,Bus,5,3763.98,1
TRIP06084,USER7459,Paris,26-12-2024,23-02-2025,Leisure,Train,3,3717.82,9
TRIP06085,USER6213,New York,06-03-2025,21-03-2025,Beach,Bus,5,3814.08,5
TRIP06086,USER6389,Dubai,04-04-2024,04-09-2024,Beach,Bus,3,914.28,3
TRIP06087,USER2679,London,24-06-2024,06-03-2025,Leisure,Flight,5,1529.27,10
TRIP06088,USER1153,Dubai,29-09-2024,02-02-2025,Cultural,Train,4,1672.56,4
TRIP06089,USER3214,Dubai,05-10-2024,15-10-2024,Cultural,Bus,1,4500.59,5
TRIP06090,USER9701,Istanbul,16-04-2024,02-11-2024,Leisure,Flight,1,4134.18,3
TRIP06091,USER8186,Paris,04-10-2024,17-03-2025,Leisure,Bus,4,2266.96,4
TRIP06092,USER4419,Rome,29-09-2024,04-10-2024,Family,Cruise,2,1339.56,6
TRIP06093,USER5968,London,04-01-2025,07-03-2025,Adventure,Train,3,3575.27,5
TRIP06094,USER7388,Dubai,30-04-2024,15-04-2025,Adventure,Bus,4,3663.76,3
TRIP06095,USER5315,New York,31-08-2024,15-10-2024,Cultural,Train,5,2744.93,3
TRIP06096,USER1489,London,14-04-2024,10-10-2024,Adventure,Bus,2,1887.84,7
TRIP06097,USER9105,Istanbul,02-01-2025,13-04-2025,Business,Bus,1,1773.74,4
TRIP06098,USER4680,Istanbul,26-12-2024,14-01-2025,Leisure,Bus,1,4398.16,8
TRIP06099,USER9192,Sydney,07-04-2024,11-02-2025,Beach,Train,2,4247.28,8
TRIP06100,USER8128,New York,18-04-2024,09-09-2024,Leisure,Cruise,2,3771.05,6
TRIP06101,USER6851,London,20-05-2024,06-03-2025,Business,Car,3,2150.25,3
TRIP06102,USER5459,London,27-02-2025,01-03-2025,Beach,Cruise,2,1087.17,4
TRIP06103,USER9905,New York,23-01-2025,05-02-2025,Cultural,Train,2,1056.96,9
TRIP06104,USER1146,Istanbul,23-09-2024,07-01-2025,Cultural,Cruise,3,4400.46,9
TRIP06105,USER2031,New York,02-07-2024,28-07-2024,Business,Cruise,3,4287.2,4
TRIP06106,USER5548,Barcelona,15-07-2024,10-08-2024,Family,Cruise,2,1388.7,7
TRIP06107,USER4079,Sydney,05-04-2024,08-09-2024,Business,Car,2,2961.91,3
TRIP06108,USER6658,Sydney,05-11-2024,16-11-2024,Family,Bus,2,2729.47,4
TRIP06109,USER6530,New York,03-05-2024,24-01-2025,Beach,Flight,5,3447.55,9
TRIP06110,USER3774,Tokyo,07-05-2024,09-09-2024,Adventure,Cruise,1,1402.47,9
TRIP06111,USER9346,New York,12-06-2024,28-02-2025,Business,Train,4,3898.24,9
TRIP06112,USER2269,Tokyo,05-10-2024,10-04-2025,Family,Flight,2,2092.35,4
TRIP06113,USER2298,London,29-07-2024,28-12-2024,Cultural,Cruise,1,3996.27,6
TRIP06114,USER1493,New York,06-07-2024,22-10-2024,Family,Car,4,2787.41,3
TRIP06115,USER1025,Bangkok,25-10-2024,10-12-2024,Adventure,Cruise,1,3486.59,7
TRIP06116,USER9497,Bangkok,04-10-2024,24-01-2025,Business,Cruise,4,3541.38,7
TRIP06117,USER9367,London,18-07-2024,11-02-2025,Business,Bus,1,639,9
TRIP06118,USER1700,London,10-03-2025,15-03-2025,Family,Bus,4,2311.31,5
TRIP06119,USER3227,Paris,14-04-2024,10-09-2024,Adventure,Cruise,2,4474.6,4
TRIP06120,USER8208,Tokyo,12-12-2024,07-04-2025,Business,Car,2,4965.35,6
TRIP06121,USER9548,Paris,04-01-2025,14-03-2025,Adventure,Cruise,4,1299.02,6
TRIP06122,USER3552,Dubai,02-06-2024,25-01-2025,Family,Car,2,1185.48,6
TRIP06123,USER7524,Dubai,03-09-2024,21-11-2024,Cultural,Cruise,1,583.48,6
TRIP06124,USER7462,London,14-03-2025,17-03-2025,Cultural,Car,1,2146.63,8
TRIP06125,USER4641,Bangkok,17-10-2024,21-12-2024,Business,Flight,2,4360.57,9
TRIP06126,USER5878,Sydney,13-03-2025,05-04-2025,Beach,Flight,5,4620.83,4
TRIP06127,USER9359,Rome,14-08-2024,09-01-2025,Business,Flight,3,958.53,5
TRIP06128,USER2954,Tokyo,25-05-2024,05-09-2024,Adventure,Car,3,2939.13,5
TRIP06129,USER4164,Bangkok,06-07-2024,08-08-2024,Leisure,Flight,1,2406.71,8
TRIP06130,USER1153,Sydney,24-07-2024,20-02-2025,Adventure,Car,1,3468.12,4
TRIP06131,USER4830,Tokyo,07-12-2024,29-12-2024,Adventure,Flight,2,3773.33,8
TRIP06132,USER2229,Bangkok,08-09-2024,08-10-2024,Beach,Bus,1,2091.5,2
TRIP06133,USER1839,New York,20-11-2024,13-03-2025,Cultural,Flight,3,3547.92,3
TRIP06134,USER2773,Sydney,29-03-2024,02-08-2024,Business,Car,3,1656.11,7
TRIP06135,USER1360,Paris,27-09-2024,21-10-2024,Cultural,Car,5,3641.77,8
TRIP06136,USER5657,Sydney,03-02-2025,10-03-2025,Cultural,Train,1,2087.02,2
TRIP06137,USER2544,Sydney,11-06-2024,23-01-2025,Business,Car,4,2148.89,5
TRIP06138,USER4014,Paris,16-08-2024,20-10-2024,Cultural,Cruise,1,2838.69,3
TRIP06139,USER7932,London,24-06-2024,15-12-2024,Family,Cruise,3,3119.88,3
TRIP06140,USER1952,Rome,29-11-2024,13-01-2025,Beach,Cruise,2,4250.16,10
TRIP06141,USER3509,Sydney,06-01-2025,03-03-2025,Leisure,Cruise,3,4820.5,6
TRIP06142,USER9566,Rome,31-01-2025,08-02-2025,Leisure,Cruise,1,4591.3,2
TRIP06143,USER2961,Dubai,03-10-2024,08-11-2024,Business,Flight,3,1082.34,10
TRIP06144,USER6216,Paris,21-06-2024,25-10-2024,Family,Car,5,3182,4
TRIP06145,USER6836,Istanbul,19-11-2024,22-12-2024,Beach,Cruise,4,1331.07,1
TRIP06146,USER1750,Sydney,04-02-2025,04-02-2025,Beach,Train,5,717.36,10
TRIP06147,USER6858,Paris,21-06-2024,22-07-2024,Leisure,Car,1,2333.38,10
TRIP06148,USER3021,Istanbul,09-09-2024,22-09-2024,Adventure,Train,3,4662.75,2
TRIP06149,USER4658,London,15-04-2024,14-08-2024,Cultural,Bus,4,1902.84,5
TRIP06150,USER8203,Dubai,08-04-2024,14-11-2024,Business,Car,1,515.15,10
TRIP06151,USER5089,Barcelona,22-08-2024,25-01-2025,Leisure,Bus,3,3738.99,3
TRIP06152,USER9811,Bangkok,23-11-2024,25-11-2024,Cultural,Bus,3,954.49,8
TRIP06153,USER9743,Tokyo,15-09-2024,17-02-2025,Beach,Cruise,2,2678.29,6
TRIP06154,USER5641,New York,04-06-2024,10-01-2025,Business,Bus,2,2646.47,5
TRIP06155,USER6470,Paris,10-03-2025,02-04-2025,Beach,Bus,2,3883.79,9
TRIP06156,USER1933,Sydney,30-10-2024,16-02-2025,Leisure,Bus,5,4549.69,4
TRIP06157,USER5919,Bangkok,14-11-2024,29-03-2025,Cultural,Car,4,4395.58,1
TRIP06158,USER7788,Bangkok,30-12-2024,31-01-2025,Adventure,Cruise,1,966.35,8
TRIP06159,USER6366,Rome,09-02-2025,21-02-2025,Leisure,Train,2,2813.11,9
TRIP06160,USER4404,Paris,10-08-2024,08-12-2024,Cultural,Bus,5,1983.6,7
TRIP06161,USER4253,London,23-05-2024,01-11-2024,Cultural,Cruise,5,2724.61,5
TRIP06162,USER1686,Sydney,04-01-2025,11-04-2025,Family,Train,4,4968.45,7
TRIP06163,USER2798,New York,26-07-2024,07-09-2024,Beach,Cruise,2,2097.2,1
TRIP06164,USER8093,Paris,01-08-2024,19-09-2024,Cultural,Cruise,5,2711.65,10
TRIP06165,USER8658,London,23-08-2024,12-11-2024,Adventure,Flight,3,2280.68,2
TRIP06166,USER9818,Tokyo,10-02-2025,20-03-2025,Adventure,Flight,4,1594.4,2
TRIP06167,USER8611,London,04-11-2024,11-03-2025,Adventure,Cruise,4,2490.4,5
TRIP06168,USER8635,Istanbul,15-05-2024,24-11-2024,Beach,Car,4,1717.37,5
TRIP06169,USER2232,Barcelona,15-02-2025,19-03-2025,Family,Train,2,2462.84,5
TRIP06170,USER2618,London,18-01-2025,03-02-2025,Business,Car,1,2217.55,4
TRIP06171,USER7721,Barcelona,03-10-2024,05-10-2024,Family,Bus,1,3188.15,2
TRIP06172,USER7652,London,10-02-2025,15-02-2025,Family,Train,1,4887.46,3
TRIP06173,USER1582,Dubai,03-01-2025,31-01-2025,Leisure,Bus,4,2346.28,7
TRIP06174,USER1190,Dubai,25-04-2024,26-08-2024,Cultural,Car,3,3752.5,9
TRIP06175,USER4632,New York,23-07-2024,20-12-2024,Cultural,Car,3,3481.09,10
TRIP06176,USER9044,Bangkok,08-11-2024,25-01-2025,Cultural,Bus,5,823.12,9
TRIP06177,USER6244,Sydney,28-03-2024,10-12-2024,Adventure,Train,4,4681.72,1
TRIP06178,USER7020,Dubai,27-04-2024,09-11-2024,Beach,Cruise,3,2535.94,9
TRIP06179,USER7322,Tokyo,02-04-2024,01-09-2024,Family,Flight,3,4269.2,10
TRIP06180,USER3767,London,28-05-2024,18-01-2025,Business,Train,1,2142.82,1
TRIP06181,USER4907,Sydney,22-12-2024,31-01-2025,Beach,Train,5,2826.18,6
TRIP06182,USER9122,London,20-02-2025,31-03-2025,Cultural,Car,3,4687.03,4
TRIP06183,USER9669,Sydney,13-10-2024,02-01-2025,Adventure,Train,2,2980.41,8
TRIP06184,USER5566,London,28-10-2024,03-12-2024,Family,Train,2,2148.99,4
TRIP06185,USER6873,Istanbul,31-05-2024,28-07-2024,Leisure,Train,1,1606.61,1
TRIP06186,USER8985,Rome,01-11-2024,09-01-2025,Beach,Bus,1,3039.62,4
TRIP06187,USER7221,Tokyo,11-01-2025,11-02-2025,Family,Cruise,4,4295.5,4
TRIP06188,USER9533,Tokyo,20-09-2024,15-02-2025,Adventure,Flight,5,644.8,6
TRIP06189,USER8056,Paris,13-01-2025,10-03-2025,Beach,Cruise,2,1383.6,1
TRIP06190,USER8583,London,10-12-2024,29-12-2024,Leisure,Cruise,1,603.4,2
TRIP06191,USER9529,Dubai,22-12-2024,27-02-2025,Family,Bus,3,586.64,6
TRIP06192,USER8212,Dubai,09-09-2024,14-12-2024,Leisure,Flight,3,1592.82,5
TRIP06193,USER8559,Bangkok,25-04-2024,19-02-2025,Adventure,Cruise,1,4631.65,7
TRIP06194,USER3406,Bangkok,17-02-2025,23-03-2025,Adventure,Flight,5,1038.97,3
TRIP06195,USER8810,Barcelona,11-04-2024,28-10-2024,Business,Bus,5,4012.67,7
TRIP06197,USER8863,Barcelona,28-10-2024,24-03-2025,Beach,Flight,4,2653.28,8
TRIP06198,USER8527,Barcelona,07-12-2024,11-02-2025,Beach,Bus,5,3486.81,5
TRIP06199,USER8729,Paris,04-03-2025,24-03-2025,Beach,Train,4,3138.85,7
TRIP06200,USER5230,Barcelona,17-09-2024,31-10-2024,Business,Flight,2,4260.8,10
TRIP06201,USER6922,Dubai,14-05-2024,01-01-2025,Cultural,Cruise,4,3804.64,5
TRIP06202,USER6614,Sydney,01-11-2024,07-12-2024,Cultural,Bus,4,4307.19,6
TRIP06203,USER1343,Rome,28-07-2024,24-01-2025,Adventure,Train,3,4829.77,6
TRIP06204,USER1919,Bangkok,12-09-2024,01-11-2024,Family,Bus,4,3703.91,8
TRIP06205,USER9046,Paris,16-11-2024,14-03-2025,Leisure,Car,2,3165.31,8
TRIP06206,USER3444,Rome,03-09-2024,14-11-2024,Leisure,Flight,2,2345.24,10
TRIP06207,USER2058,New York,04-08-2024,02-04-2025,Adventure,Train,4,4106.83,3
TRIP06208,USER5244,Istanbul,26-04-2024,12-07-2024,Beach,Train,4,3145.87,7
TRIP06209,USER8819,Rome,18-03-2024,31-12-2024,Cultural,Flight,1,533.79,8
TRIP06211,USER1313,Barcelona,04-10-2024,30-10-2024,Adventure,Train,5,2226.2,9
TRIP06212,USER1997,New York,19-12-2024,19-01-2025,Cultural,Train,3,4504.66,10
TRIP06213,USER9391,Sydney,26-07-2024,15-04-2025,Adventure,Bus,3,2104.63,5
TRIP06214,USER3262,Istanbul,05-10-2024,13-12-2024,Cultural,Car,4,2020.13,3
TRIP06215,USER4209,Istanbul,28-01-2025,13-03-2025,Adventure,Train,3,3988.33,4
TRIP06216,USER9233,Sydney,20-10-2024,13-03-2025,Cultural,Bus,3,4093.27,2
TRIP06218,USER4846,Sydney,26-11-2024,10-01-2025,Business,Car,3,1558.72,7
TRIP06219,USER2583,Sydney,18-01-2025,27-02-2025,Cultural,Cruise,1,1732.03,3
TRIP06220,USER8632,Tokyo,19-05-2024,28-02-2025,Family,Bus,5,4391.83,2
TRIP06221,USER3280,Paris,08-05-2024,06-10-2024,Adventure,Flight,1,823.31,9
TRIP06222,USER6275,Barcelona,11-05-2024,10-03-2025,Adventure,Flight,3,4448.46,8
TRIP06223,USER1240,Bangkok,03-10-2024,13-04-2025,Leisure,Car,3,4327.17,2
TRIP06224,USER3709,Dubai,06-05-2024,17-02-2025,Adventure,Train,4,762.19,3
TRIP06225,USER9614,Rome,07-08-2024,21-09-2024,Adventure,Car,1,4874.23,7
TRIP06226,USER3874,Barcelona,27-01-2025,23-03-2025,Beach,Cruise,4,2598.7,4
TRIP06227,USER9605,London,20-12-2024,17-01-2025,Leisure,Cruise,5,2510.26,6
TRIP06228,USER7363,London,28-02-2025,22-03-2025,Business,Train,2,4504.16,8
TRIP06229,USER4419,Barcelona,06-05-2024,16-08-2024,Business,Bus,3,529.63,10
TRIP06230,USER9094,Dubai,14-08-2024,24-02-2025,Leisure,Car,3,4388.99,2
TRIP06231,USER4143,Sydney,01-08-2024,24-11-2024,Family,Bus,1,3843.49,10
TRIP06232,USER5411,Bangkok,20-12-2024,28-12-2024,Beach,Car,5,2017.68,5
TRIP06233,USER6557,Dubai,13-12-2024,26-02-2025,Leisure,Cruise,1,2730.97,4
TRIP06234,USER5670,London,17-12-2024,26-02-2025,Family,Bus,4,1372,4
TRIP06235,USER6474,Barcelona,12-09-2024,03-04-2025,Adventure,Cruise,2,3751.42,8
TRIP06236,USER8281,Sydney,28-03-2024,08-10-2024,Business,Bus,1,531.46,1
TRIP06237,USER1772,Paris,16-12-2024,14-03-2025,Cultural,Cruise,3,3840.38,9
TRIP06238,USER9928,London,11-09-2024,25-03-2025,Beach,Cruise,5,4323.79,7
TRIP06239,USER6833,Sydney,20-08-2024,13-11-2024,Business,Bus,4,4353.56,4
TRIP06240,USER4891,Bangkok,31-07-2024,02-09-2024,Business,Train,3,2562.72,10
TRIP06241,USER9321,Barcelona,06-03-2025,14-03-2025,Business,Car,4,1473.7,10
TRIP06242,USER3169,Paris,09-04-2024,13-11-2024,Beach,Train,2,2187.38,8
TRIP06243,USER6791,Rome,04-03-2025,08-04-2025,Family,Cruise,3,3200.6,10
TRIP06244,USER5038,Paris,07-07-2024,29-09-2024,Cultural,Train,2,4173.58,4
TRIP06245,USER2763,New York,06-06-2024,24-06-2024,Cultural,Car,1,2667.71,3
TRIP06246,USER6339,Tokyo,18-09-2024,25-11-2024,Adventure,Train,1,1077.81,6
TRIP06247,USER9096,Istanbul,14-02-2025,15-04-2025,Cultural,Bus,4,4705.61,3
TRIP06248,USER8723,New York,20-09-2024,21-09-2024,Beach,Car,2,2590.56,5
TRIP06249,USER2376,Istanbul,04-11-2024,20-01-2025,Cultural,Bus,5,4205.97,7
TRIP06250,USER9230,Paris,08-04-2024,14-07-2024,Leisure,Bus,3,2237.75,4
TRIP06251,USER6885,Rome,22-08-2024,21-10-2024,Leisure,Flight,2,4345.41,2
TRIP06252,USER2517,Sydney,03-01-2025,27-03-2025,Adventure,Train,5,607.05,2
TRIP06253,USER5819,Barcelona,26-07-2024,03-09-2024,Beach,Car,5,2443.38,3
TRIP06254,USER6887,Barcelona,23-05-2024,06-08-2024,Adventure,Bus,4,3145.54,7
TRIP06255,USER2275,Bangkok,21-10-2024,04-02-2025,Business,Cruise,5,3806.23,9
TRIP06256,USER1780,London,19-11-2024,31-12-2024,Adventure,Train,3,1560.25,7
TRIP06257,USER9160,Paris,09-03-2025,15-04-2025,Cultural,Cruise,5,1813.86,5
TRIP06258,USER5051,Rome,25-12-2024,14-03-2025,Beach,Cruise,2,3834.99,2
TRIP06259,USER3837,Istanbul,07-08-2024,25-11-2024,Family,Train,2,2045.93,4
TRIP06260,USER9617,Istanbul,10-05-2024,27-08-2024,Beach,Bus,4,1818.98,3
TRIP06261,USER1523,Dubai,22-06-2024,25-06-2024,Adventure,Bus,3,2062.01,6
TRIP06262,USER1462,Istanbul,30-07-2024,27-09-2024,Business,Bus,1,3625.32,10
TRIP06263,USER4417,Dubai,28-09-2024,09-03-2025,Family,Cruise,2,4610.78,5
TRIP06264,USER1947,New York,03-12-2024,23-03-2025,Beach,Bus,5,4599.19,3
TRIP06265,USER2280,Bangkok,08-11-2024,26-01-2025,Leisure,Train,4,1267.85,10
TRIP06266,USER8912,Sydney,14-09-2024,27-12-2024,Cultural,Bus,1,638.39,3
TRIP06267,USER2739,Istanbul,18-08-2024,03-09-2024,Leisure,Car,3,992.05,4
TRIP06268,USER2889,Istanbul,18-04-2024,12-12-2024,Beach,Car,2,1578.78,3
TRIP06269,USER8736,Sydney,03-03-2025,18-03-2025,Beach,Car,1,1218.16,9
TRIP06270,USER6535,New York,29-03-2024,20-08-2024,Cultural,Train,1,1393.03,1
TRIP06271,USER2521,New York,23-02-2025,23-02-2025,Family,Train,5,4260.23,2
TRIP06272,USER3662,Istanbul,01-04-2024,09-07-2024,Adventure,Car,5,3493.35,7
TRIP06273,USER9280,Bangkok,07-01-2025,13-02-2025,Adventure,Bus,4,3955.13,6
TRIP06274,USER8230,Paris,18-09-2024,31-01-2025,Beach,Car,1,2907.44,2
TRIP06275,USER6328,Paris,05-01-2025,06-02-2025,Business,Bus,5,1080.76,4
TRIP06276,USER3875,Bangkok,24-08-2024,07-01-2025,Cultural,Train,1,739.71,10
TRIP06277,USER6346,Paris,03-12-2024,13-03-2025,Beach,Cruise,5,4017.08,8
TRIP06278,USER7040,Bangkok,12-03-2025,10-04-2025,Adventure,Cruise,1,4461.47,9
TRIP06279,USER7078,Bangkok,20-03-2024,12-03-2025,Adventure,Car,3,3477.6,8
TRIP06280,USER2524,London,24-08-2024,19-09-2024,Beach,Cruise,3,672.75,8
TRIP06281,USER7550,Barcelona,14-01-2025,14-01-2025,Adventure,Flight,3,1091.18,5
TRIP06282,USER2816,Bangkok,10-03-2025,05-04-2025,Beach,Car,1,2341.09,2
TRIP06283,USER4814,Dubai,02-04-2024,16-05-2024,Business,Flight,5,4618.24,5
TRIP06284,USER7579,Rome,05-07-2024,19-02-2025,Business,Flight,1,3457.54,8
TRIP06285,USER9065,Dubai,07-05-2024,14-10-2024,Beach,Cruise,5,636.67,7
TRIP06286,USER5247,Rome,05-06-2024,05-02-2025,Adventure,Cruise,1,4329.46,8
TRIP06288,USER8936,Sydney,22-05-2024,22-09-2024,Business,Train,1,2259.15,4
TRIP06289,USER4561,Bangkok,18-10-2024,08-01-2025,Business,Bus,2,3924.04,5
TRIP06290,USER7256,Bangkok,06-07-2024,14-01-2025,Beach,Car,4,2169.36,4
TRIP06291,USER7755,Paris,05-04-2024,13-04-2025,Adventure,Bus,2,2197.31,1
TRIP06292,USER3213,Tokyo,13-04-2024,30-01-2025,Cultural,Bus,3,1033.99,8
TRIP06293,USER8453,Bangkok,14-02-2025,03-04-2025,Cultural,Car,3,4090.48,3
TRIP06294,USER4133,Rome,02-11-2024,11-12-2024,Family,Cruise,1,3368.98,8
TRIP06295,USER2519,Tokyo,01-01-2025,25-03-2025,Cultural,Train,3,576.71,7
TRIP06296,USER5604,Sydney,10-07-2024,14-10-2024,Leisure,Bus,1,3414.64,5
TRIP06297,USER8884,Bangkok,22-02-2025,02-03-2025,Beach,Train,5,2641.47,10
TRIP06298,USER3463,Bangkok,01-02-2025,28-03-2025,Leisure,Cruise,1,1091.43,10
TRIP06299,USER1121,Dubai,26-06-2024,26-01-2025,Family,Flight,2,1002.35,5
TRIP06300,USER3114,Bangkok,31-12-2024,01-02-2025,Beach,Cruise,1,4774.34,8
TRIP06301,USER1238,Rome,25-11-2024,05-01-2025,Adventure,Bus,3,1891.16,2
TRIP06302,USER6310,Barcelona,08-10-2024,24-03-2025,Cultural,Car,5,2841.21,10
TRIP06303,USER8633,New York,07-05-2024,22-10-2024,Beach,Car,4,4428.54,1
TRIP06304,USER7492,Dubai,02-03-2025,11-03-2025,Cultural,Train,3,1175.22,2
TRIP06305,USER4149,Barcelona,28-03-2024,21-11-2024,Leisure,Cruise,3,1126.65,4
TRIP06306,USER6575,Paris,08-01-2025,20-01-2025,Adventure,Train,3,1563.56,5
TRIP06307,USER7803,New York,14-11-2024,04-04-2025,Leisure,Train,2,4846.92,10
TRIP06308,USER5245,Bangkok,19-08-2024,17-11-2024,Family,Cruise,3,4719.79,10
TRIP06309,USER2929,Paris,20-05-2024,08-07-2024,Leisure,Train,3,4796.76,7
TRIP06310,USER5871,Istanbul,10-12-2024,08-02-2025,Adventure,Cruise,2,1904.26,4
TRIP06311,USER8911,Bangkok,22-09-2024,31-01-2025,Leisure,Car,2,3024.54,10
TRIP06312,USER1317,Tokyo,06-01-2025,07-03-2025,Business,Train,3,1700.03,4
TRIP06313,USER2949,Istanbul,27-01-2025,24-03-2025,Family,Car,5,3590.13,7
TRIP06314,USER6189,New York,05-03-2025,07-03-2025,Family,Bus,2,2799.76,5
TRIP06315,USER6068,Paris,06-11-2024,12-02-2025,Family,Train,5,4060.38,5
TRIP06316,USER7590,Dubai,24-10-2024,06-04-2025,Adventure,Car,2,1427.66,1
TRIP06317,USER7925,New York,23-05-2024,17-02-2025,Business,Train,3,4541.55,10
TRIP06318,USER9957,Sydney,11-10-2024,14-01-2025,Cultural,Cruise,5,4657.89,1
TRIP06319,USER5363,Bangkok,12-10-2024,31-01-2025,Family,Cruise,2,1071.85,4
TRIP06320,USER8472,Bangkok,03-12-2024,08-03-2025,Business,Bus,3,2427.22,6
TRIP06321,USER9733,New York,21-10-2024,07-04-2025,Business,Car,2,1531.51,3
TRIP06322,USER7280,Istanbul,25-06-2024,13-04-2025,Beach,Cruise,5,4593.22,6
TRIP06323,USER8624,Rome,28-12-2024,25-03-2025,Business,Train,3,4353.89,7
TRIP06324,USER9084,London,01-03-2025,12-04-2025,Business,Train,4,2779.62,9
TRIP06325,USER4708,New York,11-06-2024,05-02-2025,Leisure,Cruise,1,1086.89,4
TRIP06326,USER8162,Bangkok,16-02-2025,22-03-2025,Business,Bus,2,4689.08,5
TRIP06327,USER4542,London,02-07-2024,19-02-2025,Leisure,Bus,4,3824.93,6
TRIP06328,USER9244,Istanbul,08-05-2024,14-09-2024,Family,Cruise,2,4045.54,9
TRIP06329,USER3876,Sydney,05-07-2024,14-02-2025,Beach,Train,3,1429.52,7
TRIP06330,USER3885,London,05-08-2024,20-08-2024,Cultural,Train,5,1941.85,2
TRIP06331,USER4492,Sydney,01-03-2025,09-03-2025,Cultural,Bus,3,3446.83,5
TRIP06332,USER2634,Paris,02-09-2024,02-01-2025,Cultural,Bus,3,1540.74,3
TRIP06333,USER4019,Tokyo,17-07-2024,06-02-2025,Business,Cruise,1,2472.35,4
TRIP06334,USER8243,London,12-04-2024,18-03-2025,Beach,Bus,1,3661.74,4
TRIP06335,USER6137,Bangkok,09-05-2024,01-09-2024,Leisure,Flight,3,1800.8,4
TRIP06336,USER2959,Paris,07-08-2024,08-10-2024,Family,Bus,1,1127.9,2
TRIP06337,USER6303,Sydney,12-07-2024,15-03-2025,Cultural,Car,3,3122.48,9
TRIP06338,USER3179,London,21-06-2024,06-09-2024,Adventure,Bus,3,4973.55,10
TRIP06339,USER2103,Barcelona,16-10-2024,17-11-2024,Leisure,Flight,2,1408.72,1
TRIP06340,USER2797,Barcelona,23-05-2024,28-03-2025,Business,Train,5,3921.43,10
TRIP06341,USER1675,Dubai,01-10-2024,21-12-2024,Beach,Bus,3,3100.41,7
TRIP06342,USER2956,Dubai,03-10-2024,03-12-2024,Cultural,Bus,4,3090.04,7
TRIP06343,USER8396,Barcelona,16-09-2024,13-04-2025,Family,Cruise,1,3774.65,5
TRIP06344,USER7723,Sydney,03-01-2025,22-03-2025,Leisure,Cruise,2,3059.93,7
TRIP06345,USER1592,New York,07-08-2024,28-11-2024,Family,Flight,4,572.3,8
TRIP06346,USER4313,London,06-04-2024,01-11-2024,Leisure,Cruise,4,2386.65,9
TRIP06347,USER1728,Barcelona,31-03-2024,08-07-2024,Leisure,Train,2,2351.4,5
TRIP06348,USER3856,Tokyo,08-04-2024,20-11-2024,Cultural,Train,2,3862.75,7
TRIP06349,USER8110,New York,29-05-2024,06-09-2024,Cultural,Cruise,1,3040.03,4
TRIP06350,USER6094,London,25-02-2025,07-03-2025,Beach,Flight,1,1950.05,1
TRIP06351,USER1398,Tokyo,14-01-2025,16-01-2025,Leisure,Car,1,4708.28,6
TRIP06352,USER5634,Dubai,09-01-2025,02-02-2025,Adventure,Train,1,3417.82,5
TRIP06353,USER6610,Rome,03-07-2024,10-12-2024,Family,Train,2,3149.93,7
TRIP06354,USER7636,Barcelona,09-09-2024,01-03-2025,Leisure,Car,1,1882.48,2
TRIP06355,USER6754,New York,06-09-2024,13-09-2024,Adventure,Bus,1,3417.66,9
TRIP06356,USER8185,Paris,18-03-2024,21-09-2024,Business,Cruise,4,3966.77,8
TRIP06357,USER9528,Rome,05-06-2024,09-07-2024,Cultural,Cruise,5,1908.23,3
TRIP06358,USER1836,New York,03-09-2024,20-10-2024,Cultural,Flight,4,828.88,5
TRIP06359,USER2782,Tokyo,29-04-2024,26-06-2024,Leisure,Car,3,3526.62,4
TRIP06360,USER8136,Rome,23-03-2024,16-07-2024,Family,Bus,3,1927.7,4
TRIP06361,USER9244,London,14-06-2024,28-10-2024,Cultural,Bus,3,4005.66,7
TRIP06362,USER4320,London,30-05-2024,16-01-2025,Business,Cruise,1,3280.96,2
TRIP06363,USER6361,Tokyo,14-02-2025,30-03-2025,Family,Car,5,1266.37,7
TRIP06364,USER3028,Istanbul,05-07-2024,21-07-2024,Cultural,Cruise,2,4989.21,1
TRIP06365,USER5696,Rome,17-07-2024,14-08-2024,Leisure,Car,4,2211.57,1
TRIP06366,USER3446,Sydney,22-05-2024,05-12-2024,Leisure,Cruise,1,713.64,10
TRIP06367,USER5940,Rome,15-06-2024,13-09-2024,Leisure,Car,2,804.56,2
TRIP06368,USER6685,Sydney,24-04-2024,13-07-2024,Beach,Bus,4,3653.23,5
TRIP06369,USER7239,London,28-01-2025,20-02-2025,Leisure,Car,4,3976.21,5
TRIP06370,USER1493,New York,17-07-2024,22-11-2024,Family,Flight,5,4728.56,6
TRIP06371,USER8153,Istanbul,09-03-2025,18-03-2025,Cultural,Car,2,3875.16,6
TRIP06372,USER9603,New York,18-07-2024,18-03-2025,Family,Bus,3,2969.34,8
TRIP06373,USER4231,Barcelona,19-09-2024,02-03-2025,Cultural,Flight,4,1170.66,1
TRIP06374,USER6275,Dubai,20-07-2024,19-10-2024,Leisure,Cruise,2,3287.4,5
TRIP06375,USER6355,Barcelona,30-04-2024,19-01-2025,Cultural,Cruise,3,3522.83,2
TRIP06376,USER7459,Barcelona,05-08-2024,30-09-2024,Adventure,Flight,2,4926.89,8
TRIP06377,USER3482,Bangkok,08-05-2024,10-02-2025,Leisure,Bus,4,2100.57,8
TRIP06378,USER1466,New York,10-11-2024,14-02-2025,Family,Flight,5,1996.99,10
TRIP06379,USER4625,Paris,10-09-2024,18-02-2025,Cultural,Car,5,1889.47,7
TRIP06380,USER9159,Tokyo,06-10-2024,16-01-2025,Cultural,Train,2,4647.84,1
TRIP06381,USER1801,Tokyo,25-12-2024,28-02-2025,Cultural,Car,5,922.74,4
TRIP06382,USER7630,Rome,28-09-2024,23-11-2024,Adventure,Cruise,4,2683.81,10
TRIP06383,USER1211,New York,06-07-2024,15-09-2024,Leisure,Flight,3,3741.99,5
TRIP06384,USER4922,Rome,23-07-2024,06-01-2025,Adventure,Flight,3,3984.4,4
TRIP06386,USER3414,Paris,16-10-2024,01-04-2025,Business,Train,3,2574.18,1
TRIP06387,USER7053,Bangkok,11-03-2025,23-03-2025,Leisure,Car,1,3175.3,1
TRIP06388,USER2334,Dubai,18-11-2024,10-12-2024,Business,Bus,1,3698.1,7
TRIP06389,USER2566,Rome,09-05-2024,18-06-2024,Beach,Bus,3,4198.05,8
TRIP06390,USER3385,Tokyo,26-02-2025,09-04-2025,Leisure,Bus,1,931.53,6
TRIP06391,USER4096,Rome,07-03-2025,25-03-2025,Family,Flight,2,4777.82,5
TRIP06392,USER1820,New York,19-01-2025,01-03-2025,Family,Car,4,2484.88,3
TRIP06393,USER2524,New York,09-07-2024,13-02-2025,Leisure,Bus,4,3351.33,1
TRIP06394,USER7857,Rome,23-07-2024,27-07-2024,Leisure,Cruise,3,780.37,4
TRIP06395,USER9913,Barcelona,09-12-2024,20-12-2024,Beach,Cruise,3,4990.3,1
TRIP06396,USER8403,London,29-07-2024,15-10-2024,Cultural,Train,2,4426.56,2
TRIP06397,USER1416,Rome,23-04-2024,12-02-2025,Leisure,Cruise,3,3236.53,5
TRIP06398,USER5855,Rome,29-12-2024,31-01-2025,Adventure,Flight,2,3053.9,4
TRIP06399,USER7266,Barcelona,02-01-2025,26-03-2025,Beach,Car,5,814.41,3
TRIP06400,USER4678,London,13-01-2025,14-03-2025,Family,Bus,1,3305.51,5
TRIP06401,USER7727,Bangkok,18-01-2025,12-02-2025,Cultural,Bus,4,588.35,1
TRIP06402,USER3048,Bangkok,30-08-2024,17-10-2024,Leisure,Bus,3,2906.82,3
TRIP06403,USER2521,Bangkok,09-10-2024,04-02-2025,Adventure,Flight,5,3689.68,5
TRIP06404,USER5416,Paris,17-05-2024,30-08-2024,Business,Cruise,3,1238.86,6
TRIP06405,USER3904,London,10-01-2025,03-04-2025,Business,Train,3,3081.95,2
TRIP06406,USER9523,London,10-02-2025,09-03-2025,Adventure,Car,5,3819.22,6
TRIP06407,USER2296,Tokyo,26-09-2024,10-02-2025,Family,Flight,4,2867.12,8
TRIP06408,USER4207,Tokyo,19-10-2024,27-10-2024,Cultural,Car,4,1625.18,10
TRIP06409,USER9554,London,03-01-2025,09-04-2025,Leisure,Flight,1,4914.47,8
TRIP06410,USER7643,Dubai,12-10-2024,21-10-2024,Beach,Cruise,3,4433.49,6
TRIP06411,USER8577,Bangkok,01-04-2024,27-09-2024,Adventure,Flight,5,3281.07,4
TRIP06412,USER4069,Bangkok,27-06-2024,06-07-2024,Family,Flight,3,4310.5,2
TRIP06413,USER6163,Istanbul,25-01-2025,28-01-2025,Cultural,Car,1,2810.54,10
TRIP06414,USER6186,Paris,24-04-2024,18-11-2024,Business,Flight,3,1727.3,8
TRIP06415,USER5579,Sydney,01-01-2025,26-02-2025,Business,Car,5,4680.33,5
TRIP06416,USER6034,Bangkok,16-06-2024,16-01-2025,Leisure,Car,1,4812.89,7
TRIP06417,USER8865,Rome,10-02-2025,07-03-2025,Leisure,Flight,3,4349.01,8
TRIP06418,USER2010,Tokyo,29-03-2024,20-06-2024,Family,Cruise,1,916.54,8
TRIP06420,USER6327,London,14-10-2024,21-02-2025,Family,Cruise,1,4194.72,8
TRIP06421,USER1881,Paris,24-06-2024,08-07-2024,Family,Cruise,2,553.59,5
TRIP06422,USER1318,London,20-07-2024,08-09-2024,Beach,Cruise,4,3333.92,7
TRIP06423,USER9990,Dubai,06-09-2024,22-11-2024,Cultural,Flight,4,3624.84,8
TRIP06424,USER7489,Istanbul,01-03-2025,14-04-2025,Leisure,Car,4,4453.84,2
TRIP06425,USER2027,New York,31-08-2024,12-11-2024,Cultural,Car,2,3790.89,8
TRIP06426,USER8827,London,12-12-2024,13-01-2025,Adventure,Car,3,2384.79,2
TRIP06427,USER6454,Rome,08-05-2024,29-06-2024,Adventure,Train,1,3244.04,9
TRIP06428,USER5956,Barcelona,28-07-2024,09-04-2025,Family,Car,1,4461.67,6
TRIP06429,USER1710,Dubai,02-12-2024,26-12-2024,Family,Bus,4,3793.08,6
TRIP06430,USER8481,Dubai,01-03-2025,16-03-2025,Leisure,Cruise,4,2463.63,7
TRIP06431,USER8448,London,02-10-2024,04-10-2024,Leisure,Cruise,5,1596.42,1
TRIP06432,USER3180,New York,28-12-2024,10-03-2025,Adventure,Train,1,2209.25,7
TRIP06433,USER9865,New York,27-12-2024,02-02-2025,Adventure,Bus,5,806.95,3
TRIP06434,USER1985,Rome,19-05-2024,14-11-2024,Cultural,Car,2,2496.42,7
TRIP06435,USER9518,Bangkok,23-06-2024,12-04-2025,Family,Flight,2,2752.36,5
TRIP06436,USER8837,Sydney,02-07-2024,05-03-2025,Business,Bus,5,1367.83,7
TRIP06437,USER1435,Rome,27-02-2025,26-03-2025,Beach,Car,3,2459.25,2
TRIP06438,USER3898,Rome,20-11-2024,29-01-2025,Family,Bus,2,2056.65,1
TRIP06439,USER3153,Sydney,01-01-2025,22-03-2025,Family,Cruise,3,3040.35,5
TRIP06440,USER6986,Tokyo,13-11-2024,15-12-2024,Cultural,Bus,3,3542.13,3
TRIP06441,USER1748,Dubai,05-12-2024,20-01-2025,Leisure,Train,3,783.3,1
TRIP06442,USER1883,Dubai,10-03-2025,07-04-2025,Adventure,Train,3,1534.02,8
TRIP06443,USER2112,Istanbul,09-04-2024,16-02-2025,Cultural,Car,4,2291.45,7
TRIP06444,USER1494,Bangkok,09-02-2025,09-04-2025,Beach,Car,2,2818.16,6
TRIP06445,USER2419,London,08-10-2024,25-02-2025,Adventure,Car,1,3461.69,2
TRIP06446,USER1186,Rome,27-04-2024,02-02-2025,Business,Train,3,1618.06,7
TRIP06447,USER9731,Dubai,01-12-2024,22-12-2024,Cultural,Train,2,3669.19,9
TRIP06448,USER3682,London,08-12-2024,13-01-2025,Beach,Car,1,4693.28,2
TRIP06449,USER2852,Barcelona,20-08-2024,17-01-2025,Cultural,Car,4,3204.47,9
TRIP06450,USER1098,New York,21-10-2024,01-01-2025,Cultural,Train,2,3881.93,6
TRIP06451,USER7048,Paris,09-09-2024,08-12-2024,Business,Flight,4,3058.13,8
TRIP06452,USER1420,Rome,25-12-2024,21-02-2025,Business,Car,3,1219.75,4
TRIP06453,USER1983,Tokyo,03-07-2024,15-03-2025,Family,Cruise,2,1409.87,3
TRIP06454,USER7493,Rome,27-01-2025,30-01-2025,Beach,Car,4,879.38,5
TRIP06455,USER8944,Dubai,07-10-2024,11-12-2024,Cultural,Flight,5,1882.84,5
TRIP06456,USER9755,New York,10-01-2025,12-01-2025,Adventure,Car,2,952.05,2
TRIP06457,USER5273,Barcelona,14-11-2024,03-02-2025,Cultural,Flight,2,4619.4,4
TRIP06458,USER1233,Barcelona,11-12-2024,27-12-2024,Adventure,Flight,5,3774.19,2
TRIP06459,USER8389,Rome,25-02-2025,04-04-2025,Business,Car,1,2913.53,9
TRIP06460,USER6313,London,11-03-2025,17-03-2025,Cultural,Bus,4,2662.34,10
TRIP06461,USER4439,Istanbul,27-08-2024,26-10-2024,Family,Flight,3,3834.63,7
TRIP06462,USER8053,Tokyo,07-10-2024,16-11-2024,Adventure,Train,5,4944.81,8
TRIP06463,USER3934,Istanbul,03-10-2024,01-01-2025,Adventure,Flight,5,4032.48,7
TRIP06464,USER9843,London,21-05-2024,04-07-2024,Cultural,Bus,4,3988.37,5
TRIP06465,USER9619,Paris,31-10-2024,03-02-2025,Family,Bus,1,4635.82,7
TRIP06466,USER8844,London,04-01-2025,05-03-2025,Adventure,Car,2,3904.39,7
TRIP06467,USER3523,Tokyo,05-02-2025,05-04-2025,Adventure,Cruise,2,1686.94,9
TRIP06468,USER3224,London,09-08-2024,30-09-2024,Cultural,Car,1,2993.5,1
TRIP06469,USER2845,Bangkok,06-08-2024,05-09-2024,Business,Bus,2,1632.45,6
TRIP06470,USER6046,Tokyo,05-11-2024,10-04-2025,Family,Train,5,3729.81,10
TRIP06471,USER6043,Dubai,01-02-2025,21-03-2025,Cultural,Train,1,3052.88,7
TRIP06472,USER6492,Istanbul,13-04-2024,26-01-2025,Leisure,Car,5,2377.04,5
TRIP06473,USER7559,Paris,08-12-2024,27-12-2024,Cultural,Bus,2,993,6
TRIP06474,USER7522,Istanbul,20-08-2024,20-01-2025,Cultural,Bus,3,2209.32,1
TRIP06475,USER5275,Bangkok,14-09-2024,29-01-2025,Beach,Flight,5,1805.92,9
TRIP06476,USER3667,Barcelona,08-04-2024,25-03-2025,Business,Flight,3,4932.12,7
TRIP06477,USER3698,Paris,11-08-2024,15-10-2024,Family,Cruise,2,4847.75,1
TRIP06478,USER3712,Sydney,10-10-2024,15-10-2024,Business,Flight,3,4142.05,4
TRIP06479,USER8061,Paris,22-09-2024,30-01-2025,Leisure,Car,2,1758.31,7
TRIP06480,USER6774,Dubai,13-06-2024,20-01-2025,Family,Cruise,3,821.54,10
TRIP06481,USER4187,Dubai,25-07-2024,25-03-2025,Adventure,Train,1,4335.17,2
TRIP06482,USER4591,Paris,07-05-2024,27-08-2024,Leisure,Train,1,3426.84,5
TRIP06483,USER6880,Paris,10-04-2024,26-01-2025,Adventure,Car,2,4849.33,1
TRIP06484,USER8091,New York,14-01-2025,11-03-2025,Cultural,Car,2,1767.18,4
TRIP06485,USER2632,New York,15-07-2024,25-03-2025,Business,Bus,4,1893.75,3
TRIP06486,USER6044,Sydney,19-04-2024,23-06-2024,Business,Train,1,743.22,5
TRIP06487,USER9630,London,13-08-2024,07-09-2024,Beach,Train,4,2612.03,5
TRIP06488,USER7878,Dubai,19-11-2024,19-12-2024,Beach,Bus,1,1732.42,9
TRIP06489,USER6952,Rome,08-11-2024,26-01-2025,Leisure,Bus,5,1973.29,10
TRIP06490,USER5167,Paris,15-08-2024,18-11-2024,Leisure,Bus,3,2651.02,5
TRIP06491,USER3838,Bangkok,22-02-2025,08-03-2025,Beach,Train,5,2550.67,3
TRIP06492,USER5019,Tokyo,02-03-2025,23-03-2025,Leisure,Bus,1,3791.76,7
TRIP06493,USER4472,New York,04-09-2024,22-11-2024,Leisure,Train,5,985.08,1
TRIP06494,USER2348,Dubai,03-03-2025,19-03-2025,Family,Car,5,3813.13,10
TRIP06495,USER7580,Paris,04-08-2024,18-09-2024,Cultural,Cruise,3,686.18,5
TRIP06496,USER3335,Istanbul,15-02-2025,17-03-2025,Family,Cruise,5,3626.47,3
TRIP06497,USER2934,Rome,17-06-2024,20-09-2024,Business,Cruise,2,2572.29,9
TRIP06498,USER1189,London,03-05-2024,09-07-2024,Family,Bus,5,2428.84,7
TRIP06499,USER2829,Barcelona,30-12-2024,25-02-2025,Cultural,Train,5,4268.6,7
TRIP06500,USER2866,London,14-03-2025,24-03-2025,Leisure,Car,5,1237.94,5
TRIP06501,USER8028,Dubai,14-09-2024,28-10-2024,Family,Flight,4,2372.03,9
TRIP06502,USER8630,London,22-01-2025,06-04-2025,Family,Flight,3,2319.35,3
TRIP06503,USER4312,Tokyo,13-06-2024,01-12-2024,Cultural,Flight,5,3745.47,9
TRIP06504,USER3925,London,22-09-2024,12-12-2024,Leisure,Car,2,881.46,10
TRIP06505,USER9847,New York,01-09-2024,24-12-2024,Adventure,Car,1,1603.06,4
TRIP06506,USER1638,Paris,31-10-2024,11-01-2025,Leisure,Flight,5,3455.02,10
TRIP06507,USER4590,Dubai,21-07-2024,11-10-2024,Family,Bus,3,655.41,1
TRIP06508,USER8811,Dubai,21-08-2024,27-12-2024,Leisure,Train,1,3144.92,10
TRIP06509,USER8572,Dubai,13-05-2024,21-11-2024,Adventure,Car,4,899.62,7
TRIP06510,USER9737,Bangkok,04-04-2024,10-11-2024,Cultural,Car,1,4909.61,1
TRIP06511,USER3489,Sydney,23-04-2024,05-06-2024,Beach,Car,5,3725.11,6
TRIP06512,USER5025,New York,20-10-2024,25-03-2025,Adventure,Train,2,3352.64,3
TRIP06513,USER5495,Bangkok,09-12-2024,12-01-2025,Adventure,Cruise,1,4813.8,1
TRIP06514,USER2999,Dubai,05-11-2024,03-12-2024,Cultural,Cruise,1,1472.43,7
TRIP06515,USER7295,Sydney,04-08-2024,09-09-2024,Beach,Cruise,3,1330.93,8
TRIP06516,USER8722,Dubai,18-09-2024,17-11-2024,Adventure,Car,1,2882.6,7
TRIP06517,USER8670,Tokyo,12-04-2024,29-03-2025,Adventure,Flight,5,2981.89,7
TRIP06519,USER4776,Paris,14-11-2024,04-12-2024,Adventure,Car,2,527.73,9
TRIP06520,USER3516,Istanbul,20-11-2024,26-03-2025,Business,Car,2,1602.24,1
TRIP06521,USER1040,London,23-08-2024,24-12-2024,Business,Bus,2,3734.34,10
TRIP06522,USER7083,Barcelona,19-11-2024,30-03-2025,Business,Train,3,1934.02,8
TRIP06523,USER7962,Rome,23-07-2024,15-08-2024,Business,Train,1,2494.38,10
TRIP06524,USER8642,London,02-04-2024,04-04-2024,Business,Flight,1,4808.66,10
TRIP06525,USER5203,Rome,22-12-2024,23-02-2025,Adventure,Train,3,3538.03,7
TRIP06526,USER4962,London,20-09-2024,09-03-2025,Cultural,Train,1,4735.62,4
TRIP06527,USER8461,Sydney,20-10-2024,18-12-2024,Family,Bus,4,4030.11,9
TRIP06528,USER9960,Istanbul,07-06-2024,20-12-2024,Cultural,Car,2,4462.04,4
TRIP06529,USER8841,Rome,12-12-2024,03-04-2025,Family,Bus,1,1315.96,8
TRIP06530,USER5151,Dubai,11-01-2025,02-03-2025,Cultural,Cruise,3,2803.67,10
TRIP06531,USER1678,Barcelona,09-08-2024,10-03-2025,Leisure,Car,4,2863.55,6
TRIP06532,USER4770,Dubai,07-06-2024,17-01-2025,Business,Train,5,3788.77,1
TRIP06533,USER7760,Tokyo,16-06-2024,20-12-2024,Beach,Flight,2,1702.33,10
TRIP06534,USER5526,Barcelona,18-12-2024,04-01-2025,Business,Bus,4,3816.29,10
TRIP06535,USER4942,Rome,19-11-2024,06-12-2024,Beach,Train,3,3055.47,2
TRIP06536,USER5736,New York,26-04-2024,03-10-2024,Business,Cruise,3,3360.86,4
TRIP06537,USER2074,Rome,09-11-2024,12-01-2025,Family,Cruise,2,4190.37,8
TRIP06538,USER2868,New York,14-01-2025,16-03-2025,Business,Bus,4,1377.32,7
TRIP06539,USER9463,Istanbul,19-06-2024,14-12-2024,Leisure,Car,1,2928.19,3
TRIP06540,USER1510,Paris,02-11-2024,25-01-2025,Cultural,Car,1,2898.72,2
TRIP06541,USER9613,Rome,21-08-2024,03-03-2025,Beach,Cruise,3,788.43,5
TRIP06542,USER2072,Dubai,03-03-2025,15-04-2025,Family,Cruise,2,3521.85,7
TRIP06543,USER5576,Rome,28-06-2024,19-03-2025,Adventure,Bus,3,990.73,4
TRIP06544,USER6189,New York,16-01-2025,14-04-2025,Family,Train,3,4045.36,5
TRIP06545,USER8975,New York,26-01-2025,26-03-2025,Beach,Car,4,4606.21,10
TRIP06546,USER3943,New York,22-10-2024,16-02-2025,Leisure,Car,5,1864.3,9
TRIP06547,USER8312,Bangkok,11-03-2025,11-03-2025,Business,Cruise,5,1951.01,6
TRIP06548,USER1817,Sydney,22-08-2024,26-11-2024,Adventure,Cruise,5,4188.47,10
TRIP06549,USER4301,Tokyo,05-01-2025,07-01-2025,Beach,Cruise,3,1420.32,7
TRIP06550,USER9255,Rome,06-11-2024,04-04-2025,Adventure,Cruise,2,2865.62,1
TRIP06551,USER3155,New York,01-09-2024,04-11-2024,Business,Flight,5,945.27,4
TRIP06552,USER1093,Paris,29-10-2024,20-01-2025,Beach,Train,3,815.53,10
TRIP06553,USER1754,Sydney,01-04-2024,04-04-2024,Business,Cruise,3,2524.16,9
TRIP06554,USER7724,New York,22-11-2024,08-04-2025,Beach,Flight,4,3134.57,4
TRIP06555,USER7235,New York,08-07-2024,09-08-2024,Family,Bus,2,1658.35,3
TRIP06556,USER1880,Bangkok,21-03-2024,24-02-2025,Business,Train,5,4170.82,7
TRIP06557,USER1933,Paris,03-08-2024,22-03-2025,Cultural,Cruise,5,3918.83,3
TRIP06558,USER5017,Paris,16-04-2024,23-01-2025,Cultural,Bus,2,3044.93,5
TRIP06559,USER3330,Rome,22-09-2024,07-03-2025,Leisure,Cruise,3,3337.82,7
TRIP06560,USER2372,Tokyo,05-01-2025,06-01-2025,Cultural,Car,5,1143.83,4
TRIP06561,USER9404,New York,31-10-2024,19-11-2024,Cultural,Cruise,4,4140.8,10
TRIP06562,USER9856,New York,20-06-2024,13-10-2024,Business,Car,4,1455.75,2
TRIP06563,USER3103,Dubai,24-03-2024,30-12-2024,Leisure,Train,3,586.27,9
TRIP06564,USER8100,London,06-06-2024,21-01-2025,Family,Flight,2,3697.79,10
TRIP06565,USER4058,Tokyo,18-06-2024,12-07-2024,Adventure,Flight,5,2449.25,6
TRIP06566,USER4646,London,09-04-2024,19-04-2024,Business,Train,2,3533.52,1
TRIP06567,USER4943,Istanbul,07-12-2024,18-01-2025,Business,Car,3,4500.76,2
TRIP06568,USER3261,Rome,21-04-2024,21-10-2024,Beach,Bus,4,4528.31,8
TRIP06569,USER6960,Rome,20-06-2024,18-08-2024,Adventure,Cruise,4,4117.12,1
TRIP06570,USER5953,Bangkok,19-10-2024,23-12-2024,Adventure,Flight,4,1582.58,1
TRIP06571,USER1482,London,13-01-2025,16-01-2025,Family,Train,2,756.3,7
TRIP06572,USER6832,Dubai,02-07-2024,21-10-2024,Family,Cruise,3,603.32,2
TRIP06573,USER9003,Paris,29-03-2024,07-10-2024,Beach,Flight,3,3865.33,3
TRIP06574,USER1185,Rome,15-06-2024,18-06-2024,Beach,Bus,4,1745.53,8
TRIP06575,USER8550,Tokyo,31-05-2024,29-06-2024,Beach,Car,2,1463.7,4
TRIP06576,USER8451,New York,14-09-2024,06-11-2024,Leisure,Flight,3,4335.94,8
TRIP06577,USER5436,Sydney,06-11-2024,14-11-2024,Adventure,Flight,3,1444.63,3
TRIP06578,USER3994,Istanbul,20-02-2025,24-03-2025,Leisure,Flight,1,3277.97,8
TRIP06579,USER8812,Tokyo,23-08-2024,27-10-2024,Family,Train,3,1994.83,7
TRIP06580,USER2625,Bangkok,28-09-2024,28-03-2025,Adventure,Cruise,4,3019.05,8
TRIP06581,USER2654,Paris,21-04-2024,13-09-2024,Adventure,Train,2,2688.41,8
TRIP06582,USER6780,Rome,22-06-2024,10-11-2024,Family,Car,4,4948.48,5
TRIP06583,USER5000,Rome,30-08-2024,24-02-2025,Adventure,Train,3,4292.44,8
TRIP06584,USER1308,London,17-02-2025,20-03-2025,Leisure,Car,2,1981.87,2
TRIP06585,USER2294,Sydney,06-06-2024,05-01-2025,Beach,Train,4,998.18,6
TRIP06586,USER3731,New York,02-03-2025,27-03-2025,Family,Train,3,666.46,5
TRIP06587,USER3753,London,25-12-2024,08-04-2025,Adventure,Bus,2,3700.45,9
TRIP06588,USER8644,Dubai,23-11-2024,29-11-2024,Cultural,Flight,4,1599.77,1
TRIP06589,USER5142,London,30-01-2025,08-03-2025,Family,Flight,1,4369.84,8
TRIP06590,USER3146,Paris,15-06-2024,24-10-2024,Leisure,Bus,2,3540.98,9
TRIP06591,USER8921,London,30-07-2024,12-04-2025,Business,Cruise,3,2740.37,2
TRIP06592,USER8502,Rome,20-04-2024,23-07-2024,Leisure,Car,5,3922.34,10
TRIP06593,USER5425,London,20-05-2024,29-03-2025,Adventure,Car,1,2939.25,6
TRIP06594,USER4704,Dubai,01-09-2024,09-09-2024,Family,Flight,1,1213.75,7
TRIP06595,USER1238,Bangkok,06-09-2024,01-10-2024,Business,Bus,1,4029.12,4
TRIP06596,USER1998,Sydney,28-12-2024,03-02-2025,Business,Train,3,1187.42,9
TRIP06597,USER8230,Dubai,11-05-2024,15-06-2024,Business,Bus,5,2246.37,1
TRIP06598,USER8423,Tokyo,04-07-2024,27-12-2024,Beach,Train,4,1295.53,2
TRIP06599,USER5964,Dubai,14-11-2024,16-11-2024,Cultural,Flight,4,2403.42,3
TRIP06600,USER2714,New York,10-03-2025,19-03-2025,Cultural,Car,3,2147.03,7
TRIP06601,USER5359,Paris,09-04-2024,16-11-2024,Family,Car,3,1417.34,7
TRIP06602,USER9696,Sydney,21-12-2024,21-12-2024,Cultural,Bus,1,1290.04,9
TRIP06603,USER7721,Rome,05-09-2024,09-12-2024,Family,Car,3,2917.27,3
TRIP06604,USER7813,New York,24-08-2024,15-10-2024,Leisure,Car,5,1781.22,8
TRIP06605,USER2192,Paris,05-05-2024,24-11-2024,Cultural,Cruise,2,4615.65,2
TRIP06606,USER4019,London,09-02-2025,11-02-2025,Family,Bus,2,2094.4,3
TRIP06607,USER2533,Paris,23-10-2024,28-11-2024,Family,Flight,3,4625.94,4
TRIP06608,USER2859,Bangkok,31-12-2024,28-02-2025,Family,Flight,2,4544.7,5
TRIP06609,USER1024,Rome,20-07-2024,11-03-2025,Cultural,Train,2,3691.55,9
TRIP06610,USER5804,Tokyo,18-06-2024,02-03-2025,Business,Train,3,2138.18,8
TRIP06611,USER2876,Sydney,01-05-2024,23-05-2024,Leisure,Flight,1,3497.07,2
TRIP06612,USER1426,Tokyo,17-05-2024,24-03-2025,Leisure,Train,1,921.9,6
TRIP06613,USER4003,Barcelona,04-11-2024,05-04-2025,Cultural,Train,3,4195.49,10
TRIP06614,USER4906,Dubai,13-06-2024,28-03-2025,Beach,Flight,4,3109.81,5
TRIP06615,USER9440,London,28-11-2024,11-03-2025,Beach,Train,5,2675.29,3
TRIP06616,USER3159,Sydney,05-06-2024,13-03-2025,Family,Bus,3,4026.14,10
TRIP06617,USER3288,Tokyo,04-03-2025,11-04-2025,Family,Flight,2,614.51,6
TRIP06618,USER4072,Sydney,28-02-2025,01-04-2025,Family,Cruise,4,4560.3,6
TRIP06619,USER3496,Istanbul,09-06-2024,31-10-2024,Family,Bus,2,3705.41,7
TRIP06620,USER9944,Bangkok,28-06-2024,05-09-2024,Family,Flight,4,1734.23,7
TRIP06621,USER6354,Dubai,19-06-2024,29-01-2025,Leisure,Train,4,1051.18,2
TRIP06622,USER5398,Paris,03-01-2025,10-03-2025,Adventure,Bus,3,1347.52,9
TRIP06623,USER9081,London,23-10-2024,10-04-2025,Leisure,Train,3,4318.04,10
TRIP06624,USER1390,Rome,10-07-2024,17-02-2025,Adventure,Bus,3,3623.23,4
TRIP06625,USER2145,Paris,14-08-2024,18-02-2025,Adventure,Flight,5,1488.85,2
TRIP06626,USER1267,Tokyo,02-10-2024,23-02-2025,Beach,Flight,1,4863.88,5
TRIP06627,USER8263,New York,06-06-2024,13-07-2024,Beach,Bus,2,807.92,10
TRIP06628,USER3346,New York,03-04-2024,09-05-2024,Adventure,Bus,3,3524.47,4
TRIP06629,USER1286,Sydney,12-02-2025,14-03-2025,Beach,Cruise,2,4047.11,3
TRIP06630,USER4967,Barcelona,21-09-2024,30-03-2025,Family,Flight,1,3891.78,5
TRIP06631,USER9225,Tokyo,04-04-2024,27-07-2024,Cultural,Flight,1,1243.7,10
TRIP06632,USER8841,New York,12-01-2025,25-02-2025,Cultural,Train,5,1033.62,7
TRIP06633,USER3568,London,19-01-2025,19-03-2025,Cultural,Flight,1,4545.8,10
TRIP06634,USER4646,Tokyo,20-02-2025,21-03-2025,Family,Flight,4,4114.01,1
TRIP06635,USER4821,New York,15-02-2025,08-04-2025,Adventure,Car,4,2323.16,5
TRIP06636,USER8086,Paris,14-10-2024,18-10-2024,Family,Flight,5,617.78,8
TRIP06637,USER6584,London,04-09-2024,21-09-2024,Leisure,Cruise,5,3259.51,2
TRIP06638,USER5461,Istanbul,31-10-2024,15-03-2025,Family,Bus,1,3392.16,2
TRIP06639,USER7565,London,14-10-2024,24-03-2025,Beach,Bus,4,2687.66,3
TRIP06640,USER1265,Bangkok,25-02-2025,16-03-2025,Cultural,Cruise,3,2648.73,1
TRIP06641,USER6709,Barcelona,09-07-2024,21-01-2025,Leisure,Car,1,2432.41,2
TRIP06642,USER6161,London,24-01-2025,13-02-2025,Business,Cruise,5,1952.6,4
TRIP06643,USER2243,Bangkok,21-02-2025,30-03-2025,Business,Flight,5,4288.92,2
TRIP06644,USER9499,Bangkok,03-05-2024,10-11-2024,Beach,Flight,5,4377.76,7
TRIP06645,USER9883,Bangkok,04-12-2024,19-02-2025,Cultural,Car,3,4675.9,10
TRIP06646,USER9698,Paris,04-05-2024,17-03-2025,Business,Train,4,1680.95,5
TRIP06647,USER4928,Tokyo,14-01-2025,23-02-2025,Family,Train,4,3789.71,9
TRIP06648,USER7049,London,01-11-2024,04-12-2024,Leisure,Cruise,2,4619.74,1
TRIP06649,USER8565,Bangkok,21-09-2024,22-01-2025,Beach,Cruise,4,766.55,6
TRIP06650,USER4964,Rome,10-10-2024,21-10-2024,Family,Flight,3,4568.09,5
TRIP06651,USER6270,London,17-01-2025,01-04-2025,Business,Bus,5,2595.85,7
TRIP06652,USER5534,Istanbul,27-01-2025,28-02-2025,Cultural,Train,3,1185.39,9
TRIP06653,USER1768,Paris,28-06-2024,24-01-2025,Family,Flight,3,3445.91,9
TRIP06654,USER2644,London,27-04-2024,11-04-2025,Beach,Car,4,3219.11,4
TRIP06655,USER1938,Istanbul,03-10-2024,13-10-2024,Business,Car,1,2099.94,8
TRIP06656,USER2237,Istanbul,16-09-2024,27-12-2024,Leisure,Flight,3,4526.82,9
TRIP06657,USER6678,Dubai,28-12-2024,03-04-2025,Leisure,Cruise,3,3537.52,7
TRIP06658,USER4058,London,11-10-2024,01-03-2025,Cultural,Train,4,3760.79,9
TRIP06659,USER1718,Rome,15-03-2025,06-04-2025,Cultural,Cruise,2,4343.2,1
TRIP06660,USER6721,Rome,21-09-2024,11-02-2025,Adventure,Train,4,686.4,9
TRIP06661,USER5579,Istanbul,18-03-2024,13-06-2024,Leisure,Train,1,2706.77,10
TRIP06662,USER8036,London,09-08-2024,23-09-2024,Business,Bus,3,3956.7,9
TRIP06663,USER4716,Dubai,02-12-2024,29-03-2025,Family,Bus,2,4053.57,7
TRIP06664,USER9889,Dubai,16-05-2024,10-10-2024,Beach,Car,3,4076.13,3
TRIP06665,USER5660,London,07-06-2024,01-10-2024,Business,Train,4,1519.37,9
TRIP06666,USER7368,New York,02-05-2024,26-02-2025,Leisure,Bus,1,3463.47,4
TRIP06667,USER1381,Dubai,08-08-2024,13-01-2025,Cultural,Cruise,3,2559.33,1
TRIP06668,USER7900,Istanbul,18-12-2024,08-04-2025,Business,Flight,4,4600.85,6
TRIP06669,USER7585,Barcelona,26-06-2024,02-10-2024,Business,Bus,4,3258.47,10
TRIP06670,USER4378,Bangkok,19-05-2024,09-09-2024,Beach,Cruise,3,864.41,1
TRIP06671,USER4570,Istanbul,25-11-2024,25-11-2024,Cultural,Car,2,2952.16,7
TRIP06672,USER5341,Sydney,24-03-2024,04-05-2024,Family,Train,2,3068.35,1
TRIP06673,USER2540,Paris,24-10-2024,30-01-2025,Family,Flight,1,4816.21,3
TRIP06674,USER8616,Paris,27-04-2024,18-01-2025,Cultural,Bus,4,3738.28,2
TRIP06675,USER5594,Barcelona,31-12-2024,04-03-2025,Adventure,Train,4,4836.09,4
TRIP06676,USER9499,Sydney,07-07-2024,03-03-2025,Business,Car,3,1619.05,9
TRIP06677,USER3131,Paris,14-06-2024,04-03-2025,Family,Train,2,2703.17,1
TRIP06678,USER3151,Barcelona,09-09-2024,10-09-2024,Beach,Cruise,5,1706.98,5
TRIP06679,USER8706,Rome,29-01-2025,05-04-2025,Adventure,Bus,3,2919.52,8
TRIP06680,USER1034,Rome,15-04-2024,12-08-2024,Business,Bus,4,3925.26,7
TRIP06681,USER2835,Tokyo,05-01-2025,12-03-2025,Beach,Bus,1,1485.12,5
TRIP06682,USER5684,Bangkok,08-06-2024,28-06-2024,Family,Flight,4,1011.3,10
TRIP06683,USER1351,Rome,18-10-2024,19-03-2025,Cultural,Cruise,2,4275.26,3
TRIP06684,USER1125,Sydney,28-04-2024,03-09-2024,Family,Train,5,2236.52,2
TRIP06685,USER1515,Sydney,12-01-2025,15-01-2025,Cultural,Bus,4,4779.02,3
TRIP06686,USER6079,Barcelona,08-12-2024,03-04-2025,Adventure,Cruise,1,1591.57,5
TRIP06687,USER6544,Dubai,12-03-2025,28-03-2025,Adventure,Cruise,2,1997.07,1
TRIP06689,USER5811,Dubai,04-12-2024,14-02-2025,Beach,Bus,2,4259.99,1
TRIP06690,USER6464,Bangkok,14-12-2024,23-01-2025,Cultural,Train,3,4620.35,4
TRIP06691,USER4472,Paris,16-08-2024,14-02-2025,Adventure,Cruise,4,4165.11,6
TRIP06692,USER2606,Bangkok,24-10-2024,28-11-2024,Beach,Bus,1,4452.33,3
TRIP06693,USER1241,London,29-08-2024,07-01-2025,Cultural,Bus,4,1208.66,4
TRIP06694,USER8376,Bangkok,12-04-2024,12-03-2025,Beach,Cruise,5,1954.03,10
TRIP06695,USER1425,Dubai,30-09-2024,16-10-2024,Leisure,Train,4,4560.24,4
TRIP06696,USER4947,Rome,17-09-2024,17-10-2024,Family,Flight,3,1290.75,1
TRIP06697,USER1272,Sydney,01-06-2024,18-12-2024,Business,Train,4,2053.5,7
TRIP06698,USER7991,Dubai,26-02-2025,01-03-2025,Cultural,Cruise,2,1393.52,5
TRIP06699,USER2657,Sydney,10-07-2024,20-10-2024,Cultural,Bus,2,1909.62,3
TRIP06700,USER8524,Dubai,29-10-2024,22-01-2025,Beach,Flight,3,2332.3,10
TRIP06701,USER2020,Bangkok,26-09-2024,15-03-2025,Beach,Cruise,3,779.81,2
TRIP06702,USER5122,London,07-05-2024,22-08-2024,Business,Flight,2,4617.57,10
TRIP06703,USER5317,Paris,28-04-2024,15-08-2024,Cultural,Bus,5,1902.14,5
TRIP06705,USER4369,Paris,31-08-2024,26-01-2025,Adventure,Cruise,3,4565.16,4
TRIP06706,USER3502,Paris,09-08-2024,24-12-2024,Adventure,Bus,2,4388.24,3
TRIP06707,USER8854,Rome,23-11-2024,01-02-2025,Beach,Flight,4,1027.32,3
TRIP06708,USER1628,Dubai,19-09-2024,11-04-2025,Business,Car,2,847.06,7
TRIP06709,USER9054,Bangkok,10-07-2024,04-04-2025,Business,Bus,1,567.23,4
TRIP06710,USER1356,Barcelona,17-03-2024,21-11-2024,Business,Cruise,4,3625.78,2
TRIP06711,USER6495,Paris,21-06-2024,07-09-2024,Leisure,Cruise,1,3391.32,7
TRIP06712,USER3762,Sydney,23-12-2024,07-02-2025,Cultural,Cruise,2,2441.91,7
TRIP06713,USER7775,Barcelona,28-10-2024,15-04-2025,Leisure,Cruise,1,1166.1,3
TRIP06714,USER7779,Istanbul,08-01-2025,14-03-2025,Cultural,Flight,5,3831.44,8
TRIP06715,USER8937,Istanbul,25-07-2024,15-09-2024,Adventure,Train,1,3073,5
TRIP06716,USER2639,Paris,27-01-2025,08-03-2025,Business,Cruise,1,2443.17,6
TRIP06717,USER3897,New York,18-02-2025,09-03-2025,Business,Cruise,3,4508.71,4
TRIP06718,USER7298,Istanbul,09-01-2025,28-03-2025,Family,Cruise,5,1716.08,5
TRIP06719,USER9813,London,07-06-2024,03-10-2024,Leisure,Cruise,3,4584.8,1
TRIP06720,USER8678,New York,07-02-2025,01-04-2025,Leisure,Car,1,4371.83,1
TRIP06721,USER4459,Dubai,29-12-2024,30-12-2024,Beach,Flight,2,3666.05,6
TRIP06722,USER7249,London,06-10-2024,25-02-2025,Family,Cruise,1,2006.46,1
TRIP06723,USER1890,New York,10-08-2024,25-01-2025,Cultural,Car,1,1787.82,3
TRIP06724,USER6128,Sydney,27-01-2025,10-04-2025,Beach,Car,1,3810.28,10
TRIP06725,USER8785,Rome,28-10-2024,14-11-2024,Family,Bus,2,1456.99,5
TRIP06726,USER3865,Rome,24-06-2024,23-02-2025,Cultural,Car,1,1395.67,7
TRIP06727,USER2262,Bangkok,16-08-2024,16-03-2025,Adventure,Cruise,1,1521.01,1
TRIP06728,USER6561,Bangkok,12-08-2024,26-12-2024,Leisure,Flight,4,3688.99,10
TRIP06729,USER4428,Bangkok,30-11-2024,30-12-2024,Adventure,Bus,3,2723.34,9
TRIP06730,USER8260,Rome,05-05-2024,29-12-2024,Cultural,Train,4,3607.76,7
TRIP06731,USER8029,Tokyo,14-05-2024,15-07-2024,Adventure,Train,4,2638.6,8
TRIP06732,USER8569,Barcelona,04-09-2024,20-09-2024,Family,Cruise,4,2511.62,8
TRIP06733,USER3905,Rome,15-04-2024,19-10-2024,Beach,Bus,2,1780.38,10
TRIP06734,USER1693,New York,29-05-2024,05-11-2024,Beach,Flight,4,1269.08,9
TRIP06735,USER9099,Tokyo,22-03-2024,03-09-2024,Business,Flight,3,4342.55,2
TRIP06736,USER1801,Rome,15-07-2024,12-03-2025,Leisure,Cruise,1,2444.29,1
TRIP06737,USER8986,Bangkok,04-09-2024,01-02-2025,Adventure,Bus,4,3894.96,1
TRIP06738,USER5081,Paris,22-05-2024,07-02-2025,Business,Bus,3,3568.72,9
TRIP06739,USER5246,Sydney,16-12-2024,18-12-2024,Family,Car,3,1965.73,6
TRIP06740,USER3129,New York,16-04-2024,03-09-2024,Business,Car,1,4088.99,7
TRIP06741,USER4832,Rome,21-07-2024,14-04-2025,Beach,Cruise,2,1315.55,5
TRIP06742,USER3089,Rome,20-07-2024,31-07-2024,Beach,Bus,1,4780.78,9
TRIP06743,USER5667,Dubai,23-08-2024,05-03-2025,Adventure,Bus,2,1716.41,7
TRIP06744,USER8201,Barcelona,17-12-2024,16-01-2025,Family,Car,5,2884.33,8
TRIP06745,USER7973,Dubai,04-07-2024,23-11-2024,Adventure,Train,3,4764.18,10
TRIP06746,USER4105,Tokyo,17-02-2025,25-03-2025,Cultural,Cruise,3,4949.78,6
TRIP06747,USER7281,Barcelona,16-10-2024,24-10-2024,Business,Bus,2,2071.39,2
TRIP06748,USER1084,London,30-11-2024,15-04-2025,Adventure,Flight,1,1275.37,3
TRIP06749,USER9397,London,19-08-2024,20-08-2024,Cultural,Bus,5,3241.64,8
TRIP06750,USER6012,Paris,15-11-2024,23-11-2024,Family,Flight,1,1051.52,4
TRIP06751,USER1276,Dubai,03-12-2024,29-12-2024,Beach,Car,1,3261.71,4
TRIP06752,USER5927,London,15-01-2025,06-02-2025,Leisure,Car,2,3318.05,7
TRIP06753,USER9022,Paris,23-05-2024,06-06-2024,Cultural,Car,3,1631.03,6
TRIP06754,USER6296,Tokyo,24-09-2024,05-04-2025,Family,Cruise,1,2528.02,3
TRIP06755,USER1989,London,17-03-2024,24-03-2025,Adventure,Flight,3,4933.58,10
TRIP06756,USER6070,Sydney,14-05-2024,29-05-2024,Beach,Train,1,849.21,3
TRIP06757,USER6375,Istanbul,01-02-2025,10-04-2025,Adventure,Bus,1,1256.72,9
TRIP06758,USER7783,Dubai,06-07-2024,06-12-2024,Beach,Car,4,1055.25,1
TRIP06759,USER1074,Istanbul,31-01-2025,09-04-2025,Business,Cruise,4,3076.45,6
TRIP06760,USER9145,Paris,10-04-2024,15-04-2024,Family,Car,5,2181.65,2
TRIP06761,USER9561,Sydney,31-01-2025,12-03-2025,Beach,Flight,3,552.03,4
TRIP06762,USER6482,Paris,24-11-2024,10-03-2025,Cultural,Bus,1,4059.97,7
TRIP06763,USER2632,London,03-06-2024,05-08-2024,Beach,Car,2,928.87,3
TRIP06764,USER8805,London,15-04-2024,03-08-2024,Family,Bus,3,4291.64,5
TRIP06765,USER6012,Barcelona,04-11-2024,18-01-2025,Business,Bus,3,3596.82,5
TRIP06766,USER1184,Rome,27-11-2024,01-12-2024,Adventure,Flight,3,1147.29,9
TRIP06767,USER3849,London,18-12-2024,09-04-2025,Adventure,Car,1,1152.9,6
TRIP06768,USER6735,Istanbul,20-11-2024,09-04-2025,Family,Cruise,4,1624.8,1
TRIP06769,USER1609,New York,09-11-2024,28-12-2024,Adventure,Cruise,2,4303.29,5
TRIP06770,USER4261,Tokyo,25-02-2025,12-03-2025,Business,Train,1,3080.38,6
TRIP06771,USER4150,Bangkok,28-02-2025,03-04-2025,Cultural,Flight,3,1206.63,7
TRIP06772,USER5007,Dubai,19-03-2024,12-06-2024,Beach,Bus,5,2360.4,5
TRIP06773,USER1144,Rome,31-05-2024,15-02-2025,Leisure,Cruise,1,4885.66,2
TRIP06774,USER8725,Istanbul,30-12-2024,27-02-2025,Cultural,Bus,5,3557.6,6
TRIP06775,USER8537,Istanbul,28-03-2024,03-12-2024,Cultural,Flight,2,2343.13,9
TRIP06776,USER6361,Istanbul,24-06-2024,09-11-2024,Leisure,Flight,5,2858.27,8
TRIP06777,USER9038,Barcelona,13-05-2024,22-07-2024,Adventure,Bus,5,4028.62,7
TRIP06778,USER4182,Sydney,20-12-2024,09-02-2025,Family,Cruise,4,1248.54,6
TRIP06779,USER1113,Dubai,28-02-2025,20-03-2025,Adventure,Car,5,2988.55,2
TRIP06780,USER5912,Dubai,24-09-2024,25-03-2025,Business,Flight,2,4781.8,7
TRIP06781,USER8428,London,08-10-2024,16-10-2024,Beach,Cruise,4,3670.39,9
TRIP06782,USER6921,Istanbul,17-03-2024,12-08-2024,Leisure,Train,1,4537.15,3
TRIP06783,USER8219,Bangkok,20-10-2024,12-01-2025,Adventure,Cruise,5,4973.51,7
TRIP06784,USER1231,Bangkok,24-07-2024,03-09-2024,Cultural,Car,3,3363.02,2
TRIP06785,USER7430,Bangkok,05-07-2024,29-07-2024,Family,Car,1,3273.16,5
TRIP06786,USER4328,Rome,12-08-2024,31-01-2025,Beach,Bus,2,2958.49,7
TRIP06787,USER5901,Bangkok,01-09-2024,15-09-2024,Leisure,Flight,4,2031.34,2
TRIP06788,USER7923,Bangkok,08-03-2025,12-03-2025,Beach,Cruise,4,911.92,8
TRIP06789,USER8349,Barcelona,30-07-2024,05-08-2024,Adventure,Car,1,4180.06,9
TRIP06790,USER5204,Istanbul,28-04-2024,09-09-2024,Cultural,Car,2,2329.04,7
TRIP06791,USER1515,New York,18-02-2025,10-03-2025,Cultural,Bus,4,3547.48,4
TRIP06792,USER1302,Bangkok,03-11-2024,11-03-2025,Family,Cruise,4,2239.63,2
TRIP06793,USER9424,New York,01-04-2024,10-02-2025,Business,Car,1,1741.69,1
TRIP06794,USER3884,New York,22-01-2025,13-04-2025,Adventure,Bus,3,3459.39,5
TRIP06795,USER8923,New York,14-12-2024,11-01-2025,Cultural,Cruise,3,3204.38,4
TRIP06796,USER2023,Paris,01-01-2025,06-02-2025,Beach,Flight,4,1095.08,3
TRIP06797,USER1545,London,09-04-2024,21-12-2024,Business,Flight,3,4441.21,3
TRIP06798,USER7057,Paris,29-05-2024,29-12-2024,Cultural,Bus,1,3012.73,2
TRIP06799,USER2427,Sydney,04-03-2025,15-04-2025,Beach,Cruise,5,4776.88,9
TRIP06800,USER6541,Bangkok,05-03-2025,11-04-2025,Beach,Train,3,2343.83,6
TRIP06801,USER9876,London,07-12-2024,09-01-2025,Leisure,Flight,5,4683.33,8
TRIP06802,USER6129,New York,31-10-2024,24-02-2025,Adventure,Flight,1,4650.68,2
TRIP06803,USER6817,London,06-11-2024,09-01-2025,Adventure,Car,1,3683.41,5
TRIP06804,USER7125,Sydney,12-06-2024,06-07-2024,Adventure,Car,3,3647.2,7
TRIP06805,USER1305,Bangkok,03-04-2024,24-11-2024,Family,Bus,2,1859.43,2
TRIP06806,USER7943,Dubai,29-03-2024,21-05-2024,Cultural,Car,2,3698.9,6
TRIP06807,USER1704,Barcelona,05-12-2024,24-03-2025,Family,Bus,4,3908.66,3
TRIP06808,USER4803,London,03-09-2024,11-12-2024,Cultural,Cruise,3,1874.01,10
TRIP06809,USER2123,Paris,14-07-2024,27-02-2025,Cultural,Bus,2,1369.24,6
TRIP06810,USER4928,Paris,01-06-2024,28-10-2024,Business,Flight,5,4661.16,5
TRIP06811,USER7368,Dubai,15-10-2024,24-02-2025,Family,Cruise,4,2701.74,4
TRIP06812,USER4564,Rome,31-07-2024,13-03-2025,Business,Train,4,1903.51,7
TRIP06813,USER7196,Sydney,05-03-2025,16-03-2025,Beach,Car,3,4964.95,1
TRIP06814,USER8141,Paris,13-12-2024,26-02-2025,Beach,Flight,2,4086.6,3
TRIP06815,USER6849,New York,16-07-2024,17-08-2024,Leisure,Car,3,1106,8
TRIP06816,USER8914,Sydney,26-10-2024,04-01-2025,Adventure,Cruise,1,3381.4,1
TRIP06817,USER2481,London,28-07-2024,11-12-2024,Adventure,Train,1,1818.06,2
TRIP06818,USER2894,Barcelona,22-08-2024,12-09-2024,Cultural,Bus,4,4162.93,8
TRIP06819,USER5545,Barcelona,10-06-2024,03-11-2024,Adventure,Car,1,4349.79,4
TRIP06820,USER4345,Dubai,25-01-2025,09-04-2025,Beach,Car,1,755.02,9
TRIP06821,USER2352,London,24-11-2024,08-03-2025,Family,Bus,3,2602.13,8
TRIP06822,USER7970,Sydney,18-11-2024,08-12-2024,Family,Flight,3,3581.2,10
TRIP06823,USER1403,Bangkok,05-05-2024,28-11-2024,Business,Cruise,3,3682.76,8
TRIP06824,USER3549,Barcelona,28-12-2024,14-04-2025,Family,Cruise,3,4516.07,1
TRIP06825,USER2329,Tokyo,17-01-2025,26-02-2025,Adventure,Cruise,3,4937.34,7
TRIP06826,USER2090,Dubai,27-05-2024,29-07-2024,Business,Bus,1,3890.67,6
TRIP06827,USER9762,Dubai,09-04-2024,09-10-2024,Leisure,Bus,2,668.89,5
TRIP06828,USER9962,Barcelona,02-04-2024,24-04-2024,Beach,Car,5,2147.33,3
TRIP06829,USER1526,London,14-02-2025,01-03-2025,Family,Cruise,2,3799.06,5
TRIP06830,USER9399,Barcelona,27-09-2024,10-04-2025,Leisure,Car,2,4376.7,2
TRIP06831,USER8720,Sydney,04-04-2024,01-12-2024,Leisure,Car,4,4990.58,10
TRIP06832,USER1849,Barcelona,22-08-2024,20-09-2024,Family,Flight,4,1565.51,2
TRIP06833,USER7681,London,30-05-2024,07-12-2024,Business,Cruise,3,522.77,5
TRIP06834,USER5171,Sydney,21-03-2024,31-03-2024,Family,Flight,5,4020.49,5
TRIP06835,USER3934,Sydney,17-04-2024,16-01-2025,Adventure,Train,1,1799.37,3
TRIP06836,USER4432,New York,31-07-2024,12-01-2025,Leisure,Bus,5,2278.15,3
TRIP06837,USER4320,Tokyo,18-10-2024,25-01-2025,Beach,Train,1,3200.2,8
TRIP06838,USER3036,New York,08-09-2024,09-10-2024,Business,Flight,1,3196.43,10
TRIP06839,USER4790,Dubai,20-05-2024,07-06-2024,Cultural,Bus,2,3760.97,10
TRIP06840,USER9891,Barcelona,02-08-2024,23-01-2025,Leisure,Cruise,2,2677.08,9
TRIP06841,USER8167,Bangkok,14-11-2024,03-12-2024,Beach,Train,4,3773.96,8
TRIP06842,USER6791,Sydney,20-07-2024,23-09-2024,Family,Cruise,4,2752.78,3
TRIP06843,USER9740,Sydney,19-11-2024,07-01-2025,Adventure,Flight,4,916.28,1
TRIP06844,USER6461,Bangkok,25-11-2024,26-02-2025,Cultural,Flight,1,2752.91,4
TRIP06845,USER6769,Tokyo,10-09-2024,11-10-2024,Adventure,Cruise,1,1937.31,6
TRIP06846,USER1764,New York,03-03-2025,30-03-2025,Beach,Flight,4,835.05,4
TRIP06847,USER4019,Istanbul,05-05-2024,29-03-2025,Beach,Car,1,3884.35,3
TRIP06848,USER8449,New York,05-08-2024,19-10-2024,Adventure,Car,4,1889.22,5
TRIP06849,USER2650,New York,23-02-2025,14-04-2025,Business,Cruise,5,2157.09,1
TRIP06850,USER3654,Dubai,23-01-2025,05-03-2025,Cultural,Car,3,740.16,1
TRIP06851,USER9835,Paris,01-07-2024,02-03-2025,Adventure,Cruise,2,2823.43,7
TRIP06852,USER6606,London,19-07-2024,21-11-2024,Leisure,Car,2,2434.42,7
TRIP06853,USER2403,Tokyo,05-05-2024,14-12-2024,Leisure,Flight,2,3903.93,8
TRIP06854,USER6920,Barcelona,10-11-2024,26-01-2025,Business,Train,4,921.35,7
TRIP06855,USER1357,Barcelona,02-10-2024,03-11-2024,Adventure,Cruise,2,1154.92,1
TRIP06856,USER6070,Dubai,06-08-2024,13-11-2024,Leisure,Train,5,1727.76,6
TRIP06857,USER1377,Rome,18-03-2024,20-03-2025,Business,Car,4,2676.61,3
TRIP06858,USER3472,Paris,05-03-2025,28-03-2025,Business,Bus,4,4274.18,5
TRIP06859,USER5424,London,09-10-2024,09-11-2024,Adventure,Bus,3,4415.14,5
TRIP06860,USER6202,London,09-01-2025,14-02-2025,Beach,Train,2,2754.13,7
TRIP06861,USER8910,Sydney,06-08-2024,11-08-2024,Business,Train,2,4957.51,2
TRIP06862,USER1091,Bangkok,06-04-2024,20-12-2024,Cultural,Car,5,1925.95,1
TRIP06863,USER8160,Istanbul,14-11-2024,14-12-2024,Family,Cruise,5,4528.89,7
TRIP06864,USER6114,Dubai,12-10-2024,24-02-2025,Leisure,Train,4,2293.79,2
TRIP06865,USER3858,Istanbul,17-02-2025,17-02-2025,Business,Cruise,1,912,6
TRIP06866,USER2276,Barcelona,06-02-2025,28-03-2025,Leisure,Bus,4,1286.44,3
TRIP06867,USER6856,Sydney,18-05-2024,06-09-2024,Leisure,Train,4,2966.03,7
TRIP06868,USER2634,Tokyo,08-12-2024,01-03-2025,Leisure,Train,3,2903.58,5
TRIP06869,USER8248,Tokyo,17-05-2024,05-12-2024,Leisure,Flight,2,3308.7,9
TRIP06870,USER6830,Paris,31-01-2025,14-04-2025,Leisure,Train,5,786.31,5
TRIP06871,USER9101,New York,19-02-2025,14-04-2025,Beach,Train,5,802.98,5
TRIP06872,USER9877,Rome,16-11-2024,24-11-2024,Adventure,Flight,4,2769.26,3
TRIP06873,USER4906,London,02-01-2025,27-02-2025,Business,Train,3,2047.26,9
TRIP06874,USER6098,Tokyo,11-02-2025,19-03-2025,Leisure,Car,3,4472.92,2
TRIP06875,USER5101,New York,30-04-2024,27-06-2024,Leisure,Bus,2,3382.29,1
TRIP06876,USER9435,Rome,20-10-2024,15-12-2024,Adventure,Flight,4,4053.03,10
TRIP06877,USER4144,Sydney,28-09-2024,03-11-2024,Cultural,Flight,3,827.5,6
TRIP06878,USER4367,Tokyo,24-06-2024,27-12-2024,Leisure,Bus,4,3581.26,6
TRIP06879,USER3599,Sydney,01-09-2024,21-10-2024,Business,Bus,4,1878.79,1
TRIP06880,USER5760,Istanbul,25-06-2024,03-12-2024,Family,Car,3,3533.81,3
TRIP06881,USER7991,New York,21-02-2025,21-03-2025,Beach,Flight,1,2699.8,1
TRIP06882,USER3465,New York,12-08-2024,14-10-2024,Leisure,Flight,5,3355.72,9
TRIP06883,USER5495,Barcelona,01-07-2024,09-02-2025,Business,Car,3,3438.18,7
TRIP06884,USER9529,London,12-09-2024,16-09-2024,Leisure,Car,2,1533.08,6
TRIP06885,USER6202,London,13-09-2024,11-11-2024,Business,Bus,1,1361.61,3
TRIP06886,USER9276,Dubai,14-04-2024,01-04-2025,Beach,Cruise,3,4836.2,4
TRIP06887,USER8544,Paris,30-04-2024,05-06-2024,Leisure,Bus,4,3088.69,3
TRIP06888,USER3773,Rome,17-03-2024,16-03-2025,Cultural,Cruise,3,3009.92,9
TRIP06889,USER2752,New York,14-05-2024,18-10-2024,Cultural,Cruise,2,4237.04,2
TRIP06890,USER1853,Paris,21-08-2024,06-09-2024,Business,Cruise,4,4501.87,5
TRIP06891,USER8279,Paris,28-12-2024,05-03-2025,Family,Train,5,677.57,8
TRIP06892,USER3654,London,23-04-2024,31-05-2024,Cultural,Train,5,4280.43,4
TRIP06893,USER8122,Paris,26-02-2025,12-03-2025,Adventure,Car,4,2809.15,7
TRIP06894,USER4685,Paris,24-01-2025,24-03-2025,Cultural,Flight,4,1891.84,7
TRIP06895,USER3908,Rome,30-04-2024,17-03-2025,Business,Flight,1,508.34,5
TRIP06896,USER2951,Rome,03-03-2025,06-04-2025,Cultural,Car,3,3781.34,2
TRIP06897,USER1417,London,20-11-2024,07-12-2024,Cultural,Train,3,4028.59,2
TRIP06898,USER7292,Barcelona,16-08-2024,30-01-2025,Business,Flight,5,933.33,3
TRIP06899,USER1382,Paris,30-09-2024,16-11-2024,Adventure,Bus,3,4481.88,2
TRIP06900,USER5802,Tokyo,11-02-2025,17-03-2025,Cultural,Bus,4,3338.39,3
TRIP06901,USER4411,Tokyo,22-09-2024,13-01-2025,Family,Train,2,3811.43,4
TRIP06902,USER8434,Tokyo,15-12-2024,16-12-2024,Leisure,Bus,2,2810.85,2
TRIP06903,USER8478,Dubai,29-04-2024,15-04-2025,Leisure,Train,2,904.83,3
TRIP06904,USER6923,Paris,29-05-2024,29-12-2024,Adventure,Bus,4,3632.2,6
TRIP06905,USER9745,New York,14-08-2024,21-02-2025,Family,Flight,5,3152.7,1
TRIP06906,USER5165,Barcelona,21-03-2024,07-04-2025,Adventure,Train,2,2969.05,5
TRIP06907,USER8000,Sydney,24-07-2024,20-09-2024,Beach,Train,1,1263.32,2
TRIP06908,USER4433,Dubai,08-11-2024,24-12-2024,Business,Bus,1,854.45,9
TRIP06909,USER3835,London,08-04-2024,13-07-2024,Family,Flight,2,2971.1,7
TRIP06910,USER9573,Bangkok,12-09-2024,21-11-2024,Leisure,Car,3,2163.89,8
TRIP06911,USER9861,Dubai,13-12-2024,07-03-2025,Leisure,Train,4,1960.24,2
TRIP06912,USER6496,New York,04-07-2024,11-10-2024,Cultural,Bus,5,4838.05,6
TRIP06913,USER1463,Sydney,13-08-2024,07-03-2025,Adventure,Flight,5,2798.58,10
TRIP06914,USER6649,Barcelona,04-12-2024,02-01-2025,Family,Cruise,2,3096.58,5
TRIP06915,USER1359,Paris,24-03-2024,06-06-2024,Cultural,Train,1,2485.38,3
TRIP06916,USER3697,Sydney,28-10-2024,13-02-2025,Beach,Flight,2,3364.19,4
TRIP06917,USER5772,Sydney,17-01-2025,20-01-2025,Family,Car,4,599.17,8
TRIP06918,USER1864,Istanbul,12-05-2024,16-07-2024,Adventure,Train,5,4649.91,6
TRIP06919,USER7629,New York,09-09-2024,17-02-2025,Cultural,Bus,1,640.56,2
TRIP06920,USER6236,Rome,07-09-2024,18-03-2025,Cultural,Train,5,3024.57,3
TRIP06921,USER1833,Istanbul,09-10-2024,28-02-2025,Adventure,Bus,4,1073.37,9
TRIP06922,USER1547,Paris,28-03-2024,31-03-2025,Family,Flight,4,769.24,2
TRIP06923,USER9763,Sydney,10-05-2024,04-07-2024,Leisure,Cruise,3,2282.73,4
TRIP06924,USER8383,Rome,21-07-2024,05-04-2025,Adventure,Car,4,3929.19,3
TRIP06925,USER1955,Tokyo,20-01-2025,27-01-2025,Adventure,Car,5,1852.17,7
TRIP06926,USER2853,Istanbul,24-04-2024,29-03-2025,Leisure,Flight,1,4402.3,10
TRIP06927,USER8723,Paris,09-02-2025,11-02-2025,Beach,Cruise,3,4351.23,4
TRIP06928,USER8024,New York,04-05-2024,15-08-2024,Cultural,Cruise,3,2395.37,6
TRIP06929,USER5374,Sydney,03-05-2024,03-05-2024,Beach,Bus,4,1628.71,6
TRIP06930,USER1804,Barcelona,23-02-2025,22-03-2025,Cultural,Car,2,3016.95,8
TRIP06931,USER3683,Paris,09-05-2024,10-10-2024,Business,Car,2,4117.46,9
TRIP06932,USER9823,Paris,29-01-2025,24-03-2025,Family,Flight,4,1721.53,3
TRIP06933,USER6975,Dubai,08-04-2024,22-11-2024,Business,Bus,2,3326.18,4
TRIP06934,USER8117,Bangkok,24-12-2024,22-02-2025,Family,Car,5,1226.28,9
TRIP06935,USER7558,Sydney,26-10-2024,27-11-2024,Business,Cruise,2,2619.9,8
TRIP06936,USER7982,New York,03-05-2024,27-09-2024,Leisure,Train,3,631.02,4
TRIP06937,USER1692,Paris,08-05-2024,16-07-2024,Business,Flight,4,3286.72,8
TRIP06938,USER7945,London,22-09-2024,02-10-2024,Adventure,Cruise,5,3837.78,4
TRIP06939,USER1943,Istanbul,10-10-2024,13-10-2024,Beach,Bus,3,530.12,5
TRIP06940,USER8364,Tokyo,25-11-2024,25-11-2024,Cultural,Train,5,583.69,9
TRIP06941,USER6561,Bangkok,13-02-2025,08-03-2025,Cultural,Flight,2,2669.9,5
TRIP06942,USER9361,Istanbul,13-12-2024,27-03-2025,Adventure,Bus,4,953.45,8
TRIP06943,USER2766,London,21-08-2024,09-10-2024,Cultural,Bus,2,1600.79,9
TRIP06944,USER5714,Bangkok,31-03-2024,20-07-2024,Business,Flight,1,2040.99,8
TRIP06945,USER4445,Barcelona,09-11-2024,09-12-2024,Adventure,Flight,3,1826.1,3
TRIP06946,USER6321,Istanbul,07-09-2024,13-02-2025,Business,Bus,1,4989.31,4
TRIP06947,USER1852,Dubai,20-03-2024,30-03-2025,Beach,Car,4,2862.52,3
TRIP06948,USER9696,London,17-08-2024,22-09-2024,Leisure,Bus,2,1252.23,6
TRIP06949,USER2749,New York,09-09-2024,20-01-2025,Adventure,Flight,4,2437.21,7
TRIP06950,USER3706,Dubai,24-12-2024,15-03-2025,Adventure,Train,3,1019.15,8
TRIP06951,USER9839,Paris,23-07-2024,17-09-2024,Leisure,Train,2,1903.79,6
TRIP06952,USER7628,Dubai,04-09-2024,01-03-2025,Leisure,Bus,5,4593.58,8
TRIP06953,USER6417,Sydney,27-05-2024,09-11-2024,Cultural,Flight,3,1384.44,5
TRIP06954,USER4744,Paris,22-10-2024,08-04-2025,Family,Bus,3,1602.11,3
TRIP06955,USER9958,Sydney,15-01-2025,25-01-2025,Cultural,Car,3,1386.48,5
TRIP06956,USER2204,Barcelona,13-04-2024,09-06-2024,Adventure,Car,5,1298.09,4
TRIP06957,USER2563,New York,03-01-2025,05-03-2025,Cultural,Bus,4,1137.7,3
TRIP06958,USER4023,Barcelona,10-10-2024,21-10-2024,Cultural,Train,3,4883.46,3
TRIP06959,USER4821,London,19-10-2024,10-04-2025,Business,Flight,3,4320.03,4
TRIP06960,USER3016,Paris,18-10-2024,31-03-2025,Cultural,Flight,2,3025.41,8
TRIP06961,USER6644,Bangkok,31-10-2024,16-03-2025,Cultural,Train,1,1457.11,8
TRIP06962,USER3446,Paris,11-04-2024,28-07-2024,Beach,Flight,1,532.9,9
TRIP06963,USER4563,Istanbul,02-04-2024,18-06-2024,Beach,Flight,5,2994.63,10
TRIP06964,USER3533,Bangkok,16-06-2024,08-02-2025,Beach,Cruise,4,2752.43,10
TRIP06965,USER7735,Paris,24-03-2024,26-01-2025,Beach,Bus,5,3313.31,8
TRIP06966,USER1972,Barcelona,28-12-2024,14-03-2025,Business,Flight,1,3096.34,3
TRIP06967,USER4905,Bangkok,29-03-2024,17-12-2024,Beach,Train,1,2330.46,7
TRIP06968,USER6565,Bangkok,01-07-2024,10-11-2024,Beach,Car,5,3690.18,8
TRIP06969,USER2506,Sydney,23-02-2025,20-03-2025,Leisure,Cruise,3,2218.87,1
TRIP06970,USER7306,Bangkok,01-05-2024,09-02-2025,Family,Cruise,4,3735.32,9
TRIP06971,USER4162,Barcelona,17-04-2024,02-08-2024,Business,Train,5,3892.94,3
TRIP06972,USER7177,New York,10-08-2024,06-11-2024,Beach,Bus,3,3975.56,2
TRIP06973,USER6081,Dubai,13-10-2024,02-02-2025,Business,Cruise,1,4593.43,5
TRIP06974,USER5007,Rome,20-12-2024,02-03-2025,Cultural,Cruise,3,2276.22,4
TRIP06975,USER7124,Bangkok,01-09-2024,09-02-2025,Cultural,Cruise,1,3083.35,8
TRIP06976,USER4964,New York,10-11-2024,11-01-2025,Family,Bus,3,1295.33,5
TRIP06977,USER2170,Sydney,23-06-2024,28-06-2024,Leisure,Cruise,3,905.59,3
TRIP06978,USER5991,Istanbul,16-12-2024,06-01-2025,Beach,Bus,2,2657.59,7
TRIP06979,USER9393,Istanbul,09-02-2025,17-02-2025,Leisure,Bus,1,4829.46,8
TRIP06980,USER5304,Bangkok,16-10-2024,18-01-2025,Business,Flight,2,508.62,9
TRIP06981,USER9724,Sydney,14-09-2024,16-10-2024,Family,Flight,1,3566.25,7
TRIP06982,USER8663,Rome,06-08-2024,16-10-2024,Family,Cruise,4,653.45,3
TRIP06983,USER7759,Sydney,01-04-2024,26-12-2024,Business,Flight,1,1776.89,3
TRIP06984,USER7757,Istanbul,26-08-2024,03-03-2025,Cultural,Flight,5,3492.83,1
TRIP06985,USER7204,Barcelona,19-05-2024,27-01-2025,Family,Flight,5,1643.85,9
TRIP06986,USER9373,Istanbul,19-03-2024,28-03-2025,Leisure,Car,1,4090.75,10
TRIP06987,USER8824,Istanbul,15-11-2024,13-12-2024,Business,Bus,3,3185.54,3
TRIP06988,USER4485,New York,16-12-2024,25-03-2025,Family,Train,4,1529.7,8
TRIP06989,USER7318,New York,10-12-2024,30-01-2025,Leisure,Train,3,1906.84,8
TRIP06990,USER1257,Dubai,05-09-2024,17-03-2025,Beach,Bus,4,1919.08,10
TRIP06991,USER1884,Paris,23-07-2024,14-04-2025,Beach,Bus,1,694.25,1
TRIP06992,USER6950,London,04-02-2025,07-02-2025,Beach,Train,2,4778.26,5
TRIP06993,USER4150,Istanbul,12-11-2024,19-11-2024,Family,Bus,1,673.63,2
TRIP06994,USER9670,Barcelona,12-11-2024,24-02-2025,Leisure,Flight,5,4378.57,1
TRIP06995,USER3309,Tokyo,01-08-2024,15-12-2024,Cultural,Bus,5,1766.59,4
TRIP06996,USER9026,Istanbul,22-03-2024,25-05-2024,Beach,Train,3,2890.09,2
TRIP06997,USER9054,Paris,03-10-2024,24-02-2025,Business,Bus,3,509.49,8
TRIP06998,USER8277,Istanbul,14-08-2024,30-01-2025,Family,Train,1,2938.25,9
TRIP06999,USER5415,Paris,25-10-2024,07-12-2024,Beach,Cruise,1,870.49,8
TRIP07000,USER4602,Tokyo,29-05-2024,04-12-2024,Business,Train,1,1606.41,3
TRIP07001,USER7442,Istanbul,12-03-2025,21-03-2025,Business,Cruise,1,2761.88,10
TRIP07002,USER6681,Sydney,01-12-2024,07-04-2025,Leisure,Train,1,2743.18,8
TRIP07003,USER9087,Paris,25-07-2024,30-03-2025,Business,Cruise,1,2607.53,7
TRIP07004,USER9766,New York,02-11-2024,18-01-2025,Adventure,Cruise,4,4545.8,1
TRIP07005,USER7781,Bangkok,09-06-2024,05-09-2024,Adventure,Flight,5,585.56,10
TRIP07006,USER9728,Tokyo,01-06-2024,17-08-2024,Family,Car,5,1231.25,7
TRIP07007,USER8670,Istanbul,11-05-2024,20-11-2024,Business,Bus,2,3207.47,10
TRIP07008,USER2071,Dubai,03-03-2025,20-03-2025,Leisure,Bus,1,4905.11,2
TRIP07009,USER1403,Paris,05-03-2025,16-03-2025,Business,Flight,5,1029.6,1
TRIP07010,USER5385,Barcelona,05-12-2024,09-12-2024,Cultural,Cruise,5,3445.52,8
TRIP07011,USER2781,Istanbul,04-07-2024,06-12-2024,Leisure,Train,4,3404.04,3
TRIP07012,USER5854,Tokyo,09-07-2024,26-11-2024,Cultural,Flight,4,2731.03,9
TRIP07013,USER3430,Dubai,31-07-2024,31-08-2024,Cultural,Bus,1,4491.42,8
TRIP07014,USER9625,Istanbul,05-09-2024,29-03-2025,Adventure,Cruise,2,3465.2,8
TRIP07015,USER3046,New York,06-06-2024,14-06-2024,Beach,Bus,5,3183.99,2
TRIP07016,USER4072,Istanbul,04-06-2024,09-07-2024,Cultural,Cruise,3,1098.91,3
TRIP07017,USER2459,Sydney,30-07-2024,16-12-2024,Adventure,Car,4,1180.57,5
TRIP07018,USER4390,Barcelona,30-10-2024,13-02-2025,Adventure,Car,4,1262.29,9
TRIP07019,USER5628,New York,22-07-2024,20-09-2024,Business,Flight,2,4116.29,1
TRIP07020,USER7948,Rome,06-02-2025,13-03-2025,Family,Train,5,4650.46,4
TRIP07021,USER9581,Tokyo,16-10-2024,16-12-2024,Business,Cruise,4,4037.27,6
TRIP07022,USER3924,Bangkok,22-03-2024,02-08-2024,Business,Bus,5,2610.01,8
TRIP07023,USER8975,Bangkok,28-06-2024,23-03-2025,Beach,Bus,5,2511.19,8
TRIP07024,USER5167,Istanbul,05-10-2024,20-03-2025,Leisure,Bus,1,3724.3,1
TRIP07025,USER4854,Barcelona,08-10-2024,01-04-2025,Beach,Bus,4,1204.36,7
TRIP07026,USER3593,Sydney,01-09-2024,14-03-2025,Family,Cruise,2,926.79,9
TRIP07027,USER6361,Istanbul,13-07-2024,09-11-2024,Beach,Train,4,3923.76,7
TRIP07028,USER4233,Barcelona,01-12-2024,02-04-2025,Leisure,Train,4,745.55,10
TRIP07029,USER9541,Tokyo,28-08-2024,18-01-2025,Leisure,Bus,2,1466.18,7
TRIP07030,USER6570,Sydney,11-08-2024,30-01-2025,Cultural,Flight,4,1824.31,2
TRIP07031,USER2846,Barcelona,17-07-2024,10-02-2025,Beach,Train,4,756.56,8
TRIP07032,USER7075,London,16-02-2025,18-03-2025,Adventure,Cruise,3,2450.18,3
TRIP07033,USER8817,New York,02-09-2024,16-12-2024,Family,Flight,5,2781.02,3
TRIP07034,USER4474,Paris,07-06-2024,09-12-2024,Adventure,Train,4,3230.23,10
TRIP07035,USER5224,Rome,16-08-2024,13-10-2024,Family,Flight,3,603.6,10
TRIP07036,USER5357,Sydney,24-03-2024,08-07-2024,Family,Bus,3,727.68,6
TRIP07037,USER6555,Istanbul,23-01-2025,10-02-2025,Adventure,Flight,4,3952.38,3
TRIP07038,USER9586,Bangkok,15-12-2024,17-01-2025,Business,Cruise,4,2970.4,6
TRIP07039,USER3000,Istanbul,22-02-2025,08-04-2025,Beach,Train,2,811.13,8
TRIP07040,USER2184,Bangkok,27-01-2025,13-04-2025,Cultural,Cruise,5,4639.26,8
TRIP07041,USER7939,Barcelona,16-11-2024,07-03-2025,Business,Flight,4,1418.95,9
TRIP07042,USER6695,Barcelona,29-09-2024,24-11-2024,Adventure,Bus,2,2043.4,6
TRIP07043,USER2724,Paris,23-08-2024,21-02-2025,Beach,Bus,4,1717.92,1
TRIP07044,USER2307,Bangkok,03-10-2024,08-02-2025,Cultural,Flight,5,2469.15,3
TRIP07045,USER2921,Istanbul,30-05-2024,28-07-2024,Business,Flight,1,1630.08,5
TRIP07046,USER2949,Bangkok,22-12-2024,14-02-2025,Family,Flight,5,2620.73,10
TRIP07047,USER3214,Sydney,22-10-2024,05-03-2025,Family,Bus,5,569.42,4
TRIP07048,USER1863,Bangkok,21-09-2024,30-12-2024,Beach,Flight,3,603.56,1
TRIP07049,USER3918,Rome,18-07-2024,03-08-2024,Cultural,Flight,4,3038.55,1
TRIP07050,USER9988,Dubai,28-05-2024,24-07-2024,Family,Cruise,4,4944.79,8
TRIP07051,USER4558,London,30-11-2024,06-12-2024,Beach,Car,5,3302.52,3
TRIP07052,USER9944,Istanbul,29-10-2024,04-03-2025,Leisure,Flight,2,1037.94,5
TRIP07053,USER3353,Paris,22-02-2025,11-03-2025,Business,Train,3,4503.56,9
TRIP07054,USER8757,Rome,15-01-2025,06-04-2025,Family,Train,4,1110.76,8
TRIP07055,USER7891,Sydney,24-11-2024,02-01-2025,Adventure,Bus,2,3187.33,1
TRIP07056,USER7471,New York,23-11-2024,05-12-2024,Leisure,Flight,2,3326,5
TRIP07057,USER6158,Bangkok,24-05-2024,18-08-2024,Business,Bus,3,3002.36,10
TRIP07058,USER3310,Rome,14-02-2025,10-03-2025,Cultural,Cruise,4,3419.12,10
TRIP07059,USER8694,Tokyo,28-12-2024,23-01-2025,Cultural,Car,2,670.86,6
TRIP07060,USER3713,Sydney,07-01-2025,19-03-2025,Business,Car,1,2879.61,3
TRIP07061,USER1876,Paris,01-08-2024,09-03-2025,Family,Flight,2,821.27,1
TRIP07062,USER3465,Paris,21-11-2024,13-01-2025,Cultural,Cruise,2,3321.48,5
TRIP07063,USER7656,Paris,13-10-2024,16-10-2024,Adventure,Flight,1,2563.1,10
TRIP07064,USER4801,Dubai,29-01-2025,18-03-2025,Cultural,Cruise,5,900.62,4
TRIP07065,USER3492,London,10-11-2024,20-11-2024,Leisure,Bus,4,3111.07,5
TRIP07066,USER5654,Sydney,07-09-2024,15-10-2024,Cultural,Flight,1,3909.77,8
TRIP07067,USER9915,Dubai,02-11-2024,28-01-2025,Business,Bus,2,3188.1,2
TRIP07068,USER6790,Sydney,01-07-2024,05-07-2024,Family,Train,2,3761.29,5
TRIP07069,USER4273,New York,27-03-2024,02-06-2024,Beach,Flight,3,2314.63,1
TRIP07070,USER4123,Istanbul,08-07-2024,24-03-2025,Family,Cruise,2,2033.29,9
TRIP07071,USER4957,Bangkok,18-11-2024,07-12-2024,Adventure,Flight,1,3964.18,4
TRIP07072,USER4614,New York,19-09-2024,30-03-2025,Leisure,Bus,5,2121.41,8
TRIP07073,USER2616,Tokyo,27-06-2024,24-08-2024,Beach,Flight,5,2469.11,4
TRIP07074,USER3133,Dubai,14-11-2024,12-04-2025,Business,Flight,1,540.25,9
TRIP07075,USER2206,New York,20-12-2024,08-04-2025,Leisure,Flight,3,3245.18,4
TRIP07076,USER3731,Tokyo,12-08-2024,06-03-2025,Beach,Cruise,5,3377.16,2
TRIP07077,USER5047,Rome,05-07-2024,18-11-2024,Business,Cruise,4,2428.98,4
TRIP07078,USER5833,Bangkok,17-10-2024,28-03-2025,Family,Car,2,4226.67,6
TRIP07079,USER2071,Tokyo,09-10-2024,05-12-2024,Leisure,Train,4,3449.55,8
TRIP07080,USER5105,Istanbul,05-06-2024,11-09-2024,Family,Bus,2,3330.61,7
TRIP07081,USER1133,Sydney,09-12-2024,15-04-2025,Business,Bus,4,2576.59,6
TRIP07082,USER8884,Barcelona,22-12-2024,15-04-2025,Business,Car,4,4237.85,4
TRIP07083,USER6039,Rome,11-06-2024,27-08-2024,Beach,Train,2,1593.82,3
TRIP07084,USER5125,New York,06-02-2025,07-02-2025,Business,Cruise,3,4471.05,6
TRIP07085,USER3527,Bangkok,05-03-2025,13-04-2025,Cultural,Cruise,2,3464.95,5
TRIP07087,USER8879,Tokyo,22-11-2024,03-03-2025,Adventure,Train,5,2775.82,8
TRIP07088,USER2730,London,30-12-2024,15-03-2025,Business,Cruise,3,3812.84,5
TRIP07089,USER6935,Tokyo,20-10-2024,24-01-2025,Family,Flight,3,4546.66,2
TRIP07090,USER4126,Sydney,03-06-2024,20-08-2024,Cultural,Train,4,3332.68,2
TRIP07091,USER1327,Istanbul,18-12-2024,27-01-2025,Cultural,Cruise,2,3380.39,6
TRIP07092,USER9163,New York,27-09-2024,02-04-2025,Family,Train,4,4759.21,1
TRIP07093,USER8208,Istanbul,03-05-2024,15-06-2024,Cultural,Train,1,3052.49,10
TRIP07094,USER9998,London,29-11-2024,17-02-2025,Beach,Bus,2,1127.63,7
TRIP07095,USER7485,Barcelona,06-08-2024,07-03-2025,Beach,Flight,1,3875.92,10
TRIP07096,USER9639,New York,15-09-2024,04-12-2024,Beach,Train,1,3383.96,4
TRIP07097,USER3957,Rome,30-12-2024,05-02-2025,Business,Bus,2,774.33,10
TRIP07098,USER6678,Rome,22-02-2025,10-04-2025,Leisure,Flight,5,4751.73,9
TRIP07099,USER5862,Dubai,14-05-2024,21-06-2024,Cultural,Flight,5,2956.68,1
TRIP07100,USER9475,Barcelona,15-12-2024,07-01-2025,Beach,Flight,2,4174.74,4
TRIP07101,USER9208,Bangkok,05-08-2024,25-11-2024,Business,Bus,2,4981.06,3
TRIP07102,USER8222,Dubai,23-10-2024,02-02-2025,Family,Train,3,3896.73,3
TRIP07103,USER5177,London,22-09-2024,04-02-2025,Adventure,Bus,5,4920.41,3
TRIP07104,USER9819,Rome,28-04-2024,26-03-2025,Adventure,Cruise,1,2474.12,9
TRIP07105,USER2855,Tokyo,09-05-2024,02-10-2024,Adventure,Bus,1,960.38,10
TRIP07106,USER2694,London,20-10-2024,01-02-2025,Business,Train,4,4658.84,10
TRIP07107,USER7778,Rome,25-12-2024,13-03-2025,Cultural,Bus,5,3474.59,9
TRIP07108,USER6276,Tokyo,09-02-2025,25-02-2025,Family,Flight,5,940.23,6
TRIP07109,USER5185,Sydney,12-07-2024,05-09-2024,Leisure,Train,3,4279.28,4
TRIP07110,USER1988,Bangkok,29-09-2024,05-10-2024,Business,Bus,3,2836.11,7
TRIP07111,USER2123,Bangkok,21-11-2024,07-02-2025,Beach,Train,3,1319.79,3
TRIP07112,USER7608,Bangkok,23-05-2024,17-11-2024,Business,Car,4,3881.09,9
TRIP07113,USER4964,Paris,13-05-2024,29-08-2024,Adventure,Bus,1,3981.55,8
TRIP07114,USER2389,Dubai,20-07-2024,19-11-2024,Family,Bus,1,2327.76,4
TRIP07115,USER8564,Bangkok,16-10-2024,10-11-2024,Cultural,Cruise,2,3798.93,3
TRIP07116,USER7420,Istanbul,09-08-2024,13-03-2025,Cultural,Cruise,3,2758.23,6
TRIP07117,USER2191,London,14-02-2025,22-02-2025,Adventure,Flight,3,3041.35,1
TRIP07118,USER6569,London,13-10-2024,25-10-2024,Business,Train,5,1879.17,10
TRIP07119,USER3882,Istanbul,12-12-2024,29-12-2024,Adventure,Bus,1,796.44,7
TRIP07120,USER8332,Istanbul,14-04-2024,17-08-2024,Family,Bus,2,2208.04,4
TRIP07121,USER6794,Tokyo,07-10-2024,16-01-2025,Cultural,Bus,2,3213.11,6
TRIP07122,USER7995,Tokyo,19-05-2024,15-07-2024,Business,Flight,3,798.22,5
TRIP07123,USER6622,Barcelona,18-01-2025,22-03-2025,Beach,Car,3,4138.86,2
TRIP07124,USER4795,Paris,06-12-2024,17-02-2025,Cultural,Flight,2,1016.93,8
TRIP07125,USER2376,Sydney,30-07-2024,16-12-2024,Family,Flight,2,2625.36,5
TRIP07126,USER8294,London,11-05-2024,22-07-2024,Beach,Bus,5,2491.79,6
TRIP07127,USER5591,Rome,28-09-2024,24-12-2024,Business,Car,5,4331.13,5
TRIP07128,USER3814,Sydney,21-04-2024,26-06-2024,Cultural,Car,1,4552.04,7
TRIP07129,USER5048,Rome,10-06-2024,09-03-2025,Beach,Flight,3,3462.91,1
TRIP07130,USER2478,Paris,05-06-2024,04-02-2025,Family,Train,1,4234.62,6
TRIP07131,USER8190,Rome,05-02-2025,19-02-2025,Beach,Flight,5,938.92,2
TRIP07132,USER5772,Dubai,29-08-2024,07-02-2025,Family,Cruise,3,3117.78,10
TRIP07133,USER6007,Tokyo,26-04-2024,05-10-2024,Cultural,Car,4,2619.77,9
TRIP07134,USER6890,Sydney,18-03-2024,14-09-2024,Leisure,Bus,1,2985.48,1
TRIP07135,USER3563,Istanbul,03-04-2024,29-04-2024,Adventure,Car,5,3550.54,5
TRIP07136,USER4584,New York,24-03-2024,26-03-2025,Adventure,Train,1,3427.51,10
TRIP07137,USER7838,Dubai,18-05-2024,29-05-2024,Cultural,Car,5,4708.65,2
TRIP07138,USER2966,London,16-03-2024,21-11-2024,Business,Train,2,4897.98,7
TRIP07139,USER8639,Tokyo,06-03-2025,06-03-2025,Leisure,Car,4,3542.79,7
TRIP07140,USER1927,London,15-05-2024,12-02-2025,Cultural,Train,4,4999.58,6
TRIP07141,USER7423,New York,11-11-2024,16-01-2025,Business,Cruise,5,2890.74,5
TRIP07142,USER6019,Paris,14-04-2024,13-08-2024,Family,Flight,1,1533.79,9
TRIP07143,USER8949,Paris,12-09-2024,20-02-2025,Adventure,Train,5,1189.41,6
TRIP07144,USER3278,Barcelona,25-12-2024,10-04-2025,Cultural,Train,3,548.82,9
TRIP07145,USER7187,London,11-11-2024,25-12-2024,Business,Car,4,4673.75,6
TRIP07146,USER9680,Istanbul,10-04-2024,09-05-2024,Cultural,Bus,2,866.27,6
TRIP07147,USER2531,Paris,15-05-2024,27-08-2024,Family,Cruise,1,2681.2,1
TRIP07148,USER7127,Barcelona,23-04-2024,19-09-2024,Beach,Car,5,4436.99,2
TRIP07149,USER3199,New York,30-10-2024,18-03-2025,Family,Cruise,1,4864.85,1
TRIP07150,USER6609,Bangkok,10-04-2024,01-09-2024,Leisure,Cruise,2,894.1,7
TRIP07151,USER3567,Paris,06-07-2024,16-03-2025,Beach,Bus,2,1295.6,6
TRIP07152,USER4564,Barcelona,29-06-2024,23-10-2024,Leisure,Flight,2,2799.28,5
TRIP07153,USER5878,Rome,04-05-2024,07-02-2025,Adventure,Car,4,2847.22,1
TRIP07154,USER3887,New York,11-02-2025,12-03-2025,Family,Car,4,3609.69,5
TRIP07155,USER9878,Rome,19-11-2024,10-12-2024,Cultural,Flight,5,1718.77,8
TRIP07156,USER4560,Tokyo,09-05-2024,07-08-2024,Business,Cruise,3,3276.36,1
TRIP07157,USER9581,Istanbul,28-05-2024,26-01-2025,Cultural,Car,1,1344.61,2
TRIP07158,USER5484,Dubai,15-03-2025,14-04-2025,Leisure,Car,5,2767.36,7
TRIP07159,USER4296,Tokyo,16-07-2024,20-01-2025,Leisure,Bus,3,2153.47,3
TRIP07160,USER5131,New York,02-01-2025,05-02-2025,Adventure,Bus,3,4978.88,8
TRIP07161,USER3343,London,03-10-2024,11-11-2024,Beach,Cruise,4,4568.65,6
TRIP07162,USER8197,London,11-09-2024,09-04-2025,Business,Bus,1,3554.59,5
TRIP07163,USER9896,Barcelona,24-03-2024,15-04-2024,Family,Car,2,916.09,7
TRIP07164,USER9018,Istanbul,23-05-2024,26-07-2024,Leisure,Flight,2,4061.06,5
TRIP07165,USER6702,Istanbul,27-11-2024,14-04-2025,Adventure,Flight,5,1661.55,9
TRIP07166,USER1449,Sydney,14-10-2024,04-04-2025,Leisure,Flight,3,4219.07,5
TRIP07167,USER9830,New York,20-09-2024,05-12-2024,Leisure,Car,2,4650.7,9
TRIP07168,USER2276,Tokyo,25-06-2024,06-02-2025,Cultural,Car,1,2073.23,1
TRIP07169,USER1123,Barcelona,14-07-2024,29-08-2024,Business,Flight,4,2487.21,7
TRIP07170,USER5125,New York,25-11-2024,13-04-2025,Adventure,Car,3,4911.13,10
TRIP07171,USER5976,Barcelona,05-03-2025,01-04-2025,Cultural,Bus,2,2243.58,5
TRIP07172,USER1134,Istanbul,25-02-2025,14-04-2025,Adventure,Cruise,2,1980.94,1
TRIP07173,USER6632,Rome,27-11-2024,18-02-2025,Adventure,Train,2,1772.9,6
TRIP07174,USER2822,Barcelona,27-11-2024,27-03-2025,Cultural,Flight,5,1488.92,10
TRIP07175,USER2718,New York,21-08-2024,07-10-2024,Business,Train,4,3435.99,4
TRIP07176,USER1146,Sydney,06-06-2024,04-08-2024,Family,Cruise,4,1049.86,4
TRIP07177,USER3215,Rome,28-11-2024,10-03-2025,Beach,Bus,2,4604.31,4
TRIP07178,USER3374,Paris,18-02-2025,19-03-2025,Business,Car,1,3114.74,5
TRIP07179,USER8549,Bangkok,17-02-2025,25-02-2025,Cultural,Bus,2,917.86,6
TRIP07180,USER5729,Rome,29-08-2024,17-11-2024,Business,Bus,5,4161.86,9
TRIP07181,USER1709,Paris,28-02-2025,17-03-2025,Beach,Car,1,2796.06,2
TRIP07182,USER9496,New York,02-09-2024,05-01-2025,Family,Cruise,1,3443.57,10
TRIP07183,USER2526,Paris,06-04-2024,08-03-2025,Cultural,Car,4,2960.85,6
TRIP07184,USER6112,Sydney,16-12-2024,18-02-2025,Beach,Car,3,4809.73,8
TRIP07185,USER1199,London,24-02-2025,18-03-2025,Beach,Car,2,2760.38,3
TRIP07186,USER6017,Tokyo,20-09-2024,15-10-2024,Business,Train,2,1289.07,10
TRIP07187,USER1697,Paris,09-06-2024,03-10-2024,Cultural,Cruise,5,4407.38,6
TRIP07188,USER4012,Barcelona,16-04-2024,01-11-2024,Business,Flight,2,1626.36,2
TRIP07189,USER7875,Istanbul,15-01-2025,30-03-2025,Family,Flight,5,2004.8,2
TRIP07190,USER9667,Paris,19-04-2024,13-03-2025,Business,Flight,5,1357.98,10
TRIP07191,USER3823,Rome,27-11-2024,27-01-2025,Adventure,Car,1,2794.86,10
TRIP07192,USER3424,Sydney,27-07-2024,19-03-2025,Adventure,Car,3,1578.1,5
TRIP07193,USER5413,Istanbul,14-12-2024,20-12-2024,Business,Flight,1,826.27,3
TRIP07194,USER1799,New York,19-02-2025,10-04-2025,Adventure,Bus,4,2870.13,3
TRIP07195,USER9022,Dubai,26-03-2024,17-08-2024,Family,Car,1,2164.56,1
TRIP07196,USER3510,Sydney,16-06-2024,12-10-2024,Cultural,Flight,3,3415.95,10
TRIP07197,USER8165,Tokyo,06-06-2024,02-01-2025,Beach,Flight,1,2671.99,4
TRIP07198,USER7901,Barcelona,02-09-2024,17-09-2024,Cultural,Train,3,3877.66,4
TRIP07199,USER2648,Tokyo,14-06-2024,17-09-2024,Leisure,Train,2,4088.36,4
TRIP07200,USER3121,Sydney,11-03-2025,14-03-2025,Beach,Flight,2,885.23,5
TRIP07201,USER7131,Istanbul,17-08-2024,29-01-2025,Family,Car,3,2849.92,4
TRIP07202,USER3239,Istanbul,25-05-2024,27-02-2025,Adventure,Car,1,1300.89,7
TRIP07203,USER3974,New York,27-06-2024,22-02-2025,Beach,Bus,2,3644.42,1
TRIP07204,USER7843,New York,22-11-2024,25-12-2024,Adventure,Cruise,4,4400.54,3
TRIP07205,USER6141,Bangkok,25-03-2024,27-02-2025,Business,Car,3,4027.56,10
TRIP07206,USER6107,Dubai,22-08-2024,14-02-2025,Business,Train,2,2838.72,8
TRIP07207,USER5824,New York,27-07-2024,26-11-2024,Leisure,Cruise,1,1821.53,2
TRIP07208,USER5634,Bangkok,20-03-2024,02-07-2024,Business,Train,5,1550.32,7
TRIP07209,USER1590,Paris,16-05-2024,28-10-2024,Beach,Flight,4,1122.86,1
TRIP07210,USER3520,Tokyo,30-07-2024,17-11-2024,Cultural,Flight,3,4118.2,6
TRIP07211,USER3684,Dubai,02-06-2024,16-01-2025,Cultural,Bus,2,1089.99,4
TRIP07212,USER9072,Paris,18-02-2025,22-03-2025,Family,Flight,1,1159.82,9
TRIP07213,USER9884,Barcelona,07-11-2024,09-11-2024,Family,Car,4,3561.7,7
TRIP07214,USER9372,Sydney,23-07-2024,04-01-2025,Adventure,Bus,3,4691.6,7
TRIP07215,USER7795,Paris,12-01-2025,18-03-2025,Adventure,Cruise,1,3410.92,3
TRIP07216,USER7315,Sydney,05-11-2024,12-11-2024,Leisure,Car,2,4859.25,3
TRIP07217,USER3004,Istanbul,12-09-2024,06-10-2024,Leisure,Flight,3,2117.17,4
TRIP07218,USER3144,Bangkok,12-07-2024,28-10-2024,Leisure,Car,5,3360.2,8
TRIP07219,USER1844,Tokyo,22-06-2024,29-07-2024,Adventure,Train,2,4640.14,9
TRIP07220,USER2010,Dubai,29-07-2024,20-03-2025,Adventure,Car,3,3471.93,4
TRIP07221,USER9434,Rome,22-09-2024,28-01-2025,Leisure,Cruise,1,1581.79,2
TRIP07222,USER6711,Barcelona,24-06-2024,13-12-2024,Adventure,Train,4,2371.54,9
TRIP07223,USER2745,Istanbul,20-05-2024,23-03-2025,Cultural,Train,4,3381.23,7
TRIP07224,USER9798,London,15-11-2024,19-03-2025,Business,Train,5,1518.84,6
TRIP07225,USER4277,New York,29-10-2024,21-01-2025,Business,Bus,4,4009.04,10
TRIP07226,USER7014,Istanbul,02-09-2024,14-12-2024,Adventure,Flight,4,2580.17,9
TRIP07227,USER8299,Bangkok,26-09-2024,21-02-2025,Family,Train,5,4533.89,10
TRIP07228,USER7885,Sydney,21-12-2024,21-12-2024,Beach,Flight,5,924.54,9
TRIP07229,USER7253,Istanbul,15-06-2024,23-02-2025,Business,Bus,1,4006.37,10
TRIP07230,USER9578,Rome,18-12-2024,26-01-2025,Cultural,Bus,1,1387.53,7
TRIP07231,USER6551,Barcelona,30-10-2024,20-03-2025,Beach,Bus,3,3602.1,4
TRIP07232,USER1760,Tokyo,28-09-2024,18-11-2024,Adventure,Train,5,4162.15,5
TRIP07233,USER7722,Paris,21-09-2024,08-01-2025,Leisure,Bus,2,2141.53,10
TRIP07234,USER7492,New York,04-04-2024,29-10-2024,Cultural,Cruise,3,1154.15,10
TRIP07235,USER1273,Istanbul,13-11-2024,30-03-2025,Family,Flight,4,3459.87,6
TRIP07236,USER5158,Tokyo,13-07-2024,14-12-2024,Family,Car,3,2002.61,5
TRIP07237,USER1668,London,21-03-2024,02-10-2024,Business,Flight,3,3082.95,9
TRIP07238,USER7603,New York,29-09-2024,27-10-2024,Business,Car,1,3121.52,6
TRIP07239,USER7535,London,28-12-2024,13-04-2025,Adventure,Flight,4,3143.03,10
TRIP07240,USER6067,Paris,19-11-2024,15-04-2025,Beach,Train,2,2519.19,8
TRIP07241,USER1744,New York,31-03-2024,25-08-2024,Cultural,Train,3,2766.23,3
TRIP07242,USER3664,Bangkok,04-03-2025,11-03-2025,Business,Cruise,1,1992.29,5
TRIP07243,USER5520,London,17-01-2025,10-04-2025,Leisure,Train,5,3405.81,5
TRIP07244,USER7197,Tokyo,21-05-2024,01-08-2024,Cultural,Cruise,5,2678.29,10
TRIP07245,USER5573,Barcelona,29-11-2024,09-12-2024,Business,Bus,2,3656.05,7
TRIP07246,USER6401,Istanbul,05-08-2024,30-03-2025,Family,Flight,1,3047.43,5
TRIP07247,USER7990,Bangkok,11-04-2024,08-09-2024,Cultural,Cruise,5,3477.48,9
TRIP07248,USER7586,Paris,12-01-2025,07-02-2025,Beach,Bus,1,2843.24,2
TRIP07249,USER8272,Barcelona,04-03-2025,04-03-2025,Leisure,Flight,1,1829.98,4
TRIP07250,USER3225,Istanbul,26-11-2024,09-02-2025,Business,Car,4,1294.23,10
TRIP07251,USER9811,Bangkok,01-01-2025,02-03-2025,Adventure,Train,2,2818.54,10
TRIP07252,USER4000,Paris,04-06-2024,25-07-2024,Leisure,Car,5,3869.17,9
TRIP07253,USER2432,New York,03-09-2024,19-09-2024,Family,Bus,5,4860.29,3
TRIP07254,USER4577,Barcelona,22-12-2024,26-03-2025,Beach,Bus,4,2794.55,2
TRIP07255,USER1939,Istanbul,27-07-2024,30-03-2025,Adventure,Car,2,1187.79,10
TRIP07256,USER8554,Paris,21-11-2024,03-03-2025,Leisure,Flight,3,2915.1,2
TRIP07257,USER9417,Dubai,12-10-2024,09-01-2025,Adventure,Car,3,4310.93,2
TRIP07258,USER8259,Rome,03-12-2024,26-12-2024,Adventure,Train,3,4453.48,9
TRIP07259,USER4680,London,23-11-2024,29-01-2025,Adventure,Cruise,4,2670.31,9
TRIP07260,USER8945,Paris,05-03-2025,22-03-2025,Beach,Car,3,2916.37,5
TRIP07261,USER2961,Sydney,05-01-2025,09-03-2025,Family,Flight,3,4141.04,7
TRIP07262,USER4037,Barcelona,20-05-2024,07-02-2025,Leisure,Car,1,3979.46,1
TRIP07263,USER6765,Dubai,07-08-2024,26-08-2024,Beach,Flight,4,1463.15,6
TRIP07264,USER1317,Bangkok,27-10-2024,17-02-2025,Leisure,Car,3,4568.61,5
TRIP07265,USER2733,London,24-05-2024,09-09-2024,Leisure,Train,1,4190.36,6
TRIP07266,USER1460,London,04-01-2025,19-01-2025,Leisure,Train,4,2479.84,1
TRIP07267,USER6995,Barcelona,18-01-2025,15-02-2025,Business,Car,3,4610.52,2
TRIP07268,USER7527,Paris,08-02-2025,16-03-2025,Cultural,Flight,4,3778.06,4
TRIP07269,USER3539,Rome,02-04-2024,14-03-2025,Beach,Flight,2,4428.64,4
TRIP07270,USER2364,London,03-07-2024,19-01-2025,Leisure,Train,3,1195.36,4
TRIP07271,USER1620,Barcelona,10-08-2024,20-02-2025,Adventure,Bus,3,3387.67,8
TRIP07272,USER2299,Barcelona,13-07-2024,17-12-2024,Beach,Car,5,1341.83,6
TRIP07273,USER8151,Istanbul,15-08-2024,15-12-2024,Beach,Cruise,1,3918.37,3
TRIP07274,USER9139,New York,09-09-2024,26-02-2025,Beach,Bus,5,2263.61,5
TRIP07275,USER8555,Rome,09-03-2025,18-03-2025,Beach,Train,2,2290.99,8
TRIP07276,USER3666,Paris,16-01-2025,22-02-2025,Beach,Bus,1,3849.16,10
TRIP07277,USER2495,Bangkok,21-10-2024,30-11-2024,Family,Car,5,1120.1,1
TRIP07279,USER2454,Rome,25-12-2024,12-04-2025,Beach,Car,2,4781.86,4
TRIP07280,USER5122,Paris,16-06-2024,28-09-2024,Leisure,Cruise,1,601.24,5
TRIP07281,USER7934,New York,14-09-2024,21-12-2024,Business,Car,3,3625.39,1
TRIP07282,USER5218,Bangkok,15-09-2024,24-10-2024,Adventure,Flight,5,688.34,6
TRIP07283,USER8383,London,26-04-2024,28-11-2024,Family,Cruise,3,1969.06,9
TRIP07284,USER9736,Paris,27-02-2025,08-03-2025,Beach,Cruise,5,3769.97,7
TRIP07285,USER2710,Istanbul,10-04-2024,18-05-2024,Cultural,Cruise,3,3009.35,6
TRIP07286,USER2720,Rome,25-10-2024,15-12-2024,Cultural,Car,4,1142.72,10
TRIP07287,USER4306,Paris,28-10-2024,07-03-2025,Business,Cruise,2,844.63,8
TRIP07288,USER9571,Tokyo,29-12-2024,06-02-2025,Cultural,Flight,5,3330.58,9
TRIP07289,USER4572,New York,25-11-2024,31-01-2025,Adventure,Flight,4,2599.44,4
TRIP07290,USER6031,Sydney,13-11-2024,04-04-2025,Family,Cruise,5,3633.56,6
TRIP07291,USER5334,Istanbul,27-07-2024,09-04-2025,Business,Flight,2,4241.25,2
TRIP07292,USER7336,Tokyo,23-09-2024,22-11-2024,Family,Train,5,3808.67,9
TRIP07293,USER1735,Istanbul,22-06-2024,11-07-2024,Family,Flight,3,2316.04,10
TRIP07294,USER1016,Tokyo,30-04-2024,21-06-2024,Cultural,Train,2,1948.31,8
TRIP07295,USER5947,Dubai,21-10-2024,13-02-2025,Family,Flight,2,1512.13,8
TRIP07296,USER6927,New York,27-03-2024,19-12-2024,Beach,Train,5,4224.46,3
TRIP07297,USER8775,Paris,14-04-2024,04-04-2025,Family,Car,2,529.76,4
TRIP07298,USER3976,New York,17-04-2024,14-04-2025,Leisure,Car,5,4664.52,9
TRIP07299,USER3391,Istanbul,18-03-2024,06-04-2025,Business,Car,3,1705.5,5
TRIP07300,USER3179,Dubai,16-08-2024,18-12-2024,Adventure,Train,3,4746.24,1
TRIP07301,USER6859,Paris,14-10-2024,26-11-2024,Cultural,Flight,1,1977.53,8
TRIP07302,USER7476,Barcelona,21-05-2024,10-07-2024,Beach,Car,2,4653.2,9
TRIP07303,USER9675,Rome,30-04-2024,03-07-2024,Cultural,Bus,2,1543.42,2
TRIP07304,USER3883,Barcelona,28-02-2025,28-03-2025,Adventure,Bus,2,2968.27,10
TRIP07305,USER7807,Barcelona,06-10-2024,08-11-2024,Family,Bus,1,4493.58,4
TRIP07306,USER2893,Sydney,28-08-2024,02-01-2025,Adventure,Train,2,2911.33,3
TRIP07307,USER4712,London,05-01-2025,05-01-2025,Beach,Car,4,4373.86,5
TRIP07308,USER5017,Dubai,15-03-2025,08-04-2025,Family,Cruise,3,3588.74,1
TRIP07309,USER2280,London,11-03-2025,20-03-2025,Cultural,Bus,3,519.05,2
TRIP07310,USER1129,London,25-12-2024,18-02-2025,Business,Flight,3,2760.28,4
TRIP07311,USER1660,Rome,13-08-2024,01-09-2024,Adventure,Cruise,2,2447.32,1
TRIP07312,USER1129,Sydney,14-10-2024,30-01-2025,Family,Train,3,4811.08,2
TRIP07313,USER5202,Tokyo,12-05-2024,13-12-2024,Beach,Flight,5,3915.08,8
TRIP07314,USER1609,Barcelona,14-03-2025,16-03-2025,Leisure,Cruise,3,1237.97,4
TRIP07315,USER5522,New York,24-09-2024,02-11-2024,Beach,Flight,2,3714.66,10
TRIP07316,USER2063,London,05-01-2025,19-03-2025,Family,Cruise,1,4157.27,4
TRIP07317,USER2157,London,09-01-2025,22-02-2025,Adventure,Flight,2,2555.41,2
TRIP07318,USER9375,London,17-11-2024,25-11-2024,Cultural,Car,4,1462.81,7
TRIP07319,USER3016,Dubai,15-02-2025,06-04-2025,Adventure,Bus,1,3757.29,9
TRIP07320,USER7590,London,30-12-2024,12-01-2025,Leisure,Bus,5,4980.09,6
TRIP07321,USER8835,London,29-12-2024,06-01-2025,Adventure,Flight,3,1145.11,4
TRIP07322,USER8881,Istanbul,01-07-2024,18-02-2025,Leisure,Car,3,2241.95,3
TRIP07323,USER7055,Istanbul,19-11-2024,12-02-2025,Beach,Flight,4,2424.5,3
TRIP07324,USER5080,Istanbul,20-10-2024,22-11-2024,Business,Bus,2,4663.43,6
TRIP07325,USER8957,Paris,07-07-2024,10-07-2024,Beach,Car,1,2300.03,4
TRIP07326,USER9242,Rome,21-11-2024,28-11-2024,Adventure,Cruise,4,3540.37,3
TRIP07327,USER2905,Barcelona,25-03-2024,29-01-2025,Business,Bus,3,4326.47,9
TRIP07328,USER7625,Rome,07-02-2025,07-03-2025,Business,Flight,3,4665.21,10
TRIP07329,USER3166,Rome,24-06-2024,03-07-2024,Business,Flight,4,4665.04,6
TRIP07330,USER6149,New York,03-02-2025,15-02-2025,Family,Cruise,4,3071.82,9
TRIP07331,USER9704,Istanbul,19-11-2024,28-12-2024,Cultural,Car,4,2358.78,3
TRIP07332,USER8026,Tokyo,17-06-2024,17-06-2024,Beach,Flight,4,2850.79,8
TRIP07333,USER3952,Sydney,24-05-2024,11-02-2025,Adventure,Bus,4,1512.89,10
TRIP07334,USER6902,Dubai,19-01-2025,04-03-2025,Adventure,Train,1,3833.7,9
TRIP07335,USER3349,Tokyo,12-01-2025,03-04-2025,Family,Bus,3,1434.9,9
TRIP07336,USER2368,Sydney,11-04-2024,26-08-2024,Beach,Flight,5,1522.42,8
TRIP07337,USER2027,Rome,31-08-2024,04-01-2025,Cultural,Train,5,4119.55,4
TRIP07338,USER3830,Paris,16-04-2024,29-07-2024,Leisure,Car,5,4487.8,2
TRIP07339,USER5097,New York,18-06-2024,10-12-2024,Family,Car,3,3259.92,6
TRIP07340,USER1865,New York,28-10-2024,14-01-2025,Family,Car,2,3700.42,9
TRIP07341,USER4234,Istanbul,18-09-2024,06-12-2024,Adventure,Cruise,4,1633.66,4
TRIP07342,USER9375,Barcelona,21-07-2024,22-03-2025,Business,Bus,4,2519.44,7
TRIP07343,USER3277,Dubai,26-02-2025,11-04-2025,Family,Car,2,3044.5,5
TRIP07344,USER4194,London,22-11-2024,25-11-2024,Adventure,Cruise,5,829.85,6
TRIP07345,USER5009,New York,16-09-2024,22-03-2025,Cultural,Car,1,931.96,4
TRIP07346,USER4591,Sydney,11-01-2025,06-03-2025,Business,Train,3,581.25,3
TRIP07347,USER6720,Paris,22-08-2024,17-02-2025,Adventure,Bus,1,1560.28,9
TRIP07348,USER1907,Bangkok,31-08-2024,04-11-2024,Adventure,Car,3,1710.34,3
TRIP07349,USER3424,London,12-02-2025,17-02-2025,Beach,Bus,2,2869.41,9
TRIP07350,USER9778,New York,08-11-2024,24-11-2024,Family,Train,1,4658.82,7
TRIP07351,USER7411,Sydney,01-07-2024,14-07-2024,Business,Train,3,3937.58,5
TRIP07352,USER7036,Paris,23-04-2024,10-03-2025,Adventure,Car,4,1266.95,1
TRIP07353,USER9825,Tokyo,30-08-2024,22-03-2025,Adventure,Cruise,2,4699.09,7
TRIP07354,USER3129,Barcelona,04-07-2024,13-02-2025,Cultural,Car,2,3908.13,7
TRIP07355,USER2651,London,20-09-2024,14-10-2024,Leisure,Cruise,1,1157.45,4
TRIP07356,USER2662,Dubai,28-03-2024,19-01-2025,Family,Bus,1,768.95,9
TRIP07357,USER4584,New York,05-05-2024,19-08-2024,Beach,Train,4,4159.71,10
TRIP07358,USER1671,Rome,30-08-2024,16-02-2025,Beach,Bus,2,1225.49,10
TRIP07359,USER8569,Paris,01-10-2024,17-10-2024,Adventure,Cruise,5,4494.16,2
TRIP07360,USER5843,Barcelona,31-01-2025,08-03-2025,Family,Flight,2,1650.07,4
TRIP07361,USER7469,Bangkok,16-01-2025,02-04-2025,Business,Car,4,1306.08,7
TRIP07362,USER3120,Bangkok,26-12-2024,08-01-2025,Leisure,Cruise,5,1645.76,4
TRIP07363,USER7805,Dubai,12-11-2024,30-11-2024,Business,Car,4,2670.03,4
TRIP07364,USER7527,London,09-11-2024,19-11-2024,Adventure,Train,5,3372.58,10
TRIP07365,USER1075,Bangkok,30-12-2024,14-01-2025,Cultural,Train,1,3946.43,8
TRIP07366,USER3175,Tokyo,30-03-2024,29-11-2024,Business,Car,3,910.93,10
TRIP07367,USER6633,Dubai,22-04-2024,24-03-2025,Family,Car,5,1428.58,8
TRIP07368,USER1556,New York,17-08-2024,22-08-2024,Family,Car,5,4778.55,10
TRIP07369,USER9090,Istanbul,19-12-2024,24-02-2025,Beach,Bus,1,3326.36,7
TRIP07370,USER1231,Dubai,09-11-2024,29-12-2024,Cultural,Car,4,3580.87,3
TRIP07371,USER8207,Tokyo,08-09-2024,23-01-2025,Adventure,Flight,4,4535.82,1
TRIP07372,USER1121,New York,15-04-2024,31-03-2025,Cultural,Flight,4,2562.84,3
TRIP07373,USER9515,Barcelona,13-05-2024,05-04-2025,Adventure,Car,1,2759.07,10
TRIP07374,USER2219,Barcelona,11-05-2024,23-05-2024,Cultural,Car,2,4855.42,9
TRIP07375,USER3054,Sydney,07-11-2024,22-03-2025,Adventure,Cruise,5,3593.97,9
TRIP07376,USER2219,Istanbul,05-07-2024,19-11-2024,Leisure,Bus,1,2784.89,2
TRIP07377,USER3155,Rome,12-12-2024,07-01-2025,Leisure,Train,4,4470.13,6
TRIP07378,USER4061,Dubai,27-10-2024,26-01-2025,Adventure,Flight,2,3529.36,8
TRIP07379,USER9617,Tokyo,20-12-2024,24-01-2025,Family,Bus,4,4736.28,4
TRIP07380,USER4462,New York,23-12-2024,11-02-2025,Cultural,Train,4,1126.76,7
TRIP07381,USER8125,Istanbul,24-03-2024,16-12-2024,Cultural,Cruise,2,2615.16,8
TRIP07382,USER7612,Paris,07-04-2024,31-12-2024,Family,Bus,4,3228.93,9
TRIP07383,USER5147,New York,15-02-2025,07-03-2025,Cultural,Cruise,5,4707.68,9
TRIP07384,USER6321,Istanbul,28-10-2024,02-04-2025,Business,Train,2,3261.84,10
TRIP07385,USER5663,Rome,17-10-2024,21-03-2025,Leisure,Train,4,3323.09,10
TRIP07386,USER5847,Rome,05-10-2024,07-02-2025,Beach,Cruise,5,3085,10
TRIP07387,USER4190,Rome,21-07-2024,01-04-2025,Adventure,Bus,1,4230.98,6
TRIP07388,USER6702,Rome,13-02-2025,22-03-2025,Beach,Cruise,3,4355.23,7
TRIP07389,USER5469,Bangkok,02-01-2025,15-02-2025,Leisure,Cruise,2,4639.65,7
TRIP07390,USER6986,Paris,01-11-2024,12-02-2025,Cultural,Car,2,1343.83,6
TRIP07391,USER2371,Paris,06-11-2024,01-12-2024,Business,Train,2,2676.76,9
TRIP07392,USER2254,Tokyo,07-10-2024,20-10-2024,Adventure,Bus,3,3136.72,3
TRIP07393,USER9471,Bangkok,23-02-2025,29-03-2025,Beach,Bus,5,1544.12,7
TRIP07394,USER9914,Paris,17-03-2024,24-05-2024,Family,Bus,5,1769.19,4
TRIP07395,USER6128,New York,06-05-2024,24-06-2024,Cultural,Cruise,1,1512.68,1
TRIP07396,USER1014,New York,25-01-2025,28-03-2025,Beach,Cruise,1,1158.21,9
TRIP07397,USER2605,New York,21-12-2024,09-01-2025,Beach,Bus,2,1508.49,3
TRIP07398,USER4594,Bangkok,05-07-2024,23-09-2024,Cultural,Car,3,2043.1,7
TRIP07399,USER5658,New York,10-12-2024,24-02-2025,Family,Car,4,535.71,7
TRIP07400,USER6044,Istanbul,04-05-2024,04-06-2024,Cultural,Cruise,5,2035.35,7
TRIP07401,USER3458,Rome,28-11-2024,21-02-2025,Cultural,Bus,4,3502.03,2
TRIP07402,USER5524,Dubai,16-05-2024,17-09-2024,Family,Flight,4,1246.85,9
TRIP07403,USER7447,London,24-01-2025,14-02-2025,Beach,Train,3,1737.68,8
TRIP07404,USER2191,Paris,01-03-2025,29-03-2025,Leisure,Car,1,3121.61,7
TRIP07405,USER7233,Bangkok,04-10-2024,27-10-2024,Beach,Train,5,750.05,10
TRIP07406,USER6362,Tokyo,18-05-2024,06-11-2024,Family,Flight,3,2876.58,3
TRIP07407,USER3363,Rome,10-04-2024,12-03-2025,Cultural,Bus,1,4159.9,7
TRIP07408,USER4637,Paris,25-01-2025,10-04-2025,Beach,Train,4,1941.56,7
TRIP07409,USER7174,Tokyo,27-09-2024,04-01-2025,Business,Car,5,1646.81,10
TRIP07410,USER6927,New York,19-04-2024,22-12-2024,Beach,Bus,3,3196.52,2
TRIP07411,USER8883,Istanbul,05-11-2024,17-02-2025,Family,Cruise,5,1849.72,6
TRIP07412,USER1818,Paris,10-03-2025,01-04-2025,Family,Cruise,4,4526.1,3
TRIP07413,USER8816,Istanbul,11-09-2024,01-03-2025,Family,Flight,5,4337.12,3
TRIP07414,USER7720,Sydney,07-01-2025,28-02-2025,Family,Cruise,4,1014.12,4
TRIP07415,USER8222,Bangkok,23-02-2025,08-03-2025,Business,Cruise,3,2394.39,6
TRIP07416,USER5542,London,02-01-2025,17-01-2025,Business,Bus,5,1238.82,6
TRIP07417,USER6417,Barcelona,03-11-2024,17-02-2025,Beach,Train,4,1085.72,10
TRIP07418,USER7271,Barcelona,06-07-2024,27-08-2024,Business,Flight,3,4669.95,3
TRIP07419,USER8667,New York,04-07-2024,22-12-2024,Family,Car,2,2784.35,8
TRIP07420,USER4558,New York,25-05-2024,01-11-2024,Cultural,Flight,2,3511.82,7
TRIP07421,USER6899,London,15-10-2024,12-11-2024,Beach,Flight,5,3527.48,8
TRIP07422,USER1485,Istanbul,25-11-2024,08-12-2024,Beach,Car,4,4683.62,2
TRIP07423,USER3695,Tokyo,04-12-2024,16-12-2024,Leisure,Flight,2,1154.47,8
TRIP07424,USER3891,Rome,24-03-2024,27-10-2024,Family,Car,5,4555.17,8
TRIP07425,USER7450,Dubai,22-10-2024,19-12-2024,Adventure,Train,1,2338.79,10
TRIP07426,USER7154,Paris,16-06-2024,04-02-2025,Business,Bus,4,4496.92,3
TRIP07427,USER7720,Bangkok,13-03-2025,07-04-2025,Business,Car,1,2549.2,5
TRIP07428,USER6607,Tokyo,28-12-2024,19-03-2025,Beach,Train,4,1365.63,4
TRIP07429,USER9571,Tokyo,21-12-2024,05-03-2025,Cultural,Train,3,2375.2,1
TRIP07430,USER1137,Dubai,19-08-2024,17-12-2024,Business,Cruise,4,3747.11,5
TRIP07431,USER2641,Dubai,11-07-2024,01-10-2024,Business,Flight,4,3605.36,7
TRIP07432,USER3996,Rome,27-02-2025,24-03-2025,Beach,Train,2,1842.16,7
TRIP07433,USER4863,Istanbul,12-11-2024,20-03-2025,Family,Bus,2,4721.8,2
TRIP07434,USER6904,Tokyo,19-04-2024,08-08-2024,Beach,Train,4,3546.34,6
TRIP07436,USER7301,Paris,08-06-2024,20-09-2024,Business,Car,5,3751.22,8
TRIP07437,USER7010,Bangkok,15-10-2024,13-02-2025,Leisure,Train,1,842.99,6
TRIP07438,USER1996,Sydney,27-07-2024,23-08-2024,Business,Train,5,3667.41,8
TRIP07439,USER3272,Barcelona,12-05-2024,29-01-2025,Business,Flight,4,2646.98,5
TRIP07441,USER4477,Paris,24-02-2025,27-02-2025,Cultural,Flight,5,566.63,9
TRIP07442,USER7122,Rome,29-01-2025,14-04-2025,Beach,Cruise,1,4474.86,10
TRIP07443,USER4648,Dubai,07-08-2024,11-10-2024,Family,Bus,5,2042.32,2
TRIP07444,USER1984,Sydney,14-06-2024,21-08-2024,Family,Bus,5,4188.83,3
TRIP07445,USER7981,Barcelona,02-03-2025,30-03-2025,Leisure,Cruise,1,3073.77,6
TRIP07446,USER1466,Bangkok,02-01-2025,25-02-2025,Beach,Flight,4,3785.42,4
TRIP07447,USER3846,New York,03-08-2024,01-03-2025,Beach,Flight,4,2275.71,10
TRIP07448,USER1728,Rome,11-08-2024,09-09-2024,Leisure,Cruise,4,2193.79,8
TRIP07449,USER3955,Rome,29-04-2024,05-03-2025,Family,Cruise,4,2854.18,7
TRIP07450,USER6583,Istanbul,24-09-2024,27-09-2024,Beach,Car,3,4615.28,6
TRIP07451,USER1322,Tokyo,08-02-2025,18-02-2025,Adventure,Train,3,3366.66,4
TRIP07452,USER7612,Paris,21-05-2024,08-01-2025,Family,Flight,5,3080.75,2
TRIP07453,USER2719,Istanbul,05-12-2024,11-12-2024,Adventure,Cruise,2,4335.11,10
TRIP07454,USER2004,Barcelona,11-09-2024,11-09-2024,Family,Flight,4,835.7,8
TRIP07455,USER7600,Barcelona,18-07-2024,03-03-2025,Business,Cruise,3,4555.78,10
TRIP07456,USER8969,Tokyo,26-09-2024,13-12-2024,Cultural,Bus,2,2823.03,5
TRIP07457,USER9092,Tokyo,17-06-2024,23-06-2024,Business,Bus,4,4126.19,8
TRIP07458,USER3630,Sydney,11-06-2024,22-02-2025,Leisure,Bus,4,1212.01,5
TRIP07459,USER2087,London,11-08-2024,03-01-2025,Beach,Car,4,4272.38,5
TRIP07461,USER1648,Istanbul,18-11-2024,23-03-2025,Leisure,Train,5,2916.69,10
TRIP07462,USER9390,Bangkok,05-06-2024,24-01-2025,Business,Car,4,3316.29,8
TRIP07463,USER6068,London,05-08-2024,14-09-2024,Family,Bus,3,2526.98,10
TRIP07464,USER6073,Paris,15-02-2025,12-03-2025,Adventure,Bus,3,2055.44,5
TRIP07465,USER4844,Rome,03-02-2025,03-03-2025,Business,Train,5,3951.61,1
TRIP07466,USER2759,Sydney,29-08-2024,16-03-2025,Adventure,Car,4,4196.21,1
TRIP07467,USER9465,Istanbul,31-10-2024,26-12-2024,Business,Flight,1,1717.13,1
TRIP07468,USER5958,New York,22-11-2024,15-12-2024,Family,Train,1,3381.41,4
TRIP07469,USER1488,Paris,17-10-2024,11-12-2024,Adventure,Car,2,4047.56,2
TRIP07470,USER8536,Istanbul,04-12-2024,16-01-2025,Beach,Train,3,3599.73,8
TRIP07471,USER8462,Dubai,16-03-2024,12-12-2024,Family,Flight,5,4529.04,5
TRIP07472,USER7260,Paris,17-03-2024,14-11-2024,Cultural,Flight,2,4911.87,7
TRIP07473,USER1156,Barcelona,24-09-2024,03-10-2024,Adventure,Train,2,4734.07,2
TRIP07474,USER2880,Rome,30-03-2024,12-06-2024,Beach,Car,1,813.64,5
TRIP07475,USER7943,Barcelona,07-01-2025,05-02-2025,Beach,Car,2,2805.05,5
TRIP07476,USER3977,Rome,17-06-2024,13-09-2024,Business,Cruise,2,3194.23,7
TRIP07477,USER8085,Bangkok,02-03-2025,30-03-2025,Cultural,Bus,3,4552.6,8
TRIP07478,USER4685,Sydney,08-07-2024,13-01-2025,Leisure,Flight,4,2849.75,1
TRIP07479,USER7556,Sydney,30-05-2024,03-01-2025,Adventure,Train,4,1476.63,4
TRIP07480,USER1763,Bangkok,15-05-2024,09-07-2024,Leisure,Car,2,4611.96,9
TRIP07481,USER4631,Bangkok,11-07-2024,31-07-2024,Leisure,Train,2,2436.73,8
TRIP07482,USER6213,Tokyo,21-08-2024,07-03-2025,Family,Flight,1,1832.79,10
TRIP07483,USER6107,London,25-11-2024,29-01-2025,Beach,Bus,4,1679.57,4
TRIP07484,USER4659,Dubai,16-07-2024,28-01-2025,Cultural,Train,1,1163.37,7
TRIP07485,USER4379,Paris,17-04-2024,06-05-2024,Business,Cruise,4,2839.89,4
TRIP07486,USER3836,Dubai,18-07-2024,14-11-2024,Adventure,Cruise,4,4608.22,5
TRIP07487,USER5692,London,13-10-2024,10-11-2024,Adventure,Train,1,3895.21,4
TRIP07488,USER2087,New York,05-04-2024,16-03-2025,Business,Cruise,3,1716.93,9
TRIP07489,USER5238,London,26-01-2025,31-03-2025,Leisure,Cruise,2,2528.12,10
TRIP07490,USER1199,London,05-07-2024,17-11-2024,Business,Car,1,992.87,6
TRIP07491,USER6493,Bangkok,24-01-2025,31-03-2025,Beach,Cruise,5,3229.5,2
TRIP07492,USER4696,Bangkok,05-01-2025,23-02-2025,Leisure,Cruise,2,2150.81,3
TRIP07493,USER5285,Barcelona,06-09-2024,27-11-2024,Leisure,Train,5,3975.82,6
TRIP07494,USER9600,Barcelona,25-07-2024,11-10-2024,Family,Flight,3,735.76,5
TRIP07495,USER4662,Istanbul,13-05-2024,06-10-2024,Adventure,Flight,1,4392.4,5
TRIP07496,USER1973,Sydney,10-03-2025,01-04-2025,Business,Cruise,2,4241.54,8
TRIP07497,USER7265,Istanbul,05-07-2024,07-08-2024,Leisure,Flight,5,2387,3
TRIP07498,USER9799,Barcelona,29-01-2025,15-04-2025,Adventure,Cruise,4,4841.2,3
TRIP07499,USER8865,Rome,18-08-2024,25-08-2024,Adventure,Train,2,3623.94,9
TRIP07500,USER3203,Paris,17-04-2024,20-12-2024,Family,Train,4,958.06,5
TRIP07501,USER4840,Rome,16-01-2025,01-04-2025,Family,Car,4,1769.96,1
TRIP07502,USER3331,Tokyo,13-06-2024,08-01-2025,Family,Flight,3,4674.14,8
TRIP07503,USER6149,Sydney,27-10-2024,26-03-2025,Leisure,Flight,2,4117.29,9
TRIP07504,USER6756,Rome,15-08-2024,21-03-2025,Family,Cruise,3,2708.11,6
TRIP07505,USER8219,New York,27-05-2024,28-11-2024,Business,Flight,1,3703.72,4
TRIP07506,USER3297,New York,04-08-2024,05-09-2024,Business,Cruise,3,1138.34,1
TRIP07507,USER5531,Barcelona,16-04-2024,10-06-2024,Adventure,Car,1,2634.81,3
TRIP07508,USER5709,Bangkok,15-04-2024,14-10-2024,Business,Bus,2,4051.19,3
TRIP07509,USER7594,London,08-02-2025,24-03-2025,Leisure,Flight,5,1558.06,4
TRIP07510,USER1834,Rome,08-07-2024,29-03-2025,Leisure,Car,2,1427.77,9
TRIP07511,USER4388,Bangkok,04-03-2025,10-04-2025,Leisure,Car,2,3840.66,10
TRIP07512,USER2304,Dubai,09-04-2024,13-01-2025,Adventure,Train,4,4885.67,1
TRIP07513,USER5541,Rome,01-06-2024,05-06-2024,Cultural,Train,4,2608.47,4
TRIP07514,USER9323,Paris,23-10-2024,10-04-2025,Cultural,Train,2,2561.18,6
TRIP07515,USER7047,London,07-01-2025,07-04-2025,Business,Cruise,1,1947.45,2
TRIP07516,USER2289,Bangkok,21-12-2024,26-01-2025,Family,Cruise,3,778.77,5
TRIP07517,USER8780,New York,02-08-2024,01-01-2025,Adventure,Car,2,528.8,8
TRIP07518,USER7804,New York,21-01-2025,29-03-2025,Business,Flight,5,4216.72,3
TRIP07519,USER3755,Rome,02-07-2024,26-08-2024,Adventure,Cruise,5,3762.78,6
TRIP07520,USER5716,Dubai,25-12-2024,25-01-2025,Business,Flight,5,1410.51,1
TRIP07521,USER7828,Tokyo,30-04-2024,07-11-2024,Cultural,Cruise,3,514.57,8
TRIP07522,USER5224,Tokyo,02-07-2024,21-11-2024,Business,Cruise,4,3328.24,8
TRIP07523,USER2985,Sydney,11-12-2024,16-01-2025,Adventure,Flight,2,1329.18,1
TRIP07524,USER4250,Dubai,15-01-2025,13-04-2025,Cultural,Flight,5,2957.19,1
TRIP07525,USER3088,Bangkok,28-02-2025,20-03-2025,Cultural,Car,1,1228.66,5
TRIP07526,USER2602,New York,31-10-2024,02-11-2024,Cultural,Train,5,4260.34,6
TRIP07527,USER9123,London,31-01-2025,15-03-2025,Leisure,Bus,1,2915.94,7
TRIP07528,USER1321,New York,09-01-2025,14-04-2025,Leisure,Train,3,2762.55,10
TRIP07529,USER9114,Bangkok,31-12-2024,18-02-2025,Leisure,Cruise,5,3744.81,4
TRIP07530,USER8243,Paris,10-07-2024,05-11-2024,Leisure,Car,4,2485.25,7
TRIP07531,USER2687,Paris,02-02-2025,28-02-2025,Cultural,Cruise,3,3574.49,9
TRIP07532,USER5897,Tokyo,13-03-2025,18-03-2025,Leisure,Train,1,522.81,4
TRIP07533,USER4768,Dubai,22-06-2024,04-11-2024,Business,Car,1,2481.25,6
TRIP07534,USER7484,Rome,16-02-2025,10-04-2025,Business,Flight,1,3737.04,1
TRIP07535,USER2367,Tokyo,25-07-2024,08-11-2024,Family,Car,1,4188.22,5
TRIP07536,USER9860,Istanbul,17-05-2024,22-03-2025,Business,Cruise,5,4495.1,4
TRIP07537,USER6580,Rome,06-01-2025,17-02-2025,Family,Flight,3,1817.97,8
TRIP07538,USER1089,Barcelona,28-12-2024,13-01-2025,Cultural,Flight,2,1987.78,5
TRIP07539,USER2045,Bangkok,27-10-2024,24-12-2024,Beach,Flight,5,4324.74,6
TRIP07540,USER4425,Rome,09-10-2024,12-02-2025,Family,Train,2,2021.14,2
TRIP07541,USER9319,Barcelona,02-04-2024,25-09-2024,Adventure,Cruise,1,1363.83,2
TRIP07542,USER7631,Sydney,08-10-2024,13-12-2024,Family,Flight,5,1317.32,6
TRIP07543,USER8427,Istanbul,14-08-2024,19-02-2025,Family,Car,1,948.24,4
TRIP07544,USER2113,New York,06-03-2025,12-04-2025,Cultural,Cruise,3,3754.22,5
TRIP07545,USER1753,Sydney,21-10-2024,27-10-2024,Leisure,Bus,4,2540.39,2
TRIP07546,USER4346,Istanbul,05-04-2024,21-01-2025,Business,Bus,4,2214.52,9
TRIP07547,USER6766,Istanbul,19-05-2024,04-01-2025,Cultural,Car,1,4274.83,10
TRIP07548,USER2461,Dubai,18-08-2024,21-11-2024,Business,Cruise,5,4121.28,6
TRIP07549,USER3485,Tokyo,10-03-2025,29-03-2025,Leisure,Train,2,1417.62,9
TRIP07550,USER8415,Barcelona,27-11-2024,11-01-2025,Family,Bus,2,4820.4,10
TRIP07551,USER4429,New York,15-11-2024,23-02-2025,Cultural,Flight,3,2445.69,2
TRIP07552,USER1529,New York,24-02-2025,23-03-2025,Business,Train,5,769.65,10
TRIP07553,USER7675,London,08-10-2024,22-01-2025,Business,Flight,2,2591.6,9
TRIP07554,USER1254,Rome,12-02-2025,16-03-2025,Adventure,Train,4,3691.97,10
TRIP07556,USER3682,Bangkok,25-11-2024,22-01-2025,Adventure,Flight,5,2752.21,1
TRIP07557,USER8663,Bangkok,23-02-2025,11-03-2025,Beach,Train,5,903.98,3
TRIP07558,USER2911,Istanbul,12-12-2024,25-12-2024,Adventure,Flight,5,2256.22,4
TRIP07559,USER6001,New York,28-07-2024,13-02-2025,Cultural,Flight,3,3754.95,2
TRIP07560,USER2187,Bangkok,10-09-2024,19-02-2025,Business,Cruise,1,1424.82,7
TRIP07561,USER9042,London,06-02-2025,22-03-2025,Family,Car,5,4035.37,2
TRIP07562,USER7075,Paris,06-07-2024,25-11-2024,Business,Bus,3,2773.48,8
TRIP07563,USER7815,Tokyo,12-11-2024,29-03-2025,Business,Flight,5,1665.72,1
TRIP07564,USER2087,Dubai,18-08-2024,02-11-2024,Leisure,Train,4,3137.59,6
TRIP07565,USER1417,Dubai,16-11-2024,04-01-2025,Beach,Train,4,3879.56,3
TRIP07566,USER9001,Bangkok,23-07-2024,06-03-2025,Business,Flight,3,3122.1,10
TRIP07567,USER3406,Bangkok,09-11-2024,09-01-2025,Beach,Flight,3,3191.31,5
TRIP07569,USER7176,Rome,03-01-2025,14-03-2025,Family,Cruise,4,2138.23,8
TRIP07570,USER2553,New York,08-05-2024,24-07-2024,Beach,Flight,2,3919.12,2
TRIP07571,USER6436,Rome,05-11-2024,26-01-2025,Family,Bus,4,833.57,1
TRIP07573,USER1161,Rome,07-12-2024,04-01-2025,Family,Train,1,1042.64,8
TRIP07574,USER3329,Barcelona,20-01-2025,05-03-2025,Family,Bus,1,1159.2,4
TRIP07575,USER9236,New York,05-09-2024,30-09-2024,Beach,Cruise,2,3471.66,8
TRIP07576,USER8418,Tokyo,03-03-2025,11-03-2025,Leisure,Car,1,4851.99,7
TRIP07577,USER2847,Istanbul,26-08-2024,02-10-2024,Cultural,Cruise,2,2202.63,8
TRIP07578,USER7806,Tokyo,25-08-2024,11-11-2024,Family,Bus,2,3054.87,10
TRIP07579,USER5811,Istanbul,27-12-2024,04-01-2025,Beach,Flight,5,2546.05,8
TRIP07580,USER9516,Tokyo,13-11-2024,19-01-2025,Cultural,Car,5,2959.07,10
TRIP07581,USER7257,Dubai,12-07-2024,15-08-2024,Family,Bus,3,3186.39,9
TRIP07582,USER2131,Sydney,18-08-2024,05-03-2025,Beach,Cruise,2,3410,2
TRIP07583,USER7491,Barcelona,22-08-2024,03-02-2025,Leisure,Train,1,4534.6,2
TRIP07584,USER9611,Paris,23-09-2024,16-03-2025,Leisure,Train,2,2006.08,1
TRIP07585,USER9153,Sydney,03-10-2024,01-12-2024,Cultural,Cruise,4,4265.47,3
TRIP07586,USER5456,Paris,28-01-2025,11-02-2025,Leisure,Train,5,1851.59,8
TRIP07587,USER4816,London,29-05-2024,20-07-2024,Beach,Bus,1,3570.63,8
TRIP07588,USER4760,Rome,14-05-2024,29-07-2024,Cultural,Flight,3,4513.46,9
TRIP07589,USER2765,Istanbul,19-05-2024,09-02-2025,Beach,Cruise,1,3047.12,3
TRIP07590,USER8079,Dubai,02-06-2024,24-01-2025,Adventure,Cruise,4,527.86,9
TRIP07591,USER1408,New York,16-06-2024,31-10-2024,Family,Cruise,5,2134.18,3
TRIP07592,USER9631,New York,03-12-2024,27-02-2025,Business,Train,3,2436.67,9
TRIP07593,USER4422,Dubai,11-02-2025,21-02-2025,Business,Train,4,716.4,5
TRIP07594,USER5542,Tokyo,20-12-2024,24-01-2025,Cultural,Car,4,2887.03,2
TRIP07595,USER8148,Sydney,29-05-2024,15-12-2024,Adventure,Car,2,3558.09,2
TRIP07596,USER4382,Bangkok,13-03-2025,29-03-2025,Family,Train,5,3791.67,3
TRIP07597,USER4272,Barcelona,30-08-2024,14-09-2024,Leisure,Cruise,5,4631.44,5
TRIP07598,USER5138,Sydney,04-03-2025,09-03-2025,Leisure,Car,2,4454.76,10
TRIP07599,USER8628,Sydney,21-03-2024,15-05-2024,Cultural,Flight,2,4613.91,2
TRIP07600,USER9753,Paris,10-02-2025,12-02-2025,Business,Cruise,2,2814.78,3
TRIP07601,USER8757,New York,04-02-2025,16-02-2025,Adventure,Flight,4,4855.28,10
TRIP07602,USER8205,Istanbul,30-01-2025,11-04-2025,Business,Bus,2,2400.45,4
TRIP07603,USER8265,New York,21-07-2024,21-09-2024,Cultural,Cruise,3,575.44,6
TRIP07604,USER8719,Bangkok,01-07-2024,05-08-2024,Business,Train,1,1246.07,6
TRIP07605,USER7968,Rome,08-02-2025,14-02-2025,Business,Flight,4,4376.28,7
TRIP07606,USER4672,Sydney,21-06-2024,27-11-2024,Business,Flight,5,1003.99,6
TRIP07607,USER5258,Barcelona,12-11-2024,08-12-2024,Leisure,Cruise,3,2416.53,2
TRIP07608,USER5509,Dubai,26-09-2024,01-10-2024,Beach,Bus,4,3556.85,7
TRIP07609,USER8404,Sydney,26-11-2024,09-04-2025,Beach,Train,5,751.25,3
TRIP07610,USER5122,Rome,21-03-2024,25-06-2024,Cultural,Flight,1,995.13,4
TRIP07611,USER1872,Barcelona,08-05-2024,29-08-2024,Beach,Train,5,1915.25,6
TRIP07612,USER8314,Paris,15-08-2024,18-10-2024,Family,Car,5,654.6,2
TRIP07613,USER4183,Bangkok,04-10-2024,21-12-2024,Leisure,Bus,2,4024.82,10
TRIP07614,USER5343,London,03-04-2024,01-11-2024,Cultural,Cruise,5,2089.21,3
TRIP07615,USER7353,Istanbul,05-11-2024,28-03-2025,Adventure,Train,4,3543.2,9
TRIP07616,USER8764,Istanbul,21-09-2024,27-11-2024,Beach,Flight,1,1151.96,4
TRIP07617,USER3637,Istanbul,16-09-2024,02-11-2024,Family,Flight,1,2381.5,7
TRIP07618,USER3555,Paris,31-03-2024,22-03-2025,Beach,Car,5,1464.02,5
TRIP07619,USER9393,Barcelona,23-02-2025,27-03-2025,Cultural,Car,2,3698.16,4
TRIP07620,USER2798,Tokyo,25-11-2024,15-12-2024,Business,Train,3,1278.96,4
TRIP07621,USER7435,Tokyo,16-03-2025,05-04-2025,Cultural,Cruise,5,2040.79,4
TRIP07622,USER6133,Tokyo,24-09-2024,24-12-2024,Cultural,Car,1,2369.11,8
TRIP07623,USER1580,Tokyo,23-08-2024,30-10-2024,Adventure,Bus,1,4227.37,9
TRIP07624,USER1656,Sydney,09-04-2024,04-05-2024,Business,Flight,4,3406.52,7
TRIP07625,USER3982,Istanbul,12-07-2024,19-12-2024,Family,Flight,5,2179.09,9
TRIP07626,USER6478,Rome,29-01-2025,18-03-2025,Adventure,Car,5,2994.41,4
TRIP07627,USER7657,New York,16-10-2024,18-03-2025,Adventure,Train,3,1478.84,5
TRIP07628,USER6958,Bangkok,20-08-2024,06-09-2024,Cultural,Cruise,4,756.2,9
TRIP07629,USER1103,Bangkok,15-10-2024,28-01-2025,Family,Train,2,4819.27,7
TRIP07630,USER3193,Bangkok,19-12-2024,23-02-2025,Business,Train,5,1499.73,6
TRIP07631,USER5791,London,13-11-2024,16-03-2025,Business,Flight,3,3008.86,10
TRIP07632,USER4521,Rome,12-09-2024,22-10-2024,Beach,Train,1,1593.31,1
TRIP07633,USER1837,Paris,22-06-2024,05-03-2025,Adventure,Car,1,3042.86,10
TRIP07634,USER9231,Tokyo,21-10-2024,25-11-2024,Adventure,Cruise,1,2314.29,3
TRIP07635,USER1456,Tokyo,30-04-2024,05-07-2024,Family,Car,1,1683.11,5
TRIP07636,USER9373,New York,18-11-2024,17-03-2025,Cultural,Bus,3,2698.84,1
TRIP07637,USER5618,Tokyo,18-11-2024,16-12-2024,Leisure,Flight,4,3738.08,4
TRIP07638,USER4367,Tokyo,06-05-2024,28-08-2024,Beach,Car,3,4120.14,2
TRIP07639,USER3337,London,14-11-2024,23-02-2025,Adventure,Flight,5,904.64,10
TRIP07640,USER1692,Istanbul,23-06-2024,30-07-2024,Beach,Train,4,616.14,7
TRIP07641,USER4309,London,22-05-2024,29-03-2025,Beach,Cruise,4,3774.25,6
TRIP07642,USER3933,Bangkok,27-09-2024,30-11-2024,Business,Train,5,4783.37,5
TRIP07643,USER3294,London,14-06-2024,16-09-2024,Beach,Bus,5,2629.25,7
TRIP07644,USER9470,Sydney,30-11-2024,17-02-2025,Beach,Bus,4,3227.61,2
TRIP07645,USER3810,Barcelona,08-04-2024,30-08-2024,Leisure,Flight,5,1760.81,9
TRIP07646,USER2023,New York,15-06-2024,27-06-2024,Cultural,Car,5,2769.06,2
TRIP07647,USER7734,New York,23-12-2024,08-03-2025,Cultural,Car,4,3020.58,3
TRIP07648,USER6599,Paris,30-12-2024,04-01-2025,Family,Train,4,617.34,6
TRIP07649,USER4155,London,26-03-2024,11-04-2024,Cultural,Flight,3,2685.45,5
TRIP07650,USER9386,Bangkok,11-11-2024,27-02-2025,Leisure,Flight,2,4963.26,10
TRIP07651,USER8266,New York,29-03-2024,07-07-2024,Cultural,Bus,3,3615.07,3
TRIP07652,USER9066,Rome,16-03-2025,05-04-2025,Family,Car,2,1503.48,2
TRIP07653,USER3493,Istanbul,09-09-2024,09-09-2024,Beach,Train,3,541.84,9
TRIP07654,USER9713,New York,27-02-2025,26-03-2025,Business,Car,1,573.77,3
TRIP07655,USER3013,Barcelona,10-09-2024,10-01-2025,Business,Flight,3,3583.62,8
TRIP07656,USER8120,Paris,25-12-2024,12-01-2025,Family,Bus,5,2823.21,10
TRIP07657,USER6841,Sydney,16-03-2024,30-09-2024,Family,Flight,5,4330.36,2
TRIP07658,USER4065,New York,09-08-2024,14-03-2025,Beach,Train,2,3467.19,7
TRIP07659,USER8023,Tokyo,25-10-2024,10-01-2025,Family,Bus,3,1891,7
TRIP07660,USER2063,Dubai,18-03-2024,05-01-2025,Business,Car,5,1783.91,5
TRIP07661,USER7722,Barcelona,25-03-2024,12-08-2024,Beach,Flight,1,3837.44,1
TRIP07662,USER3478,Dubai,05-05-2024,30-11-2024,Family,Bus,3,3675.14,1
TRIP07663,USER7922,Bangkok,19-12-2024,01-01-2025,Business,Cruise,3,4672.01,8
TRIP07664,USER8209,New York,19-05-2024,28-11-2024,Cultural,Flight,4,2970.39,3
TRIP07665,USER9725,Sydney,15-02-2025,15-03-2025,Leisure,Bus,5,925.34,4
TRIP07666,USER4107,Istanbul,04-09-2024,25-10-2024,Business,Train,5,2556.7,6
TRIP07668,USER9205,Barcelona,06-05-2024,26-09-2024,Leisure,Cruise,3,644.16,9
TRIP07669,USER2686,Dubai,18-05-2024,24-09-2024,Leisure,Bus,2,3505.1,8
TRIP07670,USER8641,London,04-02-2025,05-02-2025,Beach,Flight,5,3080.14,8
TRIP07671,USER9220,Bangkok,29-12-2024,31-03-2025,Beach,Train,3,691.48,4
TRIP07672,USER4335,New York,08-09-2024,06-02-2025,Leisure,Cruise,4,2666.85,8
TRIP07673,USER8763,Istanbul,11-12-2024,01-03-2025,Adventure,Bus,3,2285.41,8
TRIP07674,USER4959,Barcelona,06-06-2024,16-07-2024,Leisure,Cruise,1,3717.52,8
TRIP07675,USER6794,Barcelona,13-07-2024,06-12-2024,Leisure,Train,1,3088.91,3
TRIP07676,USER1037,Bangkok,11-01-2025,08-02-2025,Adventure,Flight,2,3514.49,2
TRIP07677,USER6155,Tokyo,01-10-2024,15-03-2025,Leisure,Train,5,2026.2,5
TRIP07678,USER2490,Rome,23-09-2024,08-12-2024,Business,Flight,1,4835.08,5
TRIP07679,USER7918,Sydney,14-02-2025,07-04-2025,Leisure,Car,1,1381.77,2
TRIP07680,USER4608,Sydney,26-05-2024,12-08-2024,Adventure,Bus,3,4595.7,10
TRIP07681,USER4731,Bangkok,21-03-2024,02-09-2024,Beach,Bus,2,3449.41,1
TRIP07682,USER7274,London,21-12-2024,08-02-2025,Leisure,Train,5,3264.93,3
TRIP07683,USER1664,New York,25-08-2024,26-09-2024,Family,Car,5,2272.97,5
TRIP07684,USER6965,Paris,10-02-2025,22-02-2025,Business,Car,1,2651.27,6
TRIP07685,USER9227,Sydney,04-02-2025,13-02-2025,Family,Bus,2,3283,2
TRIP07686,USER9562,Istanbul,18-06-2024,06-08-2024,Adventure,Car,5,4218.07,2
TRIP07687,USER6603,London,19-01-2025,26-03-2025,Leisure,Bus,3,2175.23,4
TRIP07688,USER6182,Sydney,18-08-2024,06-02-2025,Leisure,Flight,4,3426.16,6
TRIP07689,USER3855,Bangkok,05-10-2024,27-02-2025,Business,Car,2,2325.33,8
TRIP07690,USER5639,Dubai,11-05-2024,20-07-2024,Beach,Car,2,786.01,3
TRIP07691,USER8370,Rome,26-03-2024,29-03-2024,Leisure,Car,2,2643.66,4
TRIP07692,USER4669,Sydney,08-05-2024,27-05-2024,Leisure,Car,3,2052.62,9
TRIP07693,USER4228,Bangkok,19-06-2024,18-09-2024,Cultural,Train,2,1445.24,3
TRIP07694,USER2305,Barcelona,22-12-2024,27-01-2025,Family,Train,4,2303.22,1
TRIP07695,USER2742,Paris,22-09-2024,06-02-2025,Business,Cruise,2,809.55,7
TRIP07696,USER3841,Paris,08-12-2024,22-01-2025,Beach,Bus,4,3114.77,5
TRIP07697,USER1089,London,31-01-2025,02-02-2025,Business,Bus,4,534.09,6
TRIP07698,USER5306,New York,05-12-2024,09-01-2025,Leisure,Train,4,1714.02,6
TRIP07699,USER1450,Rome,10-05-2024,20-06-2024,Family,Cruise,1,3777.78,6
TRIP07700,USER6198,Tokyo,08-10-2024,27-12-2024,Cultural,Flight,1,3156.13,8
TRIP07701,USER5804,Bangkok,12-05-2024,15-01-2025,Adventure,Cruise,1,3085.19,6
TRIP07702,USER2616,Rome,20-06-2024,18-10-2024,Beach,Flight,3,2652.89,7
TRIP07703,USER6380,Rome,21-11-2024,05-03-2025,Beach,Train,1,1892.23,9
TRIP07704,USER4867,New York,27-12-2024,24-01-2025,Beach,Bus,3,2303.83,1
TRIP07705,USER9613,London,03-03-2025,07-04-2025,Beach,Car,2,4773.54,4
TRIP07706,USER4208,Istanbul,19-07-2024,08-10-2024,Business,Train,5,3871.54,9
TRIP07707,USER2161,Dubai,11-10-2024,21-11-2024,Business,Train,2,2603.47,4
TRIP07708,USER4050,Bangkok,28-06-2024,30-01-2025,Beach,Flight,3,3821.36,6
TRIP07709,USER8141,Sydney,07-07-2024,16-07-2024,Cultural,Bus,3,1391.19,10
TRIP07710,USER8814,New York,19-01-2025,11-03-2025,Adventure,Train,4,4274.25,5
TRIP07711,USER6271,New York,08-06-2024,29-12-2024,Family,Cruise,5,2799.43,7
TRIP07712,USER2604,New York,16-02-2025,03-03-2025,Business,Flight,3,2439.25,9
TRIP07713,USER1796,Istanbul,07-01-2025,03-02-2025,Leisure,Flight,4,521.16,9
TRIP07715,USER7106,Barcelona,01-01-2025,19-03-2025,Cultural,Flight,3,2559.36,10
TRIP07716,USER3223,Istanbul,02-01-2025,30-01-2025,Family,Car,2,3886.29,10
TRIP07717,USER3385,New York,20-12-2024,26-12-2024,Business,Flight,5,3850.3,9
TRIP07718,USER5782,Istanbul,02-08-2024,29-12-2024,Beach,Flight,2,2676.18,2
TRIP07719,USER5646,Bangkok,15-03-2025,14-04-2025,Adventure,Bus,2,4734.65,4
TRIP07720,USER4602,New York,30-03-2024,19-01-2025,Family,Flight,2,4689.24,8
TRIP07721,USER5114,Bangkok,06-08-2024,19-03-2025,Cultural,Train,5,652.04,6
TRIP07722,USER8452,Barcelona,02-05-2024,29-10-2024,Business,Bus,3,4920.7,10
TRIP07724,USER2118,New York,03-10-2024,22-02-2025,Adventure,Car,3,4181.46,4
TRIP07725,USER8526,Rome,15-05-2024,10-03-2025,Beach,Cruise,5,2066.24,1
TRIP07726,USER6243,Rome,08-02-2025,22-03-2025,Beach,Train,3,1959.38,2
TRIP07727,USER9980,Dubai,21-11-2024,16-12-2024,Family,Train,1,1239,2
TRIP07728,USER1201,Rome,17-04-2024,02-05-2024,Business,Flight,1,2467.7,5
TRIP07729,USER8863,London,10-11-2024,31-03-2025,Family,Train,2,1255.8,4
TRIP07730,USER2095,Bangkok,08-06-2024,16-06-2024,Family,Train,2,2533.86,5
TRIP07731,USER6864,Barcelona,31-10-2024,31-10-2024,Leisure,Bus,3,1993.76,4
TRIP07732,USER7662,London,20-09-2024,12-11-2024,Family,Car,3,3317.74,3
TRIP07733,USER3494,Tokyo,13-03-2025,31-03-2025,Business,Car,3,3198.95,4
TRIP07734,USER7499,Sydney,16-06-2024,12-08-2024,Family,Car,2,2677.63,2
TRIP07735,USER5382,Sydney,18-09-2024,14-11-2024,Beach,Car,4,1520.54,7
TRIP07736,USER4904,Tokyo,13-04-2024,06-12-2024,Family,Car,4,501.35,8
TRIP07737,USER9089,Rome,09-06-2024,02-11-2024,Leisure,Cruise,4,3367.44,1
TRIP07738,USER5251,London,17-08-2024,31-03-2025,Family,Cruise,5,1063.37,3
TRIP07739,USER3209,Tokyo,03-05-2024,02-03-2025,Family,Train,1,1602.01,5
TRIP07740,USER3270,Barcelona,31-03-2024,20-11-2024,Leisure,Flight,4,4247.41,6
TRIP07741,USER6342,London,01-12-2024,26-03-2025,Leisure,Flight,2,3229.31,4
TRIP07742,USER7028,London,07-05-2024,29-05-2024,Business,Car,1,3790.56,5
TRIP07743,USER2078,London,06-02-2025,17-03-2025,Beach,Cruise,5,3522.07,10
TRIP07744,USER5833,Tokyo,13-06-2024,28-10-2024,Cultural,Car,5,2427,1
TRIP07745,USER3969,London,14-11-2024,23-01-2025,Leisure,Cruise,3,2562.23,3
TRIP07746,USER7317,Tokyo,12-08-2024,30-12-2024,Business,Cruise,5,2610.86,3
TRIP07747,USER3743,Sydney,29-07-2024,04-10-2024,Leisure,Flight,4,2168.75,5
TRIP07748,USER8543,Istanbul,24-05-2024,11-10-2024,Adventure,Flight,4,3536.92,2
TRIP07749,USER7123,Paris,09-11-2024,20-11-2024,Business,Bus,1,4258.12,7
TRIP07750,USER5532,Paris,16-02-2025,07-04-2025,Cultural,Train,3,4394.39,10
TRIP07751,USER8880,Paris,20-06-2024,17-01-2025,Adventure,Bus,3,4617.33,1
TRIP07752,USER4393,London,28-10-2024,08-11-2024,Cultural,Flight,1,4778.49,3
TRIP07753,USER8067,Rome,30-08-2024,20-02-2025,Family,Car,3,3774.55,5
TRIP07754,USER6623,Rome,10-01-2025,02-04-2025,Business,Cruise,4,4738.37,1
TRIP07755,USER5876,New York,24-08-2024,12-12-2024,Family,Cruise,1,3546.86,9
TRIP07756,USER8898,Istanbul,14-06-2024,23-07-2024,Adventure,Train,4,1416.95,5
TRIP07757,USER8359,London,02-11-2024,29-01-2025,Family,Flight,3,1378.09,5
TRIP07758,USER5254,Bangkok,21-05-2024,25-12-2024,Business,Cruise,3,4689.92,6
TRIP07759,USER2967,Sydney,18-06-2024,02-07-2024,Family,Flight,4,590.19,4
TRIP07760,USER4902,Bangkok,11-05-2024,06-07-2024,Cultural,Cruise,5,4570.38,7
TRIP07761,USER6878,Rome,07-01-2025,20-03-2025,Business,Bus,2,1555.19,10
TRIP07762,USER5722,Barcelona,20-11-2024,01-12-2024,Adventure,Flight,3,1391.53,9
TRIP07763,USER1742,Sydney,06-02-2025,14-03-2025,Adventure,Train,3,4620.44,8
TRIP07764,USER3816,Sydney,26-05-2024,07-06-2024,Adventure,Flight,3,2271.79,1
TRIP07765,USER3188,Bangkok,30-03-2024,02-09-2024,Business,Train,3,2078.84,8
TRIP07766,USER5984,Barcelona,31-03-2024,25-11-2024,Beach,Flight,1,2572.79,6
TRIP07767,USER8041,New York,02-02-2025,14-04-2025,Cultural,Bus,3,1159.23,3
TRIP07768,USER5065,Dubai,07-01-2025,14-01-2025,Beach,Bus,2,4158.05,2
TRIP07769,USER1316,Sydney,02-01-2025,22-03-2025,Beach,Flight,5,3774.2,6
TRIP07770,USER3082,Dubai,13-08-2024,01-11-2024,Family,Cruise,2,703.03,4
TRIP07771,USER3530,London,21-09-2024,16-11-2024,Beach,Flight,4,4193.81,7
TRIP07772,USER5946,Rome,08-07-2024,19-08-2024,Beach,Car,3,2374.62,2
TRIP07773,USER3560,Tokyo,25-12-2024,29-12-2024,Family,Bus,4,586.88,4
TRIP07774,USER5914,Sydney,15-02-2025,06-03-2025,Beach,Cruise,5,2015.53,1
TRIP07775,USER7237,Barcelona,12-04-2024,15-01-2025,Leisure,Car,2,4284.29,4
TRIP07776,USER2495,Paris,11-08-2024,07-01-2025,Beach,Train,3,4656.41,9
TRIP07777,USER9382,London,30-05-2024,23-01-2025,Family,Train,4,2392.7,4
TRIP07778,USER3491,Barcelona,10-07-2024,29-12-2024,Family,Bus,3,3638.31,7
TRIP07779,USER6962,Paris,03-11-2024,29-11-2024,Cultural,Flight,5,1078.55,5
TRIP07780,USER1841,New York,05-05-2024,03-02-2025,Cultural,Flight,1,2454.58,5
TRIP07781,USER2595,Barcelona,09-08-2024,11-08-2024,Leisure,Cruise,4,4677.12,8
TRIP07782,USER9053,London,20-04-2024,11-06-2024,Cultural,Train,3,4227.3,5
TRIP07783,USER8032,Rome,11-07-2024,25-11-2024,Family,Flight,2,4100.55,6
TRIP07784,USER7239,Paris,29-05-2024,10-04-2025,Family,Bus,4,4621.38,7
TRIP07785,USER9066,New York,18-02-2025,03-04-2025,Leisure,Car,1,541.05,7
TRIP07786,USER8378,Barcelona,24-06-2024,22-07-2024,Beach,Bus,4,3271.54,4
TRIP07787,USER6986,London,03-03-2025,07-03-2025,Business,Cruise,5,4786.69,7
TRIP07788,USER1422,Tokyo,01-07-2024,31-12-2024,Adventure,Bus,4,1509.22,1
TRIP07789,USER7640,Rome,22-08-2024,21-11-2024,Adventure,Cruise,4,2791.38,1
TRIP07790,USER5779,Barcelona,09-08-2024,24-08-2024,Business,Car,5,4391.09,7
TRIP07791,USER9309,Dubai,08-10-2024,08-10-2024,Cultural,Car,3,4975.5,6
TRIP07792,USER3491,London,28-04-2024,08-04-2025,Adventure,Flight,5,766.17,7
TRIP07793,USER5658,Paris,22-12-2024,11-04-2025,Cultural,Car,1,527.19,2
TRIP07794,USER9599,Tokyo,23-11-2024,19-03-2025,Beach,Cruise,3,796.66,2
TRIP07795,USER9305,Sydney,03-02-2025,26-03-2025,Family,Car,4,4954.4,10
TRIP07796,USER4845,Istanbul,28-10-2024,18-01-2025,Adventure,Car,4,2565.72,1
TRIP07797,USER7205,Rome,24-12-2024,24-02-2025,Cultural,Flight,1,2524.41,2
TRIP07798,USER9192,Dubai,26-04-2024,03-12-2024,Family,Bus,1,1662.25,6
TRIP07799,USER2007,Dubai,30-09-2024,06-04-2025,Adventure,Flight,3,739.26,7
TRIP07800,USER1077,Paris,03-12-2024,21-01-2025,Family,Flight,1,2293.93,1
TRIP07801,USER9245,Istanbul,27-06-2024,01-01-2025,Adventure,Cruise,2,3835.79,4
TRIP07802,USER7451,New York,23-06-2024,23-03-2025,Cultural,Train,3,3355.56,8
TRIP07803,USER1149,New York,22-10-2024,04-12-2024,Leisure,Cruise,5,2160.85,10
TRIP07804,USER5687,Istanbul,19-02-2025,18-03-2025,Cultural,Train,5,2626.64,7
TRIP07805,USER3832,Rome,25-08-2024,14-11-2024,Leisure,Flight,3,2610.62,4
TRIP07806,USER2713,London,03-11-2024,06-03-2025,Adventure,Train,1,1197.32,8
TRIP07807,USER8395,Tokyo,01-04-2024,20-03-2025,Leisure,Cruise,1,4370.81,9
TRIP07808,USER1449,New York,08-02-2025,08-03-2025,Business,Bus,3,4825.43,3
TRIP07809,USER6837,Sydney,23-09-2024,07-11-2024,Cultural,Cruise,2,4718.25,10
TRIP07810,USER5673,Barcelona,14-01-2025,15-01-2025,Cultural,Bus,3,1914.73,4
TRIP07811,USER8924,London,04-10-2024,12-01-2025,Leisure,Cruise,1,4712.61,1
TRIP07812,USER8066,Sydney,01-04-2024,06-07-2024,Business,Bus,2,983.67,10
TRIP07813,USER8473,Barcelona,15-02-2025,14-04-2025,Cultural,Cruise,5,1835.17,7
TRIP07814,USER3024,London,30-08-2024,08-10-2024,Business,Car,4,3605.08,2
TRIP07815,USER3852,Paris,08-08-2024,30-10-2024,Cultural,Cruise,3,2183.05,4
TRIP07816,USER8800,London,13-10-2024,10-01-2025,Leisure,Train,2,4578.44,2
TRIP07817,USER5596,Sydney,11-04-2024,14-12-2024,Leisure,Flight,1,1350.72,1
TRIP07818,USER7118,Sydney,13-01-2025,13-04-2025,Beach,Flight,1,575.57,1
TRIP07819,USER9604,London,13-06-2024,16-11-2024,Adventure,Train,1,1342.2,9
TRIP07820,USER1942,New York,24-08-2024,03-02-2025,Adventure,Bus,3,4976.84,7
TRIP07821,USER5289,Rome,03-10-2024,08-01-2025,Family,Flight,4,4995.66,1
TRIP07822,USER5488,Bangkok,12-12-2024,21-12-2024,Adventure,Bus,1,1003.51,10
TRIP07823,USER5759,Sydney,03-12-2024,15-03-2025,Cultural,Flight,3,3448.32,5
TRIP07824,USER4060,London,11-03-2025,19-03-2025,Adventure,Cruise,2,2317.09,1
TRIP07825,USER4379,Dubai,27-06-2024,03-09-2024,Leisure,Flight,4,4473.44,10
TRIP07826,USER3846,London,07-08-2024,29-01-2025,Leisure,Bus,1,631.81,7
TRIP07827,USER2902,Bangkok,18-08-2024,04-09-2024,Family,Train,1,3388.18,7
TRIP07828,USER1315,Rome,29-08-2024,23-12-2024,Adventure,Train,5,1136.57,3
TRIP07829,USER8679,London,26-06-2024,14-04-2025,Business,Flight,3,2730.98,4
TRIP07830,USER8455,New York,05-05-2024,03-11-2024,Leisure,Bus,5,2549.99,7
TRIP07831,USER5561,Sydney,04-03-2025,07-04-2025,Business,Flight,1,3565.44,9
TRIP07832,USER8808,New York,13-08-2024,13-02-2025,Business,Train,4,1866.17,4
TRIP07833,USER1278,New York,19-02-2025,17-03-2025,Adventure,Cruise,2,4604.45,9
TRIP07834,USER7175,Rome,23-11-2024,29-01-2025,Business,Train,2,3270,7
TRIP07835,USER4037,Sydney,01-03-2025,13-03-2025,Leisure,Car,4,540.85,7
TRIP07836,USER8987,Bangkok,26-11-2024,14-03-2025,Leisure,Train,2,4100.23,5
TRIP07837,USER6923,Paris,27-07-2024,03-08-2024,Business,Car,5,3150.14,9
TRIP07838,USER5401,Paris,27-04-2024,19-05-2024,Adventure,Train,1,4517.97,6
TRIP07839,USER3166,Paris,12-11-2024,25-11-2024,Cultural,Cruise,4,1522.24,6
TRIP07840,USER4259,New York,25-08-2024,02-02-2025,Cultural,Car,3,3446.05,3
TRIP07841,USER8010,Paris,04-12-2024,07-04-2025,Beach,Flight,1,2206.64,5
TRIP07842,USER2751,Rome,19-09-2024,24-02-2025,Adventure,Bus,4,4181.68,8
TRIP07843,USER1924,New York,21-04-2024,05-06-2024,Beach,Bus,1,4318.15,3
TRIP07844,USER2832,London,28-07-2024,05-04-2025,Business,Car,1,791.35,9
TRIP07845,USER4815,Bangkok,23-08-2024,29-09-2024,Leisure,Bus,3,2877.85,1
TRIP07846,USER2472,New York,26-02-2025,18-03-2025,Cultural,Cruise,2,1163.79,2
TRIP07847,USER2306,Tokyo,03-11-2024,04-11-2024,Cultural,Flight,3,2127.02,1
TRIP07848,USER9661,New York,18-09-2024,04-11-2024,Beach,Train,2,2739.11,10
TRIP07849,USER9197,Barcelona,23-07-2024,11-11-2024,Leisure,Car,2,1216.89,3
TRIP07850,USER7633,New York,29-11-2024,15-02-2025,Cultural,Flight,5,1999.47,8
TRIP07851,USER6263,Istanbul,04-10-2024,02-12-2024,Adventure,Flight,1,2485.85,3
TRIP07852,USER2054,Istanbul,24-10-2024,17-02-2025,Leisure,Cruise,4,3234.97,8
TRIP07853,USER4177,Sydney,12-12-2024,14-01-2025,Business,Bus,1,2777.14,4
TRIP07854,USER5826,Dubai,11-02-2025,12-03-2025,Adventure,Cruise,1,703.7,9
TRIP07855,USER8252,Barcelona,13-12-2024,24-01-2025,Beach,Car,3,4565.82,6
TRIP07856,USER5101,London,29-11-2024,15-03-2025,Business,Bus,3,794.37,6
TRIP07857,USER8576,London,25-08-2024,16-12-2024,Cultural,Car,2,2867.75,9
TRIP07858,USER3491,Barcelona,25-02-2025,01-03-2025,Family,Train,1,2071.35,10
TRIP07859,USER8598,Bangkok,15-02-2025,25-02-2025,Family,Flight,5,3157.74,6
TRIP07860,USER8147,Istanbul,10-05-2024,12-01-2025,Adventure,Bus,5,890.67,7
TRIP07861,USER8259,Bangkok,06-05-2024,12-04-2025,Business,Flight,3,980.09,2
TRIP07862,USER2259,Istanbul,18-10-2024,21-10-2024,Family,Bus,4,4077.28,7
TRIP07863,USER9587,Istanbul,10-02-2025,26-03-2025,Leisure,Cruise,2,4886.43,7
TRIP07864,USER4918,New York,13-09-2024,05-10-2024,Business,Train,3,936.84,7
TRIP07865,USER8583,Tokyo,13-11-2024,22-11-2024,Family,Train,3,3932.3,2
TRIP07866,USER2936,Istanbul,08-10-2024,26-11-2024,Cultural,Flight,1,2987.44,4
TRIP07867,USER8870,Rome,09-03-2025,03-04-2025,Family,Bus,3,1438.7,3
TRIP07868,USER1412,Barcelona,26-07-2024,11-04-2025,Business,Train,2,3754.66,10
TRIP07869,USER8035,New York,11-12-2024,23-02-2025,Cultural,Train,4,3467.37,3
TRIP07870,USER1661,Bangkok,05-08-2024,23-12-2024,Leisure,Cruise,4,2010.73,6
TRIP07871,USER6637,Barcelona,22-06-2024,09-02-2025,Business,Cruise,3,4497.45,9
TRIP07872,USER1284,Paris,29-03-2024,31-03-2024,Business,Car,1,2471.05,6
TRIP07873,USER6707,Bangkok,06-02-2025,15-04-2025,Business,Cruise,3,2914.54,3
TRIP07874,USER3015,New York,16-05-2024,09-11-2024,Beach,Train,1,4568.95,5
TRIP07875,USER4350,Barcelona,08-02-2025,18-03-2025,Family,Car,4,2125.52,2
TRIP07876,USER2663,Rome,08-06-2024,02-02-2025,Business,Cruise,1,3369.7,7
TRIP07877,USER8184,Tokyo,05-10-2024,14-10-2024,Cultural,Bus,2,3781.52,6
TRIP07878,USER7310,Dubai,07-12-2024,11-01-2025,Beach,Flight,4,1073.85,9
TRIP07879,USER4883,Dubai,05-08-2024,15-11-2024,Leisure,Car,5,2166.47,10
TRIP07881,USER4873,Paris,14-11-2024,26-01-2025,Leisure,Car,3,1759.55,1
TRIP07882,USER9672,Sydney,27-07-2024,24-11-2024,Family,Flight,1,4265.63,6
TRIP07883,USER5787,Paris,05-02-2025,12-04-2025,Adventure,Bus,5,1376.92,10
TRIP07884,USER7762,Istanbul,02-09-2024,31-01-2025,Cultural,Flight,5,2316.62,9
TRIP07885,USER3145,London,24-05-2024,24-07-2024,Beach,Bus,4,671.74,7
TRIP07886,USER9527,Dubai,21-06-2024,10-07-2024,Leisure,Bus,3,2183.17,1
TRIP07887,USER2749,Istanbul,02-05-2024,30-11-2024,Beach,Bus,5,4859.76,4
TRIP07888,USER7433,Bangkok,24-07-2024,02-10-2024,Beach,Cruise,2,4747,9
TRIP07889,USER6495,Rome,17-04-2024,09-11-2024,Leisure,Car,4,2035.92,9
TRIP07890,USER5788,Paris,22-10-2024,01-01-2025,Cultural,Car,5,712.64,7
TRIP07891,USER7875,Rome,24-11-2024,08-04-2025,Adventure,Bus,5,1005.56,7
TRIP07892,USER5366,New York,24-01-2025,11-03-2025,Adventure,Car,3,3859.27,9
TRIP07893,USER4100,Sydney,04-02-2025,16-02-2025,Business,Bus,2,2649.5,3
TRIP07894,USER5484,Bangkok,19-12-2024,21-12-2024,Leisure,Car,4,4228.49,7
TRIP07895,USER6933,Tokyo,03-09-2024,16-12-2024,Adventure,Bus,3,1453.08,4
TRIP07896,USER4812,Tokyo,02-05-2024,15-01-2025,Adventure,Car,4,3134.77,6
TRIP07897,USER2614,Paris,28-03-2024,18-05-2024,Leisure,Train,1,4567.84,5
TRIP07898,USER4966,Sydney,31-12-2024,03-04-2025,Adventure,Car,1,617.61,3
TRIP07899,USER7457,Sydney,04-11-2024,28-02-2025,Business,Car,1,4864.93,8
TRIP07900,USER3153,Barcelona,15-07-2024,24-12-2024,Beach,Car,4,716.9,5
TRIP07901,USER1614,Rome,26-03-2024,08-08-2024,Cultural,Bus,4,2162.25,8
TRIP07902,USER3107,Barcelona,14-12-2024,28-12-2024,Beach,Cruise,1,4666.16,10
TRIP07903,USER2558,Bangkok,24-06-2024,24-09-2024,Cultural,Bus,2,740.35,4
TRIP07904,USER1450,Barcelona,29-09-2024,26-12-2024,Adventure,Flight,1,1908.65,4
TRIP07905,USER6221,Barcelona,03-06-2024,04-07-2024,Business,Cruise,3,4340.87,6
TRIP07906,USER4714,New York,02-10-2024,04-10-2024,Leisure,Cruise,2,4290.17,8
TRIP07907,USER5451,Sydney,08-10-2024,22-10-2024,Leisure,Car,1,3475.51,5
TRIP07908,USER7522,London,26-09-2024,28-12-2024,Adventure,Train,3,3817.82,6
TRIP07909,USER6639,London,04-04-2024,24-08-2024,Cultural,Car,3,1187.34,8
TRIP07910,USER3266,Sydney,20-06-2024,20-03-2025,Beach,Bus,3,1576.2,6
TRIP07911,USER7998,London,19-05-2024,14-11-2024,Business,Car,3,1660.25,10
TRIP07912,USER6759,Rome,11-06-2024,30-07-2024,Family,Cruise,3,3862.5,5
TRIP07913,USER1662,Dubai,01-04-2024,04-07-2024,Leisure,Bus,5,3634.3,5
TRIP07914,USER5966,New York,25-12-2024,11-01-2025,Family,Bus,4,2402.39,7
TRIP07915,USER7801,Tokyo,14-03-2025,02-04-2025,Leisure,Flight,4,4640.6,7
TRIP07916,USER8284,New York,16-07-2024,24-08-2024,Leisure,Train,5,525.68,8
TRIP07917,USER9954,London,26-05-2024,22-10-2024,Family,Bus,3,3303.38,6
TRIP07918,USER7054,New York,24-01-2025,11-02-2025,Business,Train,5,4775.83,2
TRIP07919,USER6766,Istanbul,29-10-2024,05-12-2024,Adventure,Train,1,1892.15,4
TRIP07920,USER2486,Bangkok,07-06-2024,19-11-2024,Family,Flight,3,2763.11,6
TRIP07921,USER2001,Tokyo,01-09-2024,05-01-2025,Adventure,Bus,1,3974.3,8
TRIP07922,USER4415,Rome,23-03-2024,27-03-2025,Beach,Car,3,3488.28,10
TRIP07923,USER9214,New York,28-12-2024,30-12-2024,Cultural,Train,1,1394.05,3
TRIP07924,USER8410,London,26-04-2024,11-09-2024,Beach,Bus,4,1862.64,8
TRIP07925,USER1608,Sydney,22-09-2024,16-10-2024,Beach,Flight,5,3312.64,3
TRIP07926,USER5714,Barcelona,04-11-2024,07-02-2025,Cultural,Cruise,5,4243.64,10
TRIP07927,USER9213,Paris,15-12-2024,20-01-2025,Beach,Train,5,3032.38,9
TRIP07928,USER5958,Dubai,25-11-2024,10-03-2025,Leisure,Car,5,2967.51,3
TRIP07929,USER8722,Istanbul,25-01-2025,20-02-2025,Business,Flight,2,860.65,6
TRIP07930,USER1361,Bangkok,16-03-2025,11-04-2025,Family,Cruise,3,1751.85,1
TRIP07931,USER1371,New York,07-12-2024,12-01-2025,Adventure,Train,2,4501.44,7
TRIP07932,USER7901,London,21-04-2024,08-03-2025,Family,Flight,5,2739.96,7
TRIP07933,USER2692,London,25-06-2024,13-11-2024,Beach,Bus,3,1804.18,2
TRIP07934,USER4703,New York,02-04-2024,08-08-2024,Beach,Train,5,4226.66,1
TRIP07935,USER3822,Barcelona,09-08-2024,30-12-2024,Family,Bus,2,1116.2,10
TRIP07936,USER3229,Istanbul,14-04-2024,04-10-2024,Adventure,Flight,5,2610.09,2
TRIP07937,USER4096,Rome,18-11-2024,02-04-2025,Family,Car,2,3676.49,2
TRIP07938,USER2708,Barcelona,03-09-2024,25-03-2025,Adventure,Flight,3,4060.75,7
TRIP07939,USER2251,New York,16-08-2024,12-01-2025,Adventure,Bus,5,592.61,2
TRIP07940,USER6172,London,07-05-2024,10-12-2024,Leisure,Cruise,4,1101.1,6
TRIP07941,USER2552,Dubai,26-10-2024,13-12-2024,Leisure,Train,2,1191.9,4
TRIP07942,USER4898,Bangkok,20-07-2024,15-10-2024,Adventure,Train,3,1765.38,6
TRIP07943,USER2937,Sydney,22-09-2024,13-12-2024,Adventure,Train,4,825.93,10
TRIP07944,USER8268,Tokyo,12-12-2024,31-01-2025,Beach,Cruise,3,2887.09,4
TRIP07945,USER2930,London,24-06-2024,22-03-2025,Adventure,Car,1,1316.01,4
TRIP07946,USER3264,Rome,15-02-2025,09-03-2025,Leisure,Flight,3,1355.05,9
TRIP07947,USER1198,Rome,31-01-2025,02-03-2025,Business,Train,1,1169.42,9
TRIP07948,USER9636,New York,04-04-2024,29-09-2024,Family,Cruise,4,2480.88,7
TRIP07949,USER4385,London,15-03-2025,12-04-2025,Business,Cruise,4,3886.93,3
TRIP07950,USER3379,Barcelona,28-02-2025,25-03-2025,Beach,Train,3,3027.77,9
TRIP07951,USER3904,Sydney,18-12-2024,27-01-2025,Leisure,Car,4,1922.11,8
TRIP07952,USER4119,Istanbul,14-08-2024,27-08-2024,Leisure,Cruise,2,3476.36,4
TRIP07953,USER6817,New York,08-04-2024,26-11-2024,Beach,Car,2,4576.87,1
TRIP07954,USER2764,Dubai,07-10-2024,16-12-2024,Family,Train,3,4280.11,6
TRIP07955,USER5651,Paris,03-02-2025,08-02-2025,Family,Flight,1,1572.23,2
TRIP07956,USER9542,Rome,04-10-2024,31-01-2025,Beach,Train,1,1456.3,8
TRIP07957,USER6222,Barcelona,14-06-2024,24-03-2025,Adventure,Cruise,5,1327.87,5
TRIP07958,USER2713,Paris,08-07-2024,28-02-2025,Family,Train,4,4709.89,9
TRIP07959,USER9719,London,01-10-2024,21-01-2025,Business,Flight,5,2904.17,6
TRIP07960,USER8280,Bangkok,23-01-2025,13-02-2025,Adventure,Flight,2,1045.43,5
TRIP07961,USER1764,Sydney,16-08-2024,07-04-2025,Adventure,Bus,2,4457.5,10
TRIP07962,USER4683,Paris,30-08-2024,05-03-2025,Cultural,Flight,3,2706.22,7
TRIP07963,USER8183,Istanbul,17-03-2024,11-04-2025,Beach,Car,3,1106.35,8
TRIP07964,USER4652,Rome,17-12-2024,30-12-2024,Cultural,Cruise,2,2155.22,6
TRIP07965,USER5568,Sydney,09-04-2024,28-08-2024,Adventure,Train,5,2378.72,6
TRIP07966,USER8629,Sydney,28-01-2025,18-03-2025,Adventure,Train,1,3133.85,5
TRIP07967,USER3946,Barcelona,24-11-2024,10-12-2024,Business,Train,2,1837.38,6
TRIP07968,USER7710,Paris,25-05-2024,15-12-2024,Business,Bus,3,886.72,1
TRIP07969,USER9005,Bangkok,24-10-2024,06-04-2025,Leisure,Car,5,1673.83,1
TRIP07970,USER4565,Dubai,07-02-2025,05-04-2025,Business,Car,4,3283.81,10
TRIP07971,USER3706,London,15-05-2024,03-12-2024,Family,Cruise,3,1017.69,4
TRIP07972,USER7400,Istanbul,22-01-2025,12-02-2025,Adventure,Train,1,1558.65,1
TRIP07973,USER6445,Paris,08-05-2024,29-01-2025,Adventure,Train,5,1802.69,3
TRIP07974,USER2194,Bangkok,11-03-2025,02-04-2025,Leisure,Car,1,1853.49,3
TRIP07975,USER7450,London,03-10-2024,24-12-2024,Family,Car,4,1017.22,2
TRIP07976,USER3227,Sydney,12-04-2024,29-06-2024,Business,Car,3,845.03,6
TRIP07977,USER7886,Rome,22-08-2024,03-12-2024,Adventure,Bus,2,2992.03,7
TRIP07978,USER4368,Paris,16-09-2024,31-03-2025,Adventure,Car,4,1599.29,5
TRIP07979,USER3525,Bangkok,23-05-2024,07-12-2024,Business,Train,2,2172.21,6
TRIP07980,USER3877,Paris,19-07-2024,03-03-2025,Family,Car,4,4570.17,1
TRIP07981,USER8045,Istanbul,12-08-2024,07-02-2025,Leisure,Cruise,1,4350.15,6
TRIP07982,USER8288,Istanbul,27-06-2024,13-11-2024,Beach,Train,4,1283.7,4
TRIP07983,USER1172,Bangkok,07-05-2024,25-02-2025,Cultural,Bus,2,2297.82,2
TRIP07984,USER9002,Barcelona,30-05-2024,17-11-2024,Business,Car,3,2442.19,6
TRIP07985,USER1296,Tokyo,13-10-2024,12-04-2025,Beach,Flight,2,2651.62,9
TRIP07986,USER1995,Barcelona,05-06-2024,11-04-2025,Beach,Car,1,4361.56,10
TRIP07987,USER5693,Sydney,11-10-2024,13-12-2024,Adventure,Car,5,3618.9,1
TRIP07988,USER9795,New York,02-12-2024,25-01-2025,Cultural,Bus,4,1696.02,9
TRIP07989,USER9508,Istanbul,20-09-2024,10-10-2024,Leisure,Bus,5,3313.68,1
TRIP07990,USER1473,Sydney,02-01-2025,04-02-2025,Leisure,Train,4,4597.18,5
TRIP07991,USER2877,London,11-08-2024,20-10-2024,Adventure,Car,4,1506.84,2
TRIP07992,USER3232,Dubai,14-08-2024,23-02-2025,Leisure,Car,4,1557.72,7
TRIP07993,USER3963,New York,10-05-2024,15-03-2025,Leisure,Flight,2,3443.46,4
TRIP07994,USER2614,Rome,11-07-2024,10-04-2025,Family,Bus,1,3863.65,2
TRIP07995,USER6514,Sydney,20-04-2024,30-05-2024,Adventure,Car,3,3158.06,5
TRIP07996,USER3404,Sydney,10-11-2024,18-03-2025,Leisure,Flight,4,2036.94,2
TRIP07997,USER7596,Bangkok,26-01-2025,03-03-2025,Family,Flight,2,3029.8,6
TRIP07998,USER5650,Dubai,24-06-2024,29-11-2024,Business,Cruise,2,3061.6,10
TRIP07999,USER6519,Sydney,25-03-2024,22-09-2024,Cultural,Train,1,1875.81,10
TRIP08000,USER4457,Rome,04-07-2024,04-10-2024,Family,Bus,2,3797.4,1
TRIP08001,USER3570,Istanbul,28-01-2025,15-03-2025,Business,Car,4,4044.13,8
TRIP08002,USER1171,Sydney,20-04-2024,07-03-2025,Family,Bus,5,1394.78,8
TRIP08003,USER3907,Sydney,01-04-2024,01-08-2024,Leisure,Flight,3,2420.46,6
TRIP08004,USER9785,Paris,24-11-2024,28-12-2024,Adventure,Flight,5,2085.9,10
TRIP08005,USER2993,Sydney,25-03-2024,09-11-2024,Cultural,Train,5,3669,2
TRIP08006,USER6185,Bangkok,24-05-2024,30-01-2025,Business,Flight,4,3553.7,2
TRIP08007,USER2491,Sydney,28-01-2025,03-04-2025,Leisure,Car,2,932.43,6
TRIP08008,USER8028,London,27-01-2025,11-04-2025,Cultural,Flight,2,3090.91,4
TRIP08009,USER7074,New York,29-04-2024,06-10-2024,Adventure,Car,3,3635.79,7
TRIP08010,USER5984,Tokyo,01-03-2025,01-03-2025,Cultural,Train,2,3979.19,5
TRIP08011,USER8137,New York,03-10-2024,25-11-2024,Beach,Car,2,4369.86,9
TRIP08012,USER2628,Bangkok,03-02-2025,10-02-2025,Business,Bus,2,2121.69,4
TRIP08013,USER3338,New York,24-10-2024,07-02-2025,Cultural,Car,1,3702.1,10
TRIP08014,USER9408,Paris,14-03-2025,02-04-2025,Cultural,Flight,5,4614.45,3
TRIP08015,USER3851,Dubai,17-08-2024,17-09-2024,Business,Cruise,3,1141.2,4
TRIP08016,USER3398,Dubai,20-02-2025,05-03-2025,Leisure,Cruise,2,835.28,6
TRIP08017,USER8061,Sydney,22-01-2025,01-03-2025,Adventure,Cruise,5,2429.64,4
TRIP08018,USER3263,Bangkok,09-03-2025,04-04-2025,Family,Car,3,4885.69,3
TRIP08019,USER5245,Sydney,07-04-2024,25-07-2024,Beach,Car,5,2774.03,2
TRIP08020,USER5419,Istanbul,02-05-2024,12-09-2024,Business,Car,3,1977.46,4
TRIP08021,USER1691,Bangkok,19-07-2024,07-11-2024,Cultural,Flight,4,4486.9,8
TRIP08022,USER8614,London,12-01-2025,11-04-2025,Cultural,Train,1,2410.4,5
TRIP08023,USER5605,Tokyo,12-06-2024,01-04-2025,Cultural,Flight,3,2746.93,8
TRIP08024,USER8722,Barcelona,24-04-2024,10-10-2024,Leisure,Flight,5,4930.42,8
TRIP08025,USER4678,Istanbul,06-10-2024,20-11-2024,Business,Bus,1,1248.8,10
TRIP08026,USER2879,Dubai,27-08-2024,11-10-2024,Cultural,Cruise,3,1918.66,8
TRIP08027,USER8251,Tokyo,12-01-2025,06-02-2025,Leisure,Cruise,2,3805.92,7
TRIP08028,USER4637,London,26-07-2024,09-03-2025,Leisure,Bus,3,3330.68,5
TRIP08029,USER1947,Dubai,09-05-2024,12-06-2024,Business,Bus,5,4098.36,6
TRIP08030,USER6290,Dubai,19-09-2024,03-01-2025,Beach,Cruise,3,2850.43,4
TRIP08031,USER8458,Bangkok,07-07-2024,15-01-2025,Adventure,Bus,1,2288.66,3
TRIP08032,USER9990,Istanbul,04-08-2024,29-03-2025,Business,Bus,4,3655.63,7
TRIP08033,USER4780,Dubai,21-05-2024,20-07-2024,Beach,Cruise,5,3474.67,9
TRIP08034,USER8628,Sydney,06-08-2024,28-11-2024,Beach,Cruise,4,2787.52,5
TRIP08035,USER5831,Dubai,19-04-2024,21-02-2025,Cultural,Car,2,1849.18,3
TRIP08036,USER9096,London,02-06-2024,01-12-2024,Leisure,Train,2,776.06,10
TRIP08037,USER7269,Sydney,14-05-2024,07-06-2024,Leisure,Bus,3,1976.71,6
TRIP08038,USER5000,Barcelona,27-12-2024,28-01-2025,Beach,Bus,1,1281.86,6
TRIP08039,USER8442,New York,14-05-2024,19-12-2024,Cultural,Train,5,872.21,5
TRIP08040,USER7615,London,12-04-2024,26-10-2024,Leisure,Train,1,4691.07,5
TRIP08041,USER7585,Rome,01-09-2024,24-12-2024,Cultural,Car,3,1281.97,4
TRIP08042,USER9082,Tokyo,27-10-2024,21-11-2024,Beach,Cruise,5,3918.38,5
TRIP08043,USER4917,London,02-08-2024,05-11-2024,Family,Bus,1,2404.72,5
TRIP08044,USER3849,Rome,02-08-2024,24-10-2024,Cultural,Cruise,5,682.05,8
TRIP08045,USER6854,Sydney,31-07-2024,28-09-2024,Adventure,Cruise,3,3089.42,5
TRIP08046,USER2844,Paris,15-11-2024,20-12-2024,Leisure,Car,3,4154.1,2
TRIP08047,USER7743,Tokyo,24-01-2025,03-02-2025,Business,Cruise,5,1238.87,10
TRIP08048,USER9879,New York,18-05-2024,15-03-2025,Cultural,Car,2,4247.66,9
TRIP08049,USER1821,Sydney,15-07-2024,23-12-2024,Beach,Train,4,827.36,4
TRIP08050,USER9218,Bangkok,07-09-2024,04-10-2024,Cultural,Bus,2,544.14,2
TRIP08051,USER1411,Istanbul,28-01-2025,21-02-2025,Cultural,Train,1,4004.3,1
TRIP08052,USER6533,Dubai,27-10-2024,19-03-2025,Business,Train,3,3463.94,6
TRIP08053,USER2391,Barcelona,03-11-2024,19-11-2024,Leisure,Car,4,1667.6,7
TRIP08054,USER2097,London,10-11-2024,27-03-2025,Family,Car,5,4974.49,3
TRIP08055,USER7271,Bangkok,03-06-2024,26-07-2024,Business,Train,2,1690.72,8
TRIP08056,USER7144,Dubai,03-11-2024,20-01-2025,Beach,Flight,1,4872.64,6
TRIP08057,USER8957,Barcelona,10-06-2024,12-03-2025,Leisure,Cruise,4,2580.78,5
TRIP08058,USER4217,Tokyo,08-03-2025,12-04-2025,Business,Cruise,5,2764.64,5
TRIP08059,USER4926,Paris,25-02-2025,07-04-2025,Adventure,Train,1,3789.82,6
TRIP08060,USER3247,New York,31-08-2024,27-02-2025,Leisure,Cruise,1,2609.14,8
TRIP08061,USER7488,Paris,10-03-2025,11-03-2025,Leisure,Bus,4,2366.65,9
TRIP08062,USER8937,Barcelona,04-06-2024,01-10-2024,Business,Train,5,4358.21,9
TRIP08063,USER8889,London,03-05-2024,29-10-2024,Family,Cruise,2,1502.33,8
TRIP08064,USER1514,Sydney,14-03-2025,05-04-2025,Business,Car,2,3821.3,7
TRIP08065,USER2865,New York,20-08-2024,19-12-2024,Beach,Car,4,4642.89,10
TRIP08066,USER7504,London,20-09-2024,30-09-2024,Leisure,Bus,3,742.31,10
TRIP08067,USER1437,Sydney,21-07-2024,04-04-2025,Cultural,Cruise,5,1283.84,9
TRIP08068,USER1416,Sydney,03-05-2024,07-12-2024,Beach,Car,4,2347.18,9
TRIP08069,USER1536,Sydney,18-10-2024,30-10-2024,Family,Bus,4,1999.12,1
TRIP08070,USER5597,Istanbul,12-10-2024,01-02-2025,Cultural,Cruise,5,4312.49,4
TRIP08071,USER7099,Bangkok,27-03-2024,04-08-2024,Leisure,Cruise,3,2841.84,9
TRIP08072,USER3191,Rome,12-01-2025,23-03-2025,Business,Bus,5,1681.76,3
TRIP08074,USER8251,Istanbul,05-12-2024,11-02-2025,Family,Cruise,2,3589.24,9
TRIP08075,USER5730,Istanbul,12-11-2024,17-12-2024,Cultural,Flight,2,2436.14,10
TRIP08076,USER6523,Dubai,18-06-2024,08-02-2025,Leisure,Cruise,1,2361.53,7
TRIP08077,USER3183,Bangkok,27-11-2024,03-02-2025,Business,Cruise,3,1689.85,1
TRIP08078,USER4850,Tokyo,25-08-2024,05-10-2024,Business,Flight,5,2718.7,8
TRIP08079,USER9601,Sydney,12-12-2024,04-02-2025,Leisure,Car,2,2274.29,7
TRIP08080,USER7494,Paris,06-05-2024,09-03-2025,Adventure,Bus,4,1193.99,5
TRIP08081,USER4446,Dubai,06-07-2024,20-08-2024,Adventure,Flight,5,987.35,5
TRIP08082,USER6376,Paris,18-10-2024,04-12-2024,Business,Flight,4,4000.82,10
TRIP08083,USER6364,Istanbul,27-08-2024,04-04-2025,Family,Cruise,2,4375.93,4
TRIP08084,USER2559,Sydney,01-01-2025,14-04-2025,Leisure,Cruise,2,3994,7
TRIP08085,USER9882,New York,26-02-2025,20-03-2025,Family,Car,3,3527.47,4
TRIP08086,USER1935,Sydney,18-01-2025,14-04-2025,Cultural,Flight,1,3137.91,1
TRIP08087,USER6321,Paris,26-12-2024,25-03-2025,Business,Car,2,2649.63,1
TRIP08088,USER5822,Istanbul,15-10-2024,25-10-2024,Adventure,Car,2,3796.55,4
TRIP08089,USER8547,New York,06-06-2024,07-07-2024,Beach,Car,1,1227.11,6
TRIP08090,USER9234,Dubai,04-09-2024,05-01-2025,Family,Bus,4,624.14,7
TRIP08091,USER5797,Istanbul,01-09-2024,10-04-2025,Beach,Cruise,5,1319.93,10
TRIP08092,USER8276,Rome,10-03-2025,23-03-2025,Leisure,Flight,2,3158.41,2
TRIP08093,USER9244,Sydney,27-10-2024,25-12-2024,Family,Cruise,4,4023.77,7
TRIP08094,USER1282,Rome,17-11-2024,04-01-2025,Family,Bus,1,1893.85,2
TRIP08096,USER2615,Sydney,24-02-2025,15-03-2025,Adventure,Bus,1,935.23,1
TRIP08097,USER8012,Rome,19-03-2024,09-05-2024,Leisure,Cruise,2,4477.01,7
TRIP08098,USER2410,Tokyo,02-03-2025,10-04-2025,Cultural,Train,5,3551.49,6
TRIP08099,USER4661,Tokyo,11-09-2024,02-04-2025,Cultural,Flight,3,847.93,8
TRIP08100,USER6596,Sydney,19-09-2024,23-02-2025,Adventure,Cruise,3,4505.84,10
TRIP08101,USER1868,Rome,24-07-2024,22-08-2024,Leisure,Bus,2,919.36,9
TRIP08102,USER4015,Dubai,26-03-2024,06-07-2024,Beach,Cruise,5,2385.04,10
TRIP08103,USER7951,Paris,01-12-2024,23-02-2025,Family,Train,5,723.53,4
TRIP08104,USER8575,Paris,03-04-2024,18-05-2024,Leisure,Flight,5,1568.95,10
TRIP08105,USER6726,Dubai,24-03-2024,17-01-2025,Family,Bus,2,583.45,10
TRIP08106,USER5711,Paris,10-10-2024,01-03-2025,Cultural,Flight,5,3218.06,3
TRIP08107,USER3334,Rome,26-07-2024,08-01-2025,Family,Bus,3,4057.41,9
TRIP08108,USER3197,Barcelona,11-11-2024,04-01-2025,Adventure,Car,3,943.86,4
TRIP08109,USER1723,Dubai,22-11-2024,05-04-2025,Beach,Flight,2,2117.29,2
TRIP08110,USER8046,New York,26-09-2024,18-02-2025,Cultural,Train,2,2263.85,4
TRIP08111,USER7173,Sydney,11-10-2024,04-03-2025,Business,Flight,1,1242.87,1
TRIP08112,USER8110,Dubai,26-11-2024,10-01-2025,Beach,Flight,2,4417.48,1
TRIP08113,USER4586,London,08-11-2024,17-11-2024,Business,Car,4,805.67,2
TRIP08114,USER4438,Tokyo,22-05-2024,09-12-2024,Business,Bus,1,3743.6,5
TRIP08115,USER6146,New York,07-08-2024,08-12-2024,Adventure,Train,3,804.83,7
TRIP08117,USER9180,Rome,04-12-2024,07-04-2025,Cultural,Bus,3,3721.27,4
TRIP08118,USER7127,Dubai,08-10-2024,09-03-2025,Cultural,Cruise,4,3466.24,9
TRIP08119,USER9711,Dubai,21-06-2024,23-11-2024,Adventure,Bus,1,753.31,8
TRIP08120,USER2026,Istanbul,17-02-2025,16-03-2025,Family,Train,2,4798.28,9
TRIP08121,USER3652,London,04-04-2024,17-05-2024,Family,Cruise,4,4271.74,10
TRIP08122,USER3762,London,17-05-2024,07-08-2024,Family,Train,5,2755.69,10
TRIP08123,USER4977,Bangkok,24-07-2024,28-07-2024,Cultural,Flight,1,725.27,4
TRIP08124,USER7708,New York,21-01-2025,25-03-2025,Adventure,Car,4,3916.36,3
TRIP08125,USER7488,Istanbul,13-07-2024,13-11-2024,Business,Bus,3,2773.27,6
TRIP08126,USER3528,New York,21-01-2025,25-01-2025,Business,Car,4,1640.77,5
TRIP08127,USER8408,Sydney,07-04-2024,25-03-2025,Adventure,Bus,1,1295.85,10
TRIP08128,USER5743,Bangkok,08-10-2024,02-04-2025,Leisure,Cruise,2,1946.38,1
TRIP08129,USER2101,Barcelona,16-05-2024,26-12-2024,Beach,Cruise,4,4625.99,2
TRIP08130,USER9557,Barcelona,10-05-2024,06-04-2025,Business,Car,2,850.45,6
TRIP08131,USER6438,Sydney,17-08-2024,04-11-2024,Family,Flight,3,2977.53,7
TRIP08132,USER5756,London,15-06-2024,23-03-2025,Cultural,Cruise,5,2182.38,3
TRIP08133,USER6017,Rome,17-12-2024,05-02-2025,Business,Cruise,3,1438.43,6
TRIP08134,USER6392,Barcelona,22-10-2024,26-02-2025,Business,Cruise,5,4922.54,6
TRIP08135,USER1494,London,05-04-2024,21-10-2024,Beach,Flight,4,3916.83,9
TRIP08136,USER6879,Barcelona,16-02-2025,14-04-2025,Beach,Train,2,3441.73,3
TRIP08137,USER3150,Paris,12-02-2025,24-03-2025,Adventure,Car,5,3568.54,3
TRIP08138,USER6898,Tokyo,23-04-2024,23-05-2024,Leisure,Train,4,3816.71,2
TRIP08139,USER1052,London,12-05-2024,03-07-2024,Family,Bus,3,2980.31,4
TRIP08140,USER4452,Tokyo,25-02-2025,06-03-2025,Adventure,Train,5,1164.58,2
TRIP08141,USER1247,New York,08-05-2024,19-10-2024,Beach,Flight,4,3003.47,6
TRIP08142,USER1221,Sydney,04-05-2024,27-09-2024,Cultural,Train,5,2263.57,6
TRIP08143,USER4604,Dubai,20-02-2025,18-03-2025,Adventure,Car,4,3889.95,1
TRIP08144,USER6885,Tokyo,16-07-2024,16-10-2024,Family,Train,3,1318.24,4
TRIP08145,USER1257,Dubai,13-10-2024,17-03-2025,Leisure,Train,1,4707.26,4
TRIP08146,USER3989,Paris,22-12-2024,18-02-2025,Cultural,Cruise,3,3321.35,5
TRIP08147,USER3121,Barcelona,17-11-2024,02-12-2024,Cultural,Car,1,867.64,5
TRIP08148,USER3101,Paris,21-12-2024,08-02-2025,Cultural,Flight,5,1649.89,3
TRIP08149,USER4142,Istanbul,06-10-2024,10-10-2024,Business,Bus,3,3585.35,5
TRIP08150,USER4478,New York,19-05-2024,18-10-2024,Adventure,Car,2,4928.89,4
TRIP08151,USER2738,London,03-09-2024,16-10-2024,Business,Car,3,4153.99,6
TRIP08152,USER7274,Barcelona,15-07-2024,26-02-2025,Business,Train,1,2367.27,3
TRIP08153,USER2683,Istanbul,16-03-2025,08-04-2025,Cultural,Car,3,1076.25,5
TRIP08154,USER1821,London,18-07-2024,10-03-2025,Cultural,Flight,4,3568.06,8
TRIP08155,USER4139,Istanbul,22-10-2024,06-01-2025,Family,Flight,3,1629.92,4
TRIP08156,USER1683,London,13-05-2024,10-03-2025,Leisure,Bus,4,4046.46,4
TRIP08157,USER2017,London,17-08-2024,06-04-2025,Adventure,Flight,2,3760.62,6
TRIP08158,USER7366,London,14-05-2024,07-02-2025,Business,Car,5,3484.5,8
TRIP08159,USER9111,Paris,13-08-2024,03-11-2024,Business,Car,3,4117.47,7
TRIP08160,USER8888,London,17-11-2024,11-03-2025,Adventure,Train,5,1063.08,1
TRIP08161,USER4695,Dubai,02-11-2024,14-12-2024,Beach,Bus,1,3508.11,6
TRIP08162,USER4968,London,13-09-2024,06-12-2024,Beach,Car,2,3153.65,5
TRIP08163,USER9496,Bangkok,15-12-2024,15-12-2024,Cultural,Car,2,2585.19,4
TRIP08164,USER2261,Paris,05-09-2024,29-12-2024,Beach,Cruise,4,3876.11,6
TRIP08165,USER4479,Paris,07-11-2024,13-02-2025,Leisure,Train,3,3950.93,2
TRIP08166,USER7606,Bangkok,15-02-2025,04-03-2025,Adventure,Flight,4,4775.52,8
TRIP08167,USER5561,New York,06-08-2024,28-08-2024,Beach,Car,2,797.01,2
TRIP08168,USER8041,Dubai,12-02-2025,21-03-2025,Family,Cruise,4,4122.49,2
TRIP08169,USER1565,Paris,08-06-2024,01-04-2025,Leisure,Flight,2,1082.12,6
TRIP08170,USER6961,Tokyo,10-12-2024,10-04-2025,Beach,Cruise,4,4449.14,9
TRIP08171,USER5756,Tokyo,30-08-2024,03-01-2025,Leisure,Bus,3,2500.98,3
TRIP08172,USER4681,Rome,07-09-2024,30-03-2025,Adventure,Bus,5,3036.9,9
TRIP08173,USER5537,Tokyo,30-01-2025,30-01-2025,Family,Train,4,3145.2,4
TRIP08174,USER2071,Istanbul,10-08-2024,30-01-2025,Adventure,Bus,1,4046.96,5
TRIP08175,USER2611,Sydney,21-09-2024,10-01-2025,Leisure,Cruise,4,1896.99,4
TRIP08176,USER6298,Tokyo,03-07-2024,23-03-2025,Leisure,Train,2,3892.13,2
TRIP08177,USER8541,Istanbul,29-04-2024,15-01-2025,Cultural,Flight,5,3446.5,3
TRIP08178,USER3428,Paris,11-02-2025,10-04-2025,Cultural,Train,1,2968.65,6
TRIP08179,USER4441,Sydney,16-06-2024,18-08-2024,Business,Cruise,1,3963.1,4
TRIP08180,USER2402,Rome,03-02-2025,23-03-2025,Business,Flight,5,4764.13,5
TRIP08181,USER2304,Sydney,06-01-2025,12-01-2025,Leisure,Car,3,1925.89,7
TRIP08182,USER6340,New York,16-03-2024,03-09-2024,Business,Flight,4,3269.31,3
TRIP08183,USER1800,Dubai,09-07-2024,23-11-2024,Business,Cruise,3,1593.49,2
TRIP08184,USER9671,Paris,03-10-2024,08-11-2024,Adventure,Train,5,2570.66,6
TRIP08185,USER4807,Istanbul,08-03-2025,18-03-2025,Cultural,Train,5,4439.92,4
TRIP08186,USER2126,Istanbul,28-12-2024,11-04-2025,Adventure,Car,5,1696.6,5
TRIP08187,USER7879,Bangkok,11-10-2024,18-02-2025,Beach,Car,2,848.05,3
TRIP08188,USER6960,London,22-12-2024,16-01-2025,Family,Cruise,1,1827.42,10
TRIP08189,USER9520,Tokyo,11-11-2024,02-03-2025,Family,Train,5,713.08,8
TRIP08190,USER7227,Barcelona,13-03-2025,18-03-2025,Family,Train,3,1428.64,10
TRIP08191,USER6322,Istanbul,27-06-2024,05-02-2025,Cultural,Bus,5,2459.83,4
TRIP08192,USER8871,Paris,23-04-2024,01-03-2025,Leisure,Car,5,2886.12,5
TRIP08193,USER1340,Bangkok,05-07-2024,10-12-2024,Family,Car,2,1951.73,1
TRIP08194,USER2604,Dubai,29-12-2024,21-02-2025,Beach,Train,2,1221.88,10
TRIP08195,USER5675,Barcelona,29-06-2024,21-01-2025,Leisure,Train,5,571.88,10
TRIP08196,USER3570,Sydney,25-05-2024,20-10-2024,Adventure,Cruise,5,1429.62,6
TRIP08197,USER9904,Bangkok,04-05-2024,15-12-2024,Adventure,Train,3,2253.36,10
TRIP08198,USER8026,Tokyo,29-03-2024,30-10-2024,Cultural,Cruise,1,4854.67,3
TRIP08199,USER6108,Bangkok,12-06-2024,21-08-2024,Cultural,Flight,3,608.93,9
TRIP08200,USER6159,Tokyo,28-10-2024,15-02-2025,Adventure,Train,5,636.85,6
TRIP08201,USER3296,Istanbul,07-04-2024,13-01-2025,Beach,Cruise,2,2123.19,8
TRIP08202,USER4954,New York,20-10-2024,03-01-2025,Family,Car,1,4027.65,1
TRIP08203,USER6642,London,07-06-2024,17-08-2024,Family,Cruise,3,3283.01,4
TRIP08204,USER3735,Tokyo,07-06-2024,15-04-2025,Family,Car,1,2570.59,7
TRIP08205,USER1649,Rome,27-09-2024,19-11-2024,Cultural,Flight,2,2818.64,7
TRIP08206,USER4708,Rome,14-08-2024,27-08-2024,Leisure,Flight,1,1058.65,6
TRIP08207,USER9146,Istanbul,03-08-2024,30-10-2024,Leisure,Bus,3,2236.13,7
TRIP08208,USER5020,Tokyo,02-02-2025,03-02-2025,Family,Bus,5,4287.08,1
TRIP08209,USER4276,Paris,17-09-2024,20-02-2025,Leisure,Cruise,4,3297.91,3
TRIP08210,USER7619,Paris,13-09-2024,18-01-2025,Business,Car,2,4172.21,8
TRIP08211,USER5021,Rome,08-02-2025,27-03-2025,Family,Cruise,3,1422.52,9
TRIP08212,USER9922,London,30-03-2024,13-07-2024,Beach,Flight,5,4328.03,6
TRIP08213,USER2849,Barcelona,24-12-2024,02-01-2025,Business,Car,1,3093.99,5
TRIP08214,USER3392,Sydney,28-03-2024,22-04-2024,Beach,Flight,3,1793.76,1
TRIP08215,USER9255,Sydney,24-11-2024,16-03-2025,Leisure,Bus,3,2770.29,1
TRIP08216,USER5161,Barcelona,27-03-2024,29-09-2024,Leisure,Train,5,1297.57,2
TRIP08217,USER6067,Bangkok,30-01-2025,17-02-2025,Leisure,Cruise,2,2183.54,6
TRIP08218,USER8723,Sydney,18-10-2024,13-04-2025,Cultural,Cruise,4,3833.36,3
TRIP08219,USER2008,Istanbul,12-05-2024,12-11-2024,Business,Train,4,3374.44,1
TRIP08220,USER8024,Rome,25-01-2025,09-03-2025,Adventure,Train,2,797.16,7
TRIP08221,USER6737,Bangkok,15-11-2024,22-03-2025,Beach,Car,4,1488.74,7
TRIP08222,USER5329,Paris,22-02-2025,26-03-2025,Business,Car,2,3593.58,1
TRIP08223,USER2769,Tokyo,21-10-2024,12-12-2024,Business,Car,3,2818.51,8
TRIP08224,USER3387,Dubai,07-01-2025,16-01-2025,Cultural,Bus,1,4207.14,1
TRIP08225,USER5760,Rome,08-12-2024,02-04-2025,Beach,Flight,1,4114.52,10
TRIP08226,USER2515,Rome,07-09-2024,22-12-2024,Beach,Flight,2,1939.33,6
TRIP08227,USER8257,Sydney,07-05-2024,04-04-2025,Family,Cruise,1,4337.64,1
TRIP08228,USER2242,Dubai,02-02-2025,09-04-2025,Adventure,Flight,3,4847.33,8
TRIP08229,USER1188,New York,02-08-2024,03-04-2025,Business,Cruise,4,1972.22,10
TRIP08230,USER1780,Barcelona,06-08-2024,22-10-2024,Leisure,Car,4,3272.88,6
TRIP08231,USER8126,Sydney,18-07-2024,14-10-2024,Family,Train,3,4181.66,9
TRIP08232,USER6497,Dubai,12-04-2024,10-05-2024,Beach,Train,1,4936.8,4
TRIP08233,USER7839,London,18-02-2025,01-04-2025,Beach,Train,2,2455.47,5
TRIP08234,USER4321,Paris,04-07-2024,08-03-2025,Cultural,Flight,4,2555.93,7
TRIP08235,USER5602,Dubai,03-06-2024,02-02-2025,Leisure,Car,2,4735.54,3
TRIP08236,USER1558,Rome,01-01-2025,22-03-2025,Business,Flight,5,2371.49,7
TRIP08237,USER9106,Istanbul,09-11-2024,20-01-2025,Family,Car,1,2899.83,8
TRIP08238,USER8340,Barcelona,17-04-2024,15-10-2024,Leisure,Cruise,1,4118.41,9
TRIP08239,USER3634,Bangkok,14-12-2024,04-04-2025,Cultural,Flight,2,2591.17,7
TRIP08240,USER4831,Barcelona,01-05-2024,04-06-2024,Leisure,Train,1,1271.71,5
TRIP08241,USER5697,Rome,28-09-2024,20-02-2025,Family,Train,2,1766.13,9
TRIP08242,USER5598,Tokyo,30-06-2024,02-08-2024,Beach,Car,3,3395.05,10
TRIP08243,USER5086,Dubai,15-02-2025,04-04-2025,Cultural,Cruise,3,2916.09,9
TRIP08244,USER4028,Tokyo,23-07-2024,09-11-2024,Leisure,Cruise,4,2545.59,4
TRIP08245,USER9582,Rome,29-11-2024,09-03-2025,Family,Train,5,4691.47,4
TRIP08246,USER3876,Barcelona,20-04-2024,21-01-2025,Adventure,Cruise,3,1495.37,8
TRIP08247,USER5531,Sydney,25-03-2024,25-05-2024,Beach,Car,4,3176.35,6
TRIP08248,USER2941,Istanbul,14-07-2024,08-12-2024,Leisure,Cruise,5,4448.65,7
TRIP08249,USER4377,Istanbul,09-10-2024,31-03-2025,Family,Train,4,4955.08,6
TRIP08250,USER5460,London,06-06-2024,22-06-2024,Beach,Bus,3,3119.58,3
TRIP08251,USER2010,Tokyo,03-07-2024,18-09-2024,Leisure,Flight,5,4998.28,1
TRIP08252,USER6351,London,12-01-2025,16-03-2025,Beach,Train,1,867.61,4
TRIP08253,USER9688,Paris,24-06-2024,07-10-2024,Business,Train,3,3972.47,3
TRIP08254,USER4850,Rome,22-01-2025,29-01-2025,Business,Bus,3,3521.82,5
TRIP08255,USER6018,New York,24-10-2024,22-03-2025,Beach,Cruise,5,4784.66,8
TRIP08256,USER9942,Bangkok,08-02-2025,12-02-2025,Business,Bus,3,1366.52,2
TRIP08257,USER2191,New York,14-05-2024,16-10-2024,Beach,Train,4,4419.37,7
TRIP08258,USER7875,Istanbul,02-11-2024,14-11-2024,Beach,Train,3,3324.88,7
TRIP08259,USER8587,Rome,28-12-2024,04-04-2025,Adventure,Bus,2,654.26,6
TRIP08260,USER9784,Istanbul,28-12-2024,05-03-2025,Cultural,Flight,4,3734.14,7
TRIP08261,USER5742,Bangkok,24-04-2024,03-02-2025,Adventure,Train,2,1503.26,4
TRIP08262,USER1764,Istanbul,25-07-2024,30-01-2025,Cultural,Bus,5,3756.55,7
TRIP08263,USER3685,Bangkok,18-05-2024,24-05-2024,Beach,Cruise,3,1970.67,3
TRIP08264,USER2002,Dubai,08-12-2024,22-02-2025,Adventure,Bus,4,4972,1
TRIP08265,USER4309,Paris,24-01-2025,03-04-2025,Business,Bus,5,1186.71,8
TRIP08266,USER6650,Barcelona,27-07-2024,10-01-2025,Family,Flight,3,4772.95,10
TRIP08267,USER1490,Bangkok,03-11-2024,20-12-2024,Beach,Train,5,4490.81,3
TRIP08268,USER4521,Bangkok,03-06-2024,23-10-2024,Beach,Train,2,3132.72,5
TRIP08269,USER9943,Sydney,17-07-2024,25-07-2024,Beach,Flight,2,2747.51,9
TRIP08270,USER2372,Barcelona,11-01-2025,31-03-2025,Adventure,Bus,3,4965.77,3
TRIP08271,USER1393,Rome,01-01-2025,06-04-2025,Adventure,Bus,2,2789.85,8
TRIP08272,USER6706,Sydney,27-01-2025,16-02-2025,Cultural,Car,1,2136.55,8
TRIP08273,USER9865,Dubai,29-05-2024,12-11-2024,Beach,Bus,4,2200.25,4
TRIP08274,USER1090,Sydney,29-04-2024,04-08-2024,Adventure,Bus,1,2499.98,9
TRIP08275,USER1917,Tokyo,23-01-2025,03-03-2025,Adventure,Car,4,3797.37,5
TRIP08276,USER7263,Bangkok,23-05-2024,14-11-2024,Family,Flight,3,4201.5,3
TRIP08277,USER2270,London,12-03-2025,12-03-2025,Cultural,Cruise,2,3321.47,6
TRIP08278,USER1034,Tokyo,14-05-2024,02-01-2025,Cultural,Cruise,3,3509.48,6
TRIP08279,USER8151,Tokyo,05-04-2024,15-05-2024,Business,Bus,1,1638.99,7
TRIP08280,USER9681,Paris,31-03-2024,24-08-2024,Adventure,Cruise,1,3531.72,8
TRIP08281,USER3467,New York,17-05-2024,12-04-2025,Family,Train,3,1253.25,4
TRIP08282,USER1221,Bangkok,10-10-2024,03-03-2025,Cultural,Car,1,2169.11,1
TRIP08283,USER8783,Barcelona,30-06-2024,14-11-2024,Adventure,Flight,2,4437.33,1
TRIP08284,USER3970,London,02-12-2024,27-03-2025,Beach,Train,4,823.34,3
TRIP08285,USER3369,Tokyo,26-07-2024,28-12-2024,Business,Flight,2,2823.94,3
TRIP08286,USER7087,Barcelona,15-08-2024,11-01-2025,Adventure,Train,4,3224.01,7
TRIP08287,USER4542,Dubai,08-04-2024,17-02-2025,Beach,Bus,3,977.25,9
TRIP08288,USER1952,Bangkok,31-10-2024,06-01-2025,Cultural,Car,5,1621.78,2
TRIP08289,USER6061,Istanbul,07-12-2024,01-02-2025,Family,Cruise,4,3126.08,4
TRIP08290,USER4455,Istanbul,08-08-2024,30-09-2024,Cultural,Car,1,557.13,3
TRIP08291,USER2889,Dubai,06-08-2024,20-10-2024,Family,Train,4,1113.64,6
TRIP08292,USER5539,Istanbul,17-03-2024,09-04-2025,Adventure,Flight,4,3976.02,3
TRIP08293,USER5042,Istanbul,06-10-2024,14-03-2025,Business,Train,1,4312.45,9
TRIP08294,USER6192,Istanbul,06-02-2025,11-03-2025,Cultural,Train,2,3654.59,2
TRIP08295,USER7245,London,23-12-2024,31-01-2025,Cultural,Cruise,3,2754.91,5
TRIP08296,USER2157,Dubai,10-06-2024,02-04-2025,Cultural,Train,2,4503.9,10
TRIP08297,USER2512,London,19-05-2024,14-07-2024,Adventure,Train,3,4830.06,5
TRIP08298,USER7416,Sydney,11-10-2024,16-01-2025,Beach,Cruise,4,3351.84,7
TRIP08299,USER3587,Istanbul,24-09-2024,28-09-2024,Leisure,Train,5,4342.6,5
TRIP08300,USER7485,Bangkok,12-05-2024,21-08-2024,Leisure,Bus,3,4505.51,4
TRIP08301,USER5597,Tokyo,04-09-2024,08-01-2025,Leisure,Bus,3,4576.41,4
TRIP08302,USER1599,Tokyo,09-06-2024,31-03-2025,Leisure,Flight,1,2256.21,10
TRIP08303,USER9894,London,10-06-2024,04-10-2024,Beach,Cruise,5,2157.03,3
TRIP08304,USER3860,London,10-12-2024,01-04-2025,Cultural,Train,5,4862.53,1
TRIP08305,USER4047,London,19-08-2024,20-08-2024,Business,Bus,5,2671.68,3
TRIP08306,USER8313,Paris,15-09-2024,12-01-2025,Leisure,Cruise,4,1239.17,8
TRIP08307,USER8520,Sydney,26-10-2024,17-11-2024,Business,Cruise,5,4107.12,7
TRIP08308,USER7159,Sydney,03-09-2024,28-02-2025,Family,Cruise,1,1438.08,8
TRIP08309,USER9703,Istanbul,22-06-2024,09-02-2025,Business,Train,1,2353.76,10
TRIP08310,USER5283,Barcelona,09-05-2024,08-11-2024,Leisure,Cruise,3,4273.29,3
TRIP08311,USER2098,Tokyo,11-04-2024,02-01-2025,Beach,Bus,4,2523.24,4
TRIP08312,USER5169,New York,27-04-2024,22-06-2024,Leisure,Bus,5,3470.63,3
TRIP08313,USER5692,London,15-07-2024,18-09-2024,Business,Bus,1,639.83,3
TRIP08314,USER8987,Paris,05-08-2024,22-02-2025,Leisure,Car,4,3751.93,3
TRIP08315,USER3002,Sydney,13-04-2024,28-05-2024,Beach,Flight,2,743.82,6
TRIP08316,USER8226,Dubai,11-07-2024,11-02-2025,Business,Bus,4,4001.65,8
TRIP08317,USER2646,Sydney,07-01-2025,23-03-2025,Business,Train,5,1699.2,1
TRIP08318,USER8654,Dubai,15-07-2024,11-11-2024,Business,Flight,3,3776.25,7
TRIP08319,USER2572,Rome,01-09-2024,28-03-2025,Adventure,Flight,3,2111.11,2
TRIP08320,USER6548,Paris,06-06-2024,09-01-2025,Beach,Car,5,1007.31,2
TRIP08321,USER9297,Paris,19-09-2024,14-02-2025,Cultural,Flight,3,1135.22,6
TRIP08322,USER7803,Tokyo,07-09-2024,08-12-2024,Cultural,Flight,3,3968.72,4
TRIP08323,USER1792,Sydney,26-06-2024,21-02-2025,Adventure,Bus,1,3010.07,3
TRIP08324,USER2244,New York,14-05-2024,25-06-2024,Business,Cruise,4,4538.97,7
TRIP08325,USER8308,New York,31-03-2024,22-03-2025,Beach,Bus,4,1989.37,9
TRIP08326,USER5664,New York,19-12-2024,06-03-2025,Leisure,Bus,1,1198.94,9
TRIP08327,USER7339,Rome,08-11-2024,21-12-2024,Leisure,Bus,3,2963.96,4
TRIP08328,USER1481,Bangkok,17-12-2024,15-02-2025,Adventure,Bus,4,3693.8,9
TRIP08329,USER8075,London,19-05-2024,15-10-2024,Business,Bus,4,519.73,1
TRIP08330,USER4175,Dubai,17-06-2024,07-10-2024,Family,Car,3,1804.6,8
TRIP08331,USER8532,Dubai,31-12-2024,04-03-2025,Business,Train,4,1312.22,5
TRIP08332,USER9746,Bangkok,10-04-2024,21-02-2025,Beach,Cruise,3,1025.02,1
TRIP08333,USER2501,London,01-05-2024,16-05-2024,Cultural,Bus,4,1616.55,1
TRIP08334,USER6291,London,07-11-2024,17-12-2024,Adventure,Car,3,2833.97,8
TRIP08335,USER2063,Rome,06-10-2024,02-12-2024,Family,Car,3,2257.51,3
TRIP08336,USER8972,Dubai,25-10-2024,01-11-2024,Beach,Car,3,2311.65,1
TRIP08337,USER8010,Tokyo,18-04-2024,12-08-2024,Adventure,Bus,4,1296.63,6
TRIP08338,USER6275,Paris,16-06-2024,21-03-2025,Beach,Train,3,1126.6,3
TRIP08339,USER7268,London,12-06-2024,19-08-2024,Cultural,Flight,2,1204.22,5
TRIP08340,USER8600,Bangkok,02-06-2024,08-02-2025,Cultural,Car,4,2039.53,7
TRIP08341,USER9260,New York,01-12-2024,30-03-2025,Family,Cruise,3,1628.6,1
TRIP08342,USER4446,Rome,13-05-2024,10-10-2024,Cultural,Flight,5,1700.92,1
TRIP08343,USER6067,Sydney,30-03-2024,23-12-2024,Beach,Train,2,1685.48,4
TRIP08344,USER3058,Rome,01-01-2025,05-03-2025,Cultural,Car,5,1288.49,3
TRIP08345,USER6588,Istanbul,03-04-2024,21-01-2025,Cultural,Car,3,2864.98,3
TRIP08346,USER7261,Rome,24-08-2024,23-02-2025,Cultural,Flight,2,4444.48,9
TRIP08347,USER5198,Tokyo,05-03-2025,24-03-2025,Adventure,Train,1,3066.41,6
TRIP08348,USER9599,Istanbul,15-11-2024,14-04-2025,Business,Cruise,1,3598.58,7
TRIP08349,USER7661,Paris,19-11-2024,11-12-2024,Beach,Car,1,3205.59,6
TRIP08350,USER7020,Istanbul,17-01-2025,22-01-2025,Leisure,Bus,1,3477.02,6
TRIP08351,USER3271,Bangkok,12-08-2024,22-11-2024,Business,Train,5,4927.1,2
TRIP08352,USER9368,Barcelona,10-04-2024,16-10-2024,Business,Cruise,3,2053.35,10
TRIP08353,USER5461,New York,22-08-2024,21-03-2025,Beach,Cruise,3,3560.55,5
TRIP08354,USER4403,Tokyo,14-07-2024,03-10-2024,Adventure,Cruise,4,1273.19,3
TRIP08355,USER6520,Tokyo,03-04-2024,16-09-2024,Adventure,Cruise,4,4334.84,2
TRIP08356,USER2269,Sydney,01-05-2024,03-12-2024,Beach,Train,3,1711.17,7
TRIP08357,USER1006,Tokyo,23-10-2024,21-01-2025,Adventure,Car,1,4821.51,10
TRIP08358,USER4376,Istanbul,05-04-2024,21-03-2025,Adventure,Bus,1,4595.03,7
TRIP08359,USER2613,New York,10-08-2024,27-03-2025,Business,Flight,5,3707.82,10
TRIP08360,USER2403,New York,08-02-2025,08-03-2025,Cultural,Flight,5,1297.23,1
TRIP08361,USER8025,Sydney,18-10-2024,11-03-2025,Adventure,Car,2,2512.74,10
TRIP08362,USER9777,New York,30-11-2024,14-02-2025,Family,Flight,2,781.82,7
TRIP08363,USER9807,New York,21-09-2024,24-09-2024,Beach,Train,4,3772.62,5
TRIP08364,USER4357,London,21-04-2024,31-01-2025,Cultural,Flight,5,3841.77,1
TRIP08365,USER6541,Rome,21-05-2024,24-01-2025,Cultural,Flight,1,2293.15,1
TRIP08366,USER7385,Istanbul,26-09-2024,06-01-2025,Business,Bus,5,1047.21,9
TRIP08367,USER3821,London,14-12-2024,12-01-2025,Leisure,Cruise,2,2143.75,7
TRIP08368,USER4893,Dubai,06-06-2024,07-03-2025,Family,Bus,2,4460.92,5
TRIP08369,USER1653,Bangkok,13-01-2025,19-01-2025,Business,Cruise,1,3291.01,3
TRIP08370,USER8823,Dubai,08-09-2024,19-11-2024,Business,Train,2,1079.12,8
TRIP08371,USER9884,Barcelona,20-05-2024,28-10-2024,Beach,Car,2,2077.8,3
TRIP08372,USER4237,Paris,30-04-2024,13-07-2024,Family,Car,2,3279.57,9
TRIP08373,USER6235,Paris,20-11-2024,20-03-2025,Beach,Cruise,2,1404.45,6
TRIP08374,USER8774,London,10-08-2024,02-01-2025,Adventure,Train,1,3768.77,2
TRIP08375,USER4095,Bangkok,25-07-2024,17-03-2025,Leisure,Bus,2,1858.41,9
TRIP08376,USER5554,Rome,25-08-2024,27-10-2024,Business,Cruise,4,517.64,2
TRIP08377,USER6188,Dubai,03-01-2025,13-02-2025,Cultural,Train,1,2781.29,8
TRIP08378,USER2555,Barcelona,27-11-2024,03-03-2025,Adventure,Flight,4,879.39,6
TRIP08379,USER5455,Bangkok,07-09-2024,19-02-2025,Leisure,Cruise,2,1059.48,1
TRIP08380,USER3807,Dubai,04-01-2025,16-02-2025,Beach,Bus,5,3160.9,2
TRIP08381,USER9679,Paris,11-12-2024,16-12-2024,Business,Cruise,1,4768.33,6
TRIP08382,USER9326,Bangkok,04-09-2024,01-03-2025,Beach,Train,1,3226.83,5
TRIP08383,USER4068,Bangkok,30-09-2024,10-10-2024,Beach,Cruise,3,4838.81,4
TRIP08384,USER8567,Dubai,30-12-2024,29-01-2025,Business,Car,5,3056.5,5
TRIP08385,USER1603,Barcelona,11-09-2024,15-01-2025,Leisure,Train,3,789.56,2
TRIP08386,USER1210,Rome,05-08-2024,18-11-2024,Adventure,Train,5,2189.45,8
TRIP08387,USER9876,London,10-01-2025,13-02-2025,Adventure,Cruise,2,4644.22,5
TRIP08388,USER1363,Dubai,26-10-2024,31-03-2025,Family,Car,1,1047.96,2
TRIP08389,USER9560,Tokyo,27-06-2024,15-09-2024,Family,Bus,1,3665.77,3
TRIP08390,USER1822,London,24-03-2024,12-01-2025,Leisure,Cruise,3,2996.82,10
TRIP08391,USER8400,Bangkok,12-10-2024,28-01-2025,Family,Flight,4,2976.36,2
TRIP08392,USER4107,Bangkok,29-11-2024,22-12-2024,Business,Flight,5,2836.77,8
TRIP08393,USER5222,Rome,28-06-2024,11-10-2024,Family,Flight,1,2139.31,7
TRIP08394,USER7247,Bangkok,23-03-2024,11-04-2024,Family,Cruise,3,3652.1,9
TRIP08395,USER3659,New York,03-05-2024,23-07-2024,Leisure,Train,5,606.34,1
TRIP08396,USER8008,Sydney,05-01-2025,08-01-2025,Family,Car,2,1689.96,6
TRIP08397,USER5844,Bangkok,02-08-2024,04-08-2024,Adventure,Car,2,723.5,10
TRIP08398,USER6110,Paris,19-04-2024,10-07-2024,Adventure,Cruise,5,2040.51,8
TRIP08399,USER9267,London,05-06-2024,26-10-2024,Adventure,Car,5,2212.08,7
TRIP08400,USER1277,Tokyo,04-12-2024,02-03-2025,Family,Cruise,4,2318.55,8
TRIP08401,USER9193,Barcelona,02-06-2024,18-08-2024,Family,Cruise,3,916.48,2
TRIP08402,USER1035,Barcelona,25-10-2024,12-01-2025,Business,Car,5,4797.9,10
TRIP08403,USER9100,Tokyo,12-03-2025,13-03-2025,Cultural,Train,5,2400.26,4
TRIP08404,USER6201,Barcelona,03-06-2024,20-07-2024,Business,Train,2,3788.03,5
TRIP08405,USER4501,Istanbul,15-10-2024,24-11-2024,Business,Train,1,2032.77,3
TRIP08406,USER8784,Paris,14-04-2024,13-06-2024,Cultural,Train,1,862.7,8
TRIP08407,USER8039,Rome,04-12-2024,08-12-2024,Cultural,Cruise,1,3815.55,8
TRIP08408,USER5060,Barcelona,07-09-2024,19-03-2025,Cultural,Cruise,5,4452.38,1
TRIP08409,USER1162,Tokyo,11-01-2025,12-02-2025,Cultural,Flight,1,4621.95,9
TRIP08410,USER8593,Sydney,24-04-2024,11-09-2024,Beach,Car,5,4879.68,3
TRIP08411,USER2897,Istanbul,09-11-2024,12-11-2024,Business,Car,5,2030.85,4
TRIP08412,USER3852,Barcelona,25-11-2024,23-01-2025,Leisure,Train,1,2476.32,5
TRIP08413,USER4914,Paris,28-11-2024,01-02-2025,Business,Cruise,1,2812.89,10
TRIP08414,USER5030,Sydney,18-09-2024,29-03-2025,Adventure,Train,5,586.16,6
TRIP08415,USER7095,Paris,20-01-2025,28-01-2025,Leisure,Flight,4,1039.7,3
TRIP08416,USER5749,Sydney,27-08-2024,12-01-2025,Family,Flight,4,4607.55,7
TRIP08417,USER9713,London,27-05-2024,28-03-2025,Business,Car,1,2581.53,9
TRIP08418,USER4411,Paris,10-07-2024,12-10-2024,Beach,Train,3,938.6,1
TRIP08419,USER6570,Rome,06-01-2025,13-01-2025,Cultural,Cruise,1,3162.96,7
TRIP08420,USER3189,Paris,29-06-2024,26-03-2025,Adventure,Bus,3,4570.87,5
TRIP08421,USER9921,Tokyo,03-10-2024,25-02-2025,Business,Train,3,2085.32,6
TRIP08422,USER9913,Rome,05-04-2024,05-10-2024,Adventure,Car,1,3958.74,10
TRIP08423,USER3294,Paris,02-07-2024,27-03-2025,Family,Train,5,2460.62,10
TRIP08424,USER9428,Sydney,13-10-2024,03-11-2024,Business,Train,5,4221.45,4
TRIP08425,USER7242,London,10-10-2024,05-11-2024,Leisure,Flight,1,4668.81,3
TRIP08426,USER6241,Rome,18-02-2025,20-02-2025,Family,Flight,1,4508.27,10
TRIP08427,USER5014,Rome,03-10-2024,30-10-2024,Family,Train,4,3794.24,10
TRIP08428,USER5405,Sydney,09-04-2024,15-04-2024,Family,Bus,5,1163.86,7
TRIP08429,USER3811,Paris,28-03-2024,14-08-2024,Family,Car,3,3652.47,4
TRIP08430,USER7099,London,10-09-2024,01-03-2025,Beach,Bus,1,1256.67,6
TRIP08431,USER2227,New York,29-03-2024,02-10-2024,Leisure,Car,1,1697.15,9
TRIP08432,USER3152,Bangkok,30-12-2024,08-01-2025,Cultural,Bus,3,4591.69,1
TRIP08433,USER1273,Barcelona,22-08-2024,07-12-2024,Beach,Train,4,4343.55,5
TRIP08434,USER4751,Sydney,19-03-2024,11-04-2025,Leisure,Train,3,2661.82,7
TRIP08435,USER8818,Sydney,18-02-2025,09-03-2025,Adventure,Train,2,1595.92,6
TRIP08436,USER3207,Istanbul,21-10-2024,10-11-2024,Beach,Car,5,1516.37,10
TRIP08437,USER8540,Dubai,24-11-2024,20-02-2025,Business,Car,2,4424.86,4
TRIP08438,USER5936,Istanbul,15-01-2025,13-03-2025,Family,Train,1,1789.06,6
TRIP08439,USER8648,Barcelona,14-12-2024,05-03-2025,Leisure,Flight,1,3171.19,1
TRIP08440,USER9370,Rome,08-03-2025,05-04-2025,Family,Train,4,579.63,9
TRIP08441,USER7609,Paris,23-03-2024,12-05-2024,Leisure,Flight,3,2108.96,4
TRIP08442,USER7444,Paris,21-04-2024,06-03-2025,Business,Train,4,2004.12,7
TRIP08443,USER1680,New York,28-10-2024,14-11-2024,Beach,Train,3,3676.79,3
TRIP08444,USER2152,Tokyo,24-06-2024,19-03-2025,Cultural,Bus,3,2623.2,5
TRIP08445,USER3900,Barcelona,11-10-2024,23-11-2024,Beach,Cruise,5,1165.81,10
TRIP08446,USER6522,Barcelona,15-10-2024,23-10-2024,Beach,Train,1,4456.67,5
TRIP08447,USER3497,Istanbul,20-12-2024,05-02-2025,Cultural,Flight,5,3990,2
TRIP08448,USER9135,Istanbul,14-05-2024,09-01-2025,Adventure,Train,5,2577.34,5
TRIP08449,USER2101,Paris,24-08-2024,03-04-2025,Leisure,Bus,5,2679.85,2
TRIP08450,USER6111,London,29-06-2024,04-12-2024,Beach,Cruise,1,996.11,6
TRIP08451,USER4152,Bangkok,02-06-2024,03-06-2024,Business,Train,2,4995.09,1
TRIP08452,USER7466,Rome,02-12-2024,28-03-2025,Business,Bus,2,3377.71,5
TRIP08453,USER6890,Bangkok,06-02-2025,13-03-2025,Beach,Cruise,2,2685.79,5
TRIP08454,USER2919,Barcelona,02-10-2024,05-01-2025,Adventure,Bus,3,1876.33,7
TRIP08455,USER2786,New York,24-01-2025,01-02-2025,Business,Cruise,2,2559.66,6
TRIP08456,USER3792,Paris,09-03-2025,08-04-2025,Family,Cruise,2,1186.72,7
TRIP08457,USER7186,Bangkok,02-03-2025,30-03-2025,Beach,Car,3,3874.91,8
TRIP08458,USER8312,Istanbul,24-10-2024,26-01-2025,Cultural,Train,4,2766.56,7
TRIP08459,USER6957,Barcelona,04-10-2024,27-11-2024,Beach,Cruise,3,1174.98,5
TRIP08460,USER2311,Rome,30-01-2025,09-04-2025,Leisure,Train,1,3235.81,7
TRIP08461,USER6384,Paris,10-08-2024,09-02-2025,Beach,Flight,1,4622.28,7
TRIP08462,USER4264,Bangkok,01-06-2024,30-10-2024,Adventure,Car,3,2911.36,5
TRIP08463,USER4670,London,14-11-2024,17-03-2025,Cultural,Train,5,3258.76,6
TRIP08464,USER7731,Barcelona,14-01-2025,21-03-2025,Family,Car,3,2642.51,3
TRIP08465,USER9783,Bangkok,13-10-2024,21-10-2024,Leisure,Car,1,4369.5,5
TRIP08466,USER8300,Tokyo,03-11-2024,07-03-2025,Business,Flight,5,2988.81,4
TRIP08467,USER6167,Bangkok,08-06-2024,06-08-2024,Cultural,Cruise,5,1016.16,2
TRIP08468,USER3525,Sydney,13-06-2024,04-02-2025,Cultural,Bus,1,4315.71,4
TRIP08469,USER2354,Rome,08-10-2024,17-01-2025,Cultural,Flight,2,687.48,8
TRIP08470,USER5859,Istanbul,03-10-2024,21-02-2025,Family,Bus,3,2324.54,10
TRIP08471,USER9819,Barcelona,04-11-2024,09-12-2024,Adventure,Car,5,4786.81,8
TRIP08472,USER5152,Paris,18-10-2024,13-11-2024,Cultural,Bus,5,945.29,9
TRIP08473,USER9578,Paris,14-05-2024,12-09-2024,Adventure,Car,3,3495.21,1
TRIP08474,USER1459,Rome,17-02-2025,10-03-2025,Beach,Bus,3,2315.88,10
TRIP08475,USER9748,Bangkok,22-01-2025,25-03-2025,Beach,Cruise,2,1279.58,10
TRIP08476,USER2247,Sydney,25-10-2024,28-12-2024,Beach,Bus,3,1169.53,1
TRIP08477,USER9610,Tokyo,17-07-2024,05-11-2024,Beach,Cruise,5,3395.41,1
TRIP08478,USER4744,New York,22-01-2025,14-03-2025,Adventure,Car,2,3913.79,5
TRIP08479,USER2919,Tokyo,23-03-2024,16-04-2024,Family,Cruise,5,2717.89,6
TRIP08480,USER9683,Barcelona,05-01-2025,21-02-2025,Beach,Bus,4,4870.69,8
TRIP08481,USER7997,New York,08-12-2024,18-03-2025,Leisure,Bus,1,812.9,1
TRIP08482,USER3714,Barcelona,26-07-2024,06-11-2024,Adventure,Bus,2,891.01,3
TRIP08483,USER6232,Paris,15-02-2025,04-03-2025,Leisure,Train,4,1145.5,5
TRIP08484,USER1999,London,16-05-2024,30-09-2024,Beach,Flight,4,4794.57,6
TRIP08485,USER4483,Barcelona,27-10-2024,12-02-2025,Leisure,Car,5,3014.84,3
TRIP08486,USER2350,New York,29-10-2024,27-11-2024,Beach,Train,3,3044.16,2
TRIP08487,USER2265,Paris,20-11-2024,15-02-2025,Leisure,Train,2,4582.89,10
TRIP08488,USER4678,Paris,02-05-2024,10-12-2024,Cultural,Bus,2,1967,6
TRIP08489,USER5439,New York,12-11-2024,04-03-2025,Family,Car,5,2558.14,9
TRIP08490,USER8883,Sydney,27-08-2024,01-03-2025,Business,Train,2,4116.73,7
TRIP08491,USER6904,Bangkok,20-06-2024,25-12-2024,Beach,Bus,4,2143.32,3
TRIP08492,USER3844,Barcelona,08-11-2024,23-11-2024,Adventure,Flight,5,1806.94,2
TRIP08493,USER8842,Rome,19-05-2024,05-09-2024,Adventure,Train,1,4338.26,2
TRIP08494,USER5185,Dubai,27-10-2024,16-02-2025,Family,Flight,2,3692.47,4
TRIP08495,USER8515,Bangkok,02-07-2024,19-03-2025,Family,Train,1,4304.38,6
TRIP08496,USER9757,New York,18-05-2024,05-03-2025,Leisure,Car,4,4517.91,4
TRIP08497,USER2762,Istanbul,04-02-2025,07-04-2025,Leisure,Cruise,4,2332.14,3
TRIP08498,USER2033,Bangkok,02-09-2024,15-04-2025,Business,Cruise,5,1733.08,8
TRIP08499,USER2935,London,17-10-2024,17-12-2024,Business,Cruise,2,2653,6
TRIP08500,USER7953,Sydney,17-10-2024,29-10-2024,Family,Car,5,1920.02,3
TRIP08501,USER2221,Barcelona,15-12-2024,25-02-2025,Cultural,Bus,5,4943.06,8
TRIP08502,USER9672,London,07-02-2025,16-02-2025,Cultural,Car,3,2701.68,8
TRIP08503,USER1526,New York,12-06-2024,12-04-2025,Business,Bus,5,4209.45,8
TRIP08504,USER1870,Istanbul,27-12-2024,26-02-2025,Leisure,Bus,1,817.51,7
TRIP08505,USER6649,Sydney,23-11-2024,07-12-2024,Adventure,Cruise,2,3171.75,1
TRIP08506,USER8656,Sydney,03-01-2025,21-02-2025,Leisure,Car,3,4509.61,10
TRIP08507,USER4808,Paris,25-04-2024,08-07-2024,Cultural,Flight,2,4648.98,9
TRIP08508,USER6865,New York,28-05-2024,22-12-2024,Family,Train,4,1518.47,5
TRIP08509,USER3748,Bangkok,13-05-2024,24-09-2024,Adventure,Cruise,5,4229.9,1
TRIP08510,USER8862,Barcelona,21-09-2024,22-12-2024,Adventure,Train,1,2964.17,7
TRIP08512,USER3835,Tokyo,19-06-2024,13-11-2024,Adventure,Cruise,3,2468.8,1
TRIP08513,USER7625,Istanbul,26-07-2024,24-03-2025,Adventure,Flight,1,2016.67,8
TRIP08514,USER9864,Barcelona,15-04-2024,09-02-2025,Adventure,Train,3,3274.79,7
TRIP08515,USER4028,New York,17-02-2025,31-03-2025,Adventure,Train,5,4316.36,1
TRIP08516,USER4680,Bangkok,17-05-2024,25-09-2024,Family,Car,2,1602.24,6
TRIP08517,USER1057,New York,20-08-2024,20-11-2024,Beach,Flight,4,950.63,1
TRIP08518,USER2577,New York,29-08-2024,29-10-2024,Business,Train,4,3013.97,3
TRIP08519,USER1912,Tokyo,15-07-2024,20-03-2025,Family,Car,5,2564.19,5
TRIP08520,USER5176,Rome,13-01-2025,06-03-2025,Adventure,Bus,2,1484.11,9
TRIP08521,USER6766,Barcelona,10-06-2024,02-01-2025,Cultural,Flight,2,1497.83,10
TRIP08522,USER4525,Tokyo,03-12-2024,03-01-2025,Leisure,Cruise,4,4873.48,9
TRIP08523,USER3972,Paris,26-07-2024,02-02-2025,Adventure,Car,4,1116.47,3
TRIP08524,USER1278,Tokyo,05-11-2024,01-02-2025,Adventure,Flight,5,1640.74,10
TRIP08525,USER3432,London,06-02-2025,04-04-2025,Family,Bus,5,4584.54,5
TRIP08526,USER5856,Sydney,16-12-2024,25-03-2025,Adventure,Flight,2,2357.72,2
TRIP08527,USER8793,Barcelona,14-09-2024,10-11-2024,Leisure,Train,2,4666.67,7
TRIP08528,USER4610,Paris,04-10-2024,18-11-2024,Cultural,Cruise,4,4548.87,10
TRIP08529,USER3433,London,02-01-2025,16-03-2025,Cultural,Flight,5,1222.39,7
TRIP08530,USER4550,Dubai,11-08-2024,20-10-2024,Business,Bus,3,3964.65,3
TRIP08531,USER6776,Rome,06-05-2024,25-05-2024,Beach,Train,1,1929.04,8
TRIP08532,USER5252,Barcelona,27-09-2024,25-01-2025,Family,Bus,3,741.11,8
TRIP08533,USER7536,Istanbul,20-11-2024,03-03-2025,Beach,Bus,2,2536.51,2
TRIP08534,USER3267,New York,27-05-2024,21-09-2024,Cultural,Flight,2,4995.18,7
TRIP08535,USER4849,Bangkok,19-01-2025,20-01-2025,Adventure,Bus,1,1859.25,5
TRIP08536,USER8668,Bangkok,04-06-2024,22-07-2024,Cultural,Bus,5,2442.57,1
TRIP08537,USER8036,Sydney,30-05-2024,29-08-2024,Adventure,Cruise,4,3206.38,3
TRIP08538,USER7313,Paris,23-09-2024,12-10-2024,Cultural,Bus,5,4666.86,3
TRIP08539,USER6039,Rome,02-01-2025,12-01-2025,Leisure,Cruise,2,1360.01,7
TRIP08540,USER3444,Rome,03-05-2024,20-10-2024,Business,Flight,3,1565.51,4
TRIP08541,USER8882,Dubai,23-06-2024,06-11-2024,Leisure,Car,4,2916.56,7
TRIP08542,USER4986,Sydney,03-05-2024,11-06-2024,Family,Car,1,1581.72,5
TRIP08543,USER8955,Tokyo,28-12-2024,08-02-2025,Family,Cruise,4,3948.77,7
TRIP08544,USER3925,New York,19-11-2024,12-01-2025,Adventure,Cruise,1,2416.48,6
TRIP08545,USER4703,Istanbul,19-02-2025,05-04-2025,Leisure,Bus,4,1226.45,10
TRIP08546,USER2565,Rome,13-06-2024,05-08-2024,Adventure,Cruise,3,3985.99,7
TRIP08547,USER6956,Barcelona,03-10-2024,05-04-2025,Beach,Cruise,4,1370.47,7
TRIP08548,USER1063,Dubai,10-11-2024,08-04-2025,Adventure,Train,1,4284.52,8
TRIP08549,USER7949,New York,29-11-2024,24-02-2025,Cultural,Train,4,4098.24,2
TRIP08550,USER5805,Paris,12-03-2025,27-03-2025,Cultural,Flight,5,4423.06,3
TRIP08551,USER7279,Tokyo,06-06-2024,02-08-2024,Beach,Cruise,4,3080,6
TRIP08552,USER8450,Paris,20-04-2024,02-07-2024,Business,Flight,3,4843.08,7
TRIP08553,USER7337,Barcelona,20-06-2024,05-08-2024,Business,Cruise,3,4602.15,4
TRIP08554,USER5405,Barcelona,14-05-2024,04-04-2025,Cultural,Car,1,3053.27,3
TRIP08555,USER9346,Rome,17-01-2025,16-03-2025,Family,Cruise,1,3609.33,9
TRIP08556,USER1102,Barcelona,08-09-2024,18-02-2025,Business,Train,3,4063.77,6
TRIP08557,USER7026,Paris,07-04-2024,08-04-2024,Family,Train,4,4794.84,2
TRIP08558,USER3593,Istanbul,19-10-2024,16-11-2024,Family,Bus,5,3467.4,1
TRIP08559,USER3611,London,10-12-2024,11-03-2025,Leisure,Flight,1,527.23,7
TRIP08560,USER9268,London,15-05-2024,17-05-2024,Adventure,Cruise,2,2823.12,5
TRIP08561,USER9956,Istanbul,28-02-2025,01-04-2025,Beach,Car,2,821.93,7
TRIP08562,USER6435,London,28-10-2024,17-01-2025,Leisure,Bus,2,4376.93,4
TRIP08563,USER7700,Rome,28-07-2024,08-04-2025,Leisure,Train,1,3672.52,2
TRIP08564,USER6856,Barcelona,14-09-2024,21-11-2024,Business,Flight,2,4081.67,3
TRIP08565,USER4384,Istanbul,08-12-2024,05-02-2025,Adventure,Car,3,1979.06,1
TRIP08566,USER8243,Rome,15-07-2024,25-10-2024,Business,Bus,2,2858.73,3
TRIP08567,USER7479,Sydney,30-01-2025,15-02-2025,Cultural,Car,2,1587.11,8
TRIP08568,USER1600,New York,19-06-2024,10-04-2025,Family,Train,3,3340.97,1
TRIP08569,USER6820,Istanbul,10-08-2024,15-09-2024,Family,Train,5,1258.85,8
TRIP08570,USER5308,Bangkok,17-09-2024,07-12-2024,Business,Bus,4,2449.08,6
TRIP08571,USER8831,Dubai,27-04-2024,05-05-2024,Leisure,Bus,1,4317.25,10
TRIP08572,USER3591,New York,07-11-2024,15-12-2024,Family,Train,2,4523.55,5
TRIP08573,USER6023,Tokyo,02-03-2025,09-04-2025,Adventure,Flight,5,2138.06,3
TRIP08574,USER7443,Istanbul,31-08-2024,19-02-2025,Cultural,Car,2,4336.79,4
TRIP08575,USER7565,Bangkok,03-11-2024,20-12-2024,Beach,Cruise,3,1929.36,7
TRIP08576,USER5215,Tokyo,02-03-2025,11-03-2025,Beach,Cruise,5,3337.76,10
TRIP08577,USER8464,New York,25-08-2024,19-11-2024,Adventure,Train,3,2571.85,10
TRIP08578,USER7089,New York,08-10-2024,03-02-2025,Business,Cruise,5,2764.2,7
TRIP08579,USER2624,Bangkok,25-01-2025,28-03-2025,Leisure,Bus,5,2268.35,9
TRIP08580,USER8480,Istanbul,31-05-2024,31-03-2025,Business,Train,2,3960.33,8
TRIP08581,USER5629,Istanbul,16-12-2024,25-03-2025,Beach,Bus,4,1143.44,10
TRIP08582,USER8784,London,06-10-2024,15-11-2024,Adventure,Train,4,661.29,5
TRIP08583,USER6172,Paris,23-08-2024,11-01-2025,Adventure,Cruise,2,658.68,7
TRIP08584,USER2559,Barcelona,31-07-2024,26-03-2025,Beach,Bus,1,2067.99,5
TRIP08585,USER5676,Bangkok,02-12-2024,06-03-2025,Adventure,Cruise,5,1078.32,3
TRIP08586,USER8259,Rome,11-03-2025,05-04-2025,Cultural,Bus,4,1982.36,3
TRIP08587,USER9011,Paris,28-11-2024,02-03-2025,Business,Bus,2,4275.57,8
TRIP08588,USER5932,Barcelona,16-10-2024,21-11-2024,Adventure,Car,4,779.65,2
TRIP08589,USER4513,Paris,16-11-2024,23-12-2024,Business,Train,4,3352.66,6
TRIP08590,USER1943,Tokyo,25-01-2025,27-01-2025,Adventure,Flight,3,931.03,1
TRIP08591,USER1642,New York,05-02-2025,04-03-2025,Adventure,Car,1,2928.27,1
TRIP08592,USER3668,Rome,23-09-2024,26-01-2025,Family,Bus,4,4020.25,3
TRIP08593,USER2939,Rome,15-06-2024,12-11-2024,Cultural,Car,4,2801.89,3
TRIP08594,USER6995,London,05-09-2024,27-12-2024,Beach,Cruise,4,3969.69,8
TRIP08595,USER9446,Paris,07-07-2024,01-12-2024,Business,Car,5,2370.93,3
TRIP08596,USER6952,New York,02-03-2025,12-03-2025,Leisure,Car,4,2688.21,4
TRIP08597,USER6794,Rome,02-06-2024,25-03-2025,Beach,Train,3,4812.44,7
TRIP08598,USER9553,Paris,12-04-2024,18-11-2024,Business,Train,5,1803.34,3
TRIP08599,USER8449,London,20-03-2024,21-07-2024,Adventure,Car,2,1883.92,10
TRIP08600,USER1389,New York,20-06-2024,09-08-2024,Business,Cruise,3,4013.18,9
TRIP08602,USER1965,New York,02-06-2024,07-12-2024,Leisure,Car,1,1065.08,5
TRIP08604,USER2366,Rome,31-07-2024,18-11-2024,Family,Train,4,1607.04,3
TRIP08605,USER9195,Rome,01-04-2024,15-04-2025,Beach,Train,5,1237.63,4
TRIP08606,USER4790,New York,12-02-2025,12-04-2025,Cultural,Cruise,2,1352.51,10
TRIP08607,USER1030,London,20-12-2024,21-02-2025,Adventure,Bus,5,1249.8,6
TRIP08608,USER6830,Rome,15-05-2024,18-05-2024,Cultural,Bus,4,2209.42,10
TRIP08609,USER8385,Bangkok,10-04-2024,21-08-2024,Business,Bus,2,4955.55,10
TRIP08610,USER6882,New York,23-01-2025,04-04-2025,Leisure,Flight,1,1646.23,5
TRIP08611,USER6572,London,24-07-2024,02-10-2024,Adventure,Flight,1,1390.38,7
TRIP08612,USER6667,Paris,08-04-2024,16-11-2024,Business,Bus,1,1576.17,1
TRIP08613,USER9762,Dubai,11-06-2024,06-09-2024,Adventure,Cruise,3,2048.08,8
TRIP08614,USER4268,Barcelona,07-04-2024,15-07-2024,Beach,Cruise,1,844.51,3
TRIP08615,USER1389,Paris,21-12-2024,05-03-2025,Beach,Train,3,3681.14,1
TRIP08616,USER2821,New York,12-07-2024,25-07-2024,Family,Flight,5,1051.77,2
TRIP08617,USER8291,Paris,17-10-2024,23-01-2025,Adventure,Bus,3,572.82,4
TRIP08618,USER9539,Bangkok,14-05-2024,07-04-2025,Cultural,Train,1,4851.33,1
TRIP08619,USER8547,Bangkok,18-09-2024,31-01-2025,Family,Flight,1,3165.78,4
TRIP08620,USER9638,Sydney,06-02-2025,06-04-2025,Leisure,Train,2,880.79,1
TRIP08621,USER7913,Barcelona,08-08-2024,19-08-2024,Business,Bus,4,2188.38,6
TRIP08622,USER4688,Bangkok,15-05-2024,06-08-2024,Family,Bus,2,2953.71,1
TRIP08623,USER9381,Istanbul,27-05-2024,08-06-2024,Leisure,Car,5,2302.71,4
TRIP08624,USER5679,New York,19-12-2024,25-03-2025,Beach,Bus,1,1291.95,2
TRIP08625,USER1527,Istanbul,08-02-2025,06-04-2025,Adventure,Train,4,1961.96,4
TRIP08626,USER4996,Paris,09-10-2024,30-03-2025,Adventure,Car,2,2843,8
TRIP08627,USER9092,Rome,26-03-2024,27-02-2025,Family,Flight,5,2048.86,3
TRIP08628,USER1126,Istanbul,05-02-2025,02-03-2025,Cultural,Flight,2,1733.68,3
TRIP08629,USER4019,London,02-04-2024,06-04-2025,Family,Flight,2,4356.69,10
TRIP08630,USER7290,Paris,24-04-2024,07-07-2024,Leisure,Bus,4,1909.02,7
TRIP08631,USER3770,Paris,15-03-2025,12-04-2025,Cultural,Flight,5,4110.17,2
TRIP08632,USER9138,Rome,15-12-2024,20-02-2025,Leisure,Train,2,641.02,1
TRIP08633,USER7840,New York,18-12-2024,16-03-2025,Business,Bus,3,1752.61,8
TRIP08634,USER4558,Istanbul,22-07-2024,23-11-2024,Leisure,Cruise,3,2886.85,7
TRIP08635,USER9792,New York,18-04-2024,11-03-2025,Business,Cruise,5,525.1,7
TRIP08636,USER5694,New York,02-05-2024,08-11-2024,Cultural,Bus,5,1662.12,9
TRIP08637,USER8517,Istanbul,29-09-2024,15-12-2024,Business,Bus,5,4958.13,7
TRIP08638,USER4021,Sydney,07-03-2025,30-03-2025,Leisure,Flight,4,1876.81,10
TRIP08639,USER8281,Sydney,08-03-2025,09-04-2025,Family,Car,2,4651.89,10
TRIP08640,USER4867,Barcelona,24-11-2024,24-01-2025,Business,Train,5,997.01,9
TRIP08641,USER2894,Barcelona,08-10-2024,19-10-2024,Adventure,Car,1,2560.58,9
TRIP08642,USER9221,Sydney,15-06-2024,16-02-2025,Family,Train,3,2421.25,4
TRIP08643,USER9990,London,19-07-2024,07-02-2025,Adventure,Car,5,2189.04,9
TRIP08644,USER2716,Dubai,19-09-2024,10-11-2024,Adventure,Car,1,1379.74,1
TRIP08645,USER5189,New York,08-08-2024,19-11-2024,Family,Flight,1,2614.45,4
TRIP08646,USER5515,Istanbul,21-06-2024,27-06-2024,Adventure,Cruise,2,4700.69,8
TRIP08647,USER1390,Barcelona,25-06-2024,15-02-2025,Family,Train,4,2605.88,9
TRIP08648,USER1445,Bangkok,30-11-2024,12-04-2025,Business,Cruise,3,3055.94,10
TRIP08649,USER7143,Sydney,05-12-2024,16-12-2024,Business,Car,4,3811.25,2
TRIP08650,USER8647,London,02-11-2024,03-11-2024,Business,Flight,3,4156.82,2
TRIP08651,USER8641,Sydney,06-03-2025,05-04-2025,Family,Train,4,3448.17,5
TRIP08652,USER7539,Rome,25-03-2024,19-05-2024,Family,Cruise,3,771.97,9
TRIP08653,USER6752,Dubai,27-02-2025,11-04-2025,Adventure,Cruise,5,2911.07,7
TRIP08654,USER2386,Tokyo,08-12-2024,31-03-2025,Beach,Cruise,1,596.16,10
TRIP08655,USER3197,Tokyo,11-01-2025,21-03-2025,Beach,Bus,5,4096.15,10
TRIP08656,USER3736,Sydney,28-07-2024,02-02-2025,Family,Car,5,4147.37,10
TRIP08657,USER5005,Rome,06-11-2024,17-03-2025,Beach,Car,2,4393.56,1
TRIP08658,USER3410,Sydney,03-08-2024,10-09-2024,Family,Train,3,3857.56,3
TRIP08659,USER8191,Sydney,17-09-2024,26-12-2024,Cultural,Bus,2,4528.7,10
TRIP08660,USER9894,Rome,09-11-2024,17-01-2025,Cultural,Cruise,3,3872.12,7
TRIP08661,USER9841,Istanbul,02-02-2025,28-03-2025,Leisure,Car,5,3480.69,2
TRIP08662,USER1431,New York,18-04-2024,26-11-2024,Beach,Cruise,1,921.9,7
TRIP08663,USER3846,Paris,25-12-2024,16-03-2025,Family,Car,1,1483.09,6
TRIP08664,USER7123,London,16-02-2025,26-03-2025,Adventure,Bus,5,1757.55,4
TRIP08665,USER9215,Paris,15-03-2025,28-03-2025,Leisure,Train,5,1245.64,10
TRIP08666,USER1805,Dubai,25-06-2024,13-01-2025,Leisure,Cruise,4,3934.63,9
TRIP08667,USER1072,Paris,08-04-2024,24-12-2024,Cultural,Train,1,3235.44,8
TRIP08668,USER3964,Barcelona,18-04-2024,31-12-2024,Family,Bus,3,2191.6,1
TRIP08670,USER9168,London,08-09-2024,30-01-2025,Beach,Train,4,3337.81,1
TRIP08671,USER9509,Bangkok,12-09-2024,12-04-2025,Beach,Bus,3,4715.39,9
TRIP08672,USER3182,London,29-03-2024,16-05-2024,Family,Car,1,4939.1,9
TRIP08673,USER4099,Bangkok,30-04-2024,28-08-2024,Family,Flight,4,1740.21,5
TRIP08674,USER8612,Barcelona,05-04-2024,09-08-2024,Beach,Flight,2,1049.9,9
TRIP08675,USER2529,Rome,05-01-2025,16-01-2025,Family,Train,3,3950.2,7
TRIP08676,USER4346,Bangkok,08-06-2024,05-12-2024,Adventure,Flight,1,3668.06,4
TRIP08677,USER7713,Rome,21-12-2024,21-03-2025,Adventure,Car,2,4448.56,1
TRIP08678,USER2761,Istanbul,02-03-2025,25-03-2025,Cultural,Flight,2,2261.95,7
TRIP08679,USER6368,Dubai,28-12-2024,10-03-2025,Adventure,Cruise,1,2905.4,1
TRIP08680,USER5263,Barcelona,11-03-2025,23-03-2025,Beach,Cruise,4,4299.33,10
TRIP08681,USER8877,Paris,07-08-2024,06-04-2025,Adventure,Bus,2,634.23,10
TRIP08682,USER2367,Dubai,08-01-2025,09-04-2025,Leisure,Train,2,4967.03,6
TRIP08683,USER2944,Sydney,08-12-2024,18-01-2025,Leisure,Bus,5,2517.92,5
TRIP08684,USER5826,Dubai,21-10-2024,19-02-2025,Cultural,Flight,2,3080.34,6
TRIP08685,USER7692,Tokyo,19-10-2024,28-02-2025,Leisure,Car,2,4674.23,4
TRIP08686,USER9351,Bangkok,03-08-2024,04-03-2025,Leisure,Cruise,3,976.24,3
TRIP08687,USER5913,New York,02-03-2025,12-04-2025,Business,Bus,4,2998.56,1
TRIP08688,USER8783,Rome,28-08-2024,23-02-2025,Business,Train,2,2792.93,5
TRIP08689,USER3611,Tokyo,23-01-2025,25-01-2025,Adventure,Bus,1,2828.47,10
TRIP08690,USER4115,New York,31-10-2024,16-03-2025,Beach,Flight,1,2958.06,10
TRIP08691,USER7843,Rome,04-02-2025,12-04-2025,Cultural,Train,4,3607.97,9
TRIP08692,USER9254,Paris,04-08-2024,03-04-2025,Business,Train,2,4155.48,6
TRIP08693,USER1618,Sydney,29-09-2024,19-02-2025,Adventure,Train,3,4133.47,10
TRIP08694,USER2022,Tokyo,10-04-2024,01-11-2024,Business,Flight,5,1113.74,3
TRIP08695,USER1285,New York,13-01-2025,19-02-2025,Cultural,Cruise,2,4494.9,9
TRIP08696,USER7453,Paris,02-02-2025,16-03-2025,Family,Train,5,1741.14,7
TRIP08697,USER2900,Bangkok,05-03-2025,15-03-2025,Beach,Cruise,2,3850.61,1
TRIP08698,USER3320,Sydney,09-05-2024,13-08-2024,Cultural,Cruise,5,4738.12,4
TRIP08699,USER1687,Tokyo,16-10-2024,28-12-2024,Beach,Bus,4,3015.91,1
TRIP08700,USER4434,Barcelona,20-04-2024,03-12-2024,Adventure,Cruise,2,516.67,4
TRIP08701,USER3241,Paris,20-06-2024,30-03-2025,Adventure,Car,2,4236.37,5
TRIP08702,USER5389,Sydney,01-09-2024,27-01-2025,Adventure,Flight,5,1706.65,9
TRIP08703,USER1514,Istanbul,28-03-2024,03-04-2025,Cultural,Train,5,1971.51,9
TRIP08704,USER9453,New York,08-02-2025,11-02-2025,Adventure,Flight,4,3471.88,6
TRIP08705,USER7786,New York,29-05-2024,13-06-2024,Leisure,Cruise,3,2712.47,5
TRIP08706,USER5213,Dubai,21-06-2024,18-10-2024,Beach,Flight,3,614.51,2
TRIP08707,USER2727,London,18-03-2024,24-09-2024,Family,Bus,2,4746.22,5
TRIP08708,USER4619,Rome,24-02-2025,08-03-2025,Business,Car,2,1765.68,5
TRIP08709,USER9648,Paris,07-03-2025,20-03-2025,Beach,Train,5,4405.8,9
TRIP08710,USER4396,Tokyo,29-09-2024,21-02-2025,Business,Car,4,4580.18,3
TRIP08711,USER9530,Tokyo,24-01-2025,13-03-2025,Beach,Cruise,2,1034.44,1
TRIP08712,USER9172,Istanbul,04-11-2024,16-03-2025,Beach,Flight,2,3213.16,2
TRIP08713,USER5167,Tokyo,06-04-2024,04-01-2025,Family,Train,1,703.23,6
TRIP08714,USER8892,Paris,23-02-2025,25-02-2025,Family,Bus,2,2246.35,5
TRIP08715,USER1338,Paris,21-09-2024,28-03-2025,Cultural,Cruise,5,2838.26,2
TRIP08716,USER6812,Dubai,06-12-2024,18-12-2024,Cultural,Train,5,2731.38,7
TRIP08717,USER6548,Istanbul,10-05-2024,05-07-2024,Cultural,Train,1,704.92,4
TRIP08718,USER7135,Sydney,22-09-2024,03-01-2025,Business,Bus,1,2683.94,10
TRIP08719,USER7313,Sydney,06-03-2025,16-03-2025,Leisure,Car,4,1232.35,2
TRIP08720,USER7914,Paris,10-12-2024,14-03-2025,Adventure,Flight,2,1642.45,10
TRIP08721,USER9031,Barcelona,27-04-2024,22-07-2024,Leisure,Car,3,2532.37,6
TRIP08722,USER1083,Barcelona,01-09-2024,15-12-2024,Business,Car,1,2562.95,1
TRIP08723,USER2543,Paris,27-09-2024,30-10-2024,Cultural,Train,3,514.14,4
TRIP08724,USER1786,Dubai,22-03-2024,23-01-2025,Leisure,Bus,3,4746.95,7
TRIP08725,USER5966,Paris,24-12-2024,09-02-2025,Cultural,Cruise,5,1487.96,2
TRIP08726,USER2662,Tokyo,16-10-2024,04-04-2025,Beach,Car,2,2240.13,10
TRIP08727,USER5841,Tokyo,13-06-2024,18-02-2025,Beach,Car,1,4253.22,5
TRIP08728,USER9060,Tokyo,25-01-2025,19-03-2025,Business,Bus,5,2033.45,4
TRIP08729,USER3807,Rome,27-04-2024,03-06-2024,Business,Bus,4,3908.26,6
TRIP08730,USER1124,Bangkok,22-06-2024,22-02-2025,Leisure,Car,1,4338.78,1
TRIP08731,USER8716,Barcelona,19-11-2024,15-02-2025,Business,Cruise,4,2945.33,1
TRIP08732,USER3739,Bangkok,14-11-2024,29-01-2025,Beach,Bus,1,2377.97,5
TRIP08733,USER5539,London,02-09-2024,20-09-2024,Adventure,Cruise,2,1283.62,8
TRIP08734,USER5529,Tokyo,17-05-2024,23-02-2025,Family,Cruise,5,2126.29,2
TRIP08735,USER7595,Paris,26-08-2024,13-09-2024,Beach,Train,5,2387.65,3
TRIP08736,USER9936,Paris,17-10-2024,14-04-2025,Cultural,Flight,4,4404.81,8
TRIP08737,USER3527,Paris,28-05-2024,16-01-2025,Family,Car,4,1430.53,8
TRIP08738,USER1639,New York,12-04-2024,06-06-2024,Family,Flight,4,1585.04,1
TRIP08739,USER7220,Bangkok,22-04-2024,25-08-2024,Cultural,Flight,4,2307.84,8
TRIP08740,USER7492,Tokyo,14-01-2025,09-03-2025,Family,Cruise,5,2274.17,5
TRIP08741,USER4112,Barcelona,09-05-2024,22-01-2025,Cultural,Bus,1,1655.35,1
TRIP08742,USER9700,Rome,03-11-2024,16-03-2025,Business,Car,2,1152.33,5
TRIP08743,USER8716,Paris,28-04-2024,02-04-2025,Adventure,Car,4,1889.9,2
TRIP08744,USER2367,Rome,28-07-2024,10-03-2025,Adventure,Car,3,2633.04,9
TRIP08745,USER8058,Tokyo,18-07-2024,19-09-2024,Family,Bus,3,2689.84,3
TRIP08746,USER5063,Bangkok,26-01-2025,11-04-2025,Business,Bus,4,4967.74,4
TRIP08747,USER4110,Rome,18-02-2025,27-02-2025,Leisure,Train,3,2933.97,7
TRIP08748,USER6299,Paris,22-03-2024,18-12-2024,Cultural,Car,5,3155.79,3
TRIP08749,USER9179,Dubai,04-01-2025,18-03-2025,Family,Car,3,4951.26,6
TRIP08750,USER3477,Istanbul,26-12-2024,11-03-2025,Adventure,Cruise,4,4482.27,10
TRIP08751,USER2100,Tokyo,19-11-2024,24-12-2024,Family,Bus,2,2270.77,7
TRIP08752,USER3383,Dubai,21-11-2024,23-01-2025,Beach,Bus,4,4547.36,1
TRIP08753,USER4431,London,06-05-2024,27-06-2024,Business,Train,5,3751.16,7
TRIP08754,USER5796,Rome,17-08-2024,13-02-2025,Family,Flight,5,4175.09,2
TRIP08755,USER4673,Rome,28-01-2025,29-01-2025,Family,Flight,2,1231.01,7
TRIP08756,USER5033,Bangkok,15-12-2024,21-01-2025,Leisure,Train,2,2541.09,4
TRIP08757,USER3298,Istanbul,02-01-2025,28-02-2025,Adventure,Car,1,4694.82,2
TRIP08758,USER5614,London,23-05-2024,27-05-2024,Adventure,Train,3,3909.74,1
TRIP08759,USER5545,Barcelona,31-08-2024,20-01-2025,Family,Cruise,5,2794.02,3
TRIP08760,USER2992,Paris,12-08-2024,15-12-2024,Leisure,Cruise,4,1790.07,9
TRIP08761,USER3020,Dubai,05-01-2025,24-01-2025,Family,Flight,2,587.1,7
TRIP08762,USER6648,New York,30-07-2024,26-12-2024,Cultural,Bus,4,1523.76,3
TRIP08763,USER8416,Paris,18-12-2024,12-02-2025,Adventure,Train,1,1198.3,4
TRIP08764,USER2698,Tokyo,23-07-2024,27-08-2024,Business,Train,1,2472.39,8
TRIP08765,USER1993,Paris,30-03-2024,18-01-2025,Family,Car,3,2389.01,7
TRIP08766,USER6164,Paris,18-12-2024,30-12-2024,Cultural,Flight,1,2568.79,7
TRIP08767,USER7896,Istanbul,21-09-2024,10-10-2024,Business,Car,5,3322.69,8
TRIP08768,USER2825,Rome,18-08-2024,04-02-2025,Cultural,Car,1,2718.11,10
TRIP08769,USER2880,Barcelona,18-08-2024,18-01-2025,Family,Cruise,1,1077.72,10
TRIP08770,USER8467,Istanbul,02-11-2024,01-04-2025,Adventure,Flight,3,624.27,9
TRIP08771,USER9557,Rome,27-06-2024,10-09-2024,Beach,Cruise,2,955.17,9
TRIP08772,USER6743,Tokyo,18-05-2024,19-03-2025,Business,Cruise,3,4797.2,5
TRIP08773,USER7442,Bangkok,20-10-2024,04-12-2024,Adventure,Flight,2,1033.06,2
TRIP08774,USER3877,Sydney,28-06-2024,05-11-2024,Business,Cruise,5,4551.38,5
TRIP08775,USER6426,Barcelona,21-05-2024,18-01-2025,Adventure,Cruise,5,3652.67,10
TRIP08776,USER3678,Bangkok,17-07-2024,19-03-2025,Adventure,Bus,1,829.28,8
TRIP08777,USER4748,London,17-09-2024,25-12-2024,Beach,Cruise,3,3097.11,6
TRIP08778,USER3989,Sydney,09-08-2024,22-03-2025,Leisure,Cruise,1,3146.79,7
TRIP08779,USER3417,New York,16-12-2024,09-03-2025,Family,Car,2,4469.59,8
TRIP08780,USER5849,Paris,15-05-2024,28-02-2025,Cultural,Car,2,766.33,6
TRIP08781,USER7406,Sydney,25-07-2024,17-01-2025,Leisure,Car,3,2297.5,2
TRIP08782,USER9778,Barcelona,19-07-2024,07-09-2024,Family,Flight,2,4714.63,2
TRIP08783,USER8297,London,14-09-2024,17-11-2024,Cultural,Train,1,2493.73,5
TRIP08784,USER9544,New York,01-08-2024,26-03-2025,Beach,Cruise,4,1068.25,6
TRIP08785,USER9058,Tokyo,30-08-2024,11-11-2024,Adventure,Flight,4,4277.14,7
TRIP08786,USER6442,Istanbul,07-07-2024,18-08-2024,Leisure,Bus,2,3577.41,9
TRIP08787,USER3146,London,02-02-2025,27-03-2025,Cultural,Car,4,4342.2,4
TRIP08788,USER3633,New York,23-06-2024,16-10-2024,Leisure,Bus,5,4371.89,4
TRIP08789,USER2229,Dubai,08-09-2024,18-12-2024,Family,Car,5,2651.81,7
TRIP08790,USER6417,Paris,05-07-2024,26-09-2024,Cultural,Bus,1,3447.57,2
TRIP08791,USER5981,London,02-08-2024,08-04-2025,Cultural,Cruise,4,4567.34,1
TRIP08792,USER4487,Barcelona,30-10-2024,01-12-2024,Family,Flight,3,3322.05,6
TRIP08793,USER6697,London,27-10-2024,27-11-2024,Beach,Flight,2,3433.26,3
TRIP08794,USER2884,Dubai,19-04-2024,02-07-2024,Leisure,Flight,1,1485.07,8
TRIP08795,USER9955,New York,24-07-2024,10-11-2024,Family,Car,4,2699.9,3
TRIP08796,USER8116,Tokyo,20-03-2024,29-01-2025,Business,Flight,1,1688.38,7
TRIP08797,USER9469,Dubai,26-11-2024,23-12-2024,Adventure,Flight,2,3371.78,2
TRIP08798,USER7036,Sydney,14-04-2024,06-02-2025,Business,Flight,5,4916.12,10
TRIP08799,USER6462,New York,11-11-2024,27-11-2024,Beach,Bus,1,2237.86,9
TRIP08800,USER7066,Rome,26-08-2024,31-01-2025,Beach,Flight,3,2363.34,8
TRIP08801,USER6005,New York,07-11-2024,04-02-2025,Cultural,Train,5,2031.33,6
TRIP08802,USER8247,Rome,03-11-2024,03-02-2025,Leisure,Train,2,3092.79,3
TRIP08803,USER1175,Dubai,15-07-2024,13-04-2025,Business,Cruise,1,2210.45,5
TRIP08804,USER1505,Barcelona,01-03-2025,11-04-2025,Adventure,Car,5,4167.63,1
TRIP08805,USER7133,New York,21-06-2024,10-02-2025,Beach,Bus,4,2652.18,4
TRIP08806,USER6044,Rome,02-08-2024,07-10-2024,Beach,Bus,4,1225.42,8
TRIP08807,USER5961,Paris,26-07-2024,21-09-2024,Cultural,Flight,1,929.23,4
TRIP08808,USER8843,Rome,12-12-2024,23-12-2024,Cultural,Bus,5,3177.32,2
TRIP08809,USER5848,Paris,29-08-2024,20-12-2024,Cultural,Car,1,4685.09,5
TRIP08810,USER4227,Rome,18-01-2025,26-02-2025,Beach,Train,2,2793.96,2
TRIP08811,USER7511,Sydney,03-08-2024,21-08-2024,Leisure,Car,4,2168.89,6
TRIP08812,USER5927,New York,05-01-2025,24-01-2025,Adventure,Cruise,4,884.97,4
TRIP08813,USER3900,Istanbul,15-08-2024,01-04-2025,Family,Flight,1,3484.86,9
TRIP08814,USER7636,Barcelona,18-07-2024,24-10-2024,Beach,Train,5,4894.24,1
TRIP08815,USER8272,Sydney,19-07-2024,03-12-2024,Adventure,Cruise,3,2434.27,3
TRIP08816,USER3876,London,17-10-2024,19-11-2024,Beach,Car,4,957.07,10
TRIP08817,USER8409,London,09-02-2025,09-03-2025,Leisure,Train,2,1113.7,2
TRIP08818,USER8013,Dubai,06-04-2024,10-06-2024,Beach,Flight,5,1459.19,4
TRIP08819,USER8114,Paris,06-05-2024,28-07-2024,Leisure,Train,4,2945.39,3
TRIP08820,USER3144,Barcelona,02-04-2024,05-11-2024,Beach,Flight,2,2139.08,9
TRIP08821,USER8790,Dubai,01-11-2024,03-01-2025,Leisure,Flight,4,2324.1,2
TRIP08822,USER7347,Sydney,05-02-2025,14-02-2025,Leisure,Flight,1,4962.07,2
TRIP08823,USER4695,Rome,28-07-2024,05-03-2025,Cultural,Car,1,1680.45,7
TRIP08824,USER9868,Istanbul,17-03-2024,13-10-2024,Cultural,Flight,4,4168.42,10
TRIP08825,USER7874,Rome,02-01-2025,19-03-2025,Leisure,Train,4,2717.86,8
TRIP08826,USER8564,Barcelona,26-05-2024,13-02-2025,Cultural,Train,4,1198.98,3
TRIP08827,USER5052,Sydney,28-05-2024,06-07-2024,Family,Car,1,1610.9,3
TRIP08828,USER6199,Rome,19-01-2025,14-03-2025,Adventure,Cruise,5,3859.98,7
TRIP08829,USER8503,Bangkok,17-01-2025,05-03-2025,Family,Flight,1,1862.83,1
TRIP08830,USER6749,New York,04-04-2024,07-10-2024,Cultural,Cruise,4,3773.21,1
TRIP08831,USER9686,London,02-12-2024,01-02-2025,Family,Car,4,3920.79,9
TRIP08832,USER1444,New York,14-12-2024,31-12-2024,Business,Bus,5,4688.72,9
TRIP08833,USER4992,Bangkok,20-12-2024,10-02-2025,Business,Train,1,3822.73,6
TRIP08834,USER4600,New York,24-10-2024,05-02-2025,Business,Bus,1,2455.31,4
TRIP08835,USER7834,New York,19-02-2025,29-03-2025,Business,Cruise,1,1862.67,9
TRIP08836,USER6920,Sydney,16-07-2024,08-01-2025,Adventure,Cruise,4,2510.8,10
TRIP08837,USER5294,Tokyo,02-12-2024,21-12-2024,Adventure,Train,3,3292.67,7
TRIP08838,USER1782,Tokyo,22-03-2024,16-01-2025,Beach,Car,4,2072.76,6
TRIP08839,USER6304,Paris,26-06-2024,07-12-2024,Business,Car,5,2935.16,10
TRIP08840,USER5919,Paris,20-03-2024,25-11-2024,Adventure,Bus,2,4751.63,10
TRIP08841,USER8898,Paris,07-03-2025,30-03-2025,Family,Bus,4,2162.48,7
TRIP08842,USER3749,Sydney,10-03-2025,14-04-2025,Business,Cruise,3,4540.17,8
TRIP08843,USER1950,New York,06-06-2024,31-12-2024,Family,Flight,1,3194.24,6
TRIP08844,USER3688,New York,19-07-2024,15-03-2025,Cultural,Cruise,1,1638.4,9
TRIP08845,USER9938,Rome,01-04-2024,27-12-2024,Leisure,Bus,3,2549.92,6
TRIP08846,USER1109,Rome,17-06-2024,08-02-2025,Family,Train,2,3564.55,5
TRIP08847,USER9466,Paris,14-07-2024,01-12-2024,Business,Train,4,2776.04,7
TRIP08848,USER4196,Paris,19-07-2024,16-11-2024,Beach,Cruise,5,627.93,5
TRIP08849,USER2387,Sydney,13-10-2024,05-12-2024,Adventure,Flight,5,3012.57,1
TRIP08850,USER6603,Dubai,15-07-2024,17-08-2024,Adventure,Flight,2,4513.9,10
TRIP08851,USER7782,Rome,24-11-2024,01-03-2025,Leisure,Train,2,2900.11,6
TRIP08852,USER8234,Barcelona,03-05-2024,21-05-2024,Leisure,Train,1,3725.96,7
TRIP08853,USER9166,Barcelona,18-08-2024,24-08-2024,Cultural,Bus,1,3592.09,7
TRIP08854,USER3355,Barcelona,17-10-2024,12-03-2025,Cultural,Cruise,3,4653.22,5
TRIP08855,USER7789,London,22-07-2024,01-11-2024,Beach,Train,4,2670.09,5
TRIP08856,USER5116,Paris,04-10-2024,12-10-2024,Family,Flight,1,622.91,7
TRIP08857,USER1479,Barcelona,29-07-2024,13-09-2024,Leisure,Cruise,3,3619.09,2
TRIP08858,USER2492,Dubai,11-11-2024,09-04-2025,Cultural,Flight,2,586.25,2
TRIP08859,USER3298,Paris,26-01-2025,28-03-2025,Leisure,Bus,1,2416.79,5
TRIP08860,USER9682,Sydney,13-01-2025,29-01-2025,Business,Train,4,2141.67,10
TRIP08861,USER4686,Barcelona,27-12-2024,13-01-2025,Family,Cruise,5,2386.67,4
TRIP08862,USER8039,Tokyo,30-06-2024,21-07-2024,Business,Bus,5,653.04,2
TRIP08864,USER8532,Rome,22-08-2024,31-12-2024,Leisure,Car,4,2247.34,1
TRIP08865,USER9171,New York,16-09-2024,14-02-2025,Business,Cruise,5,1970.16,7
TRIP08866,USER9355,Istanbul,10-11-2024,13-03-2025,Cultural,Cruise,5,1901.2,2
TRIP08867,USER3904,Tokyo,21-07-2024,02-09-2024,Business,Cruise,4,4936.91,2
TRIP08868,USER9979,Dubai,23-02-2025,13-04-2025,Business,Flight,3,1764.7,5
TRIP08869,USER3040,London,31-03-2024,01-04-2025,Family,Bus,4,3191.65,8
TRIP08870,USER2706,Rome,16-11-2024,02-04-2025,Family,Flight,1,3335.53,2
TRIP08871,USER2637,London,11-05-2024,09-07-2024,Family,Train,4,2578.26,6
TRIP08872,USER4851,Bangkok,09-08-2024,07-04-2025,Beach,Train,2,2847.57,5
TRIP08873,USER4014,Barcelona,31-03-2024,30-10-2024,Business,Cruise,4,1845.43,3
TRIP08874,USER5090,Paris,28-04-2024,01-06-2024,Family,Train,1,2424.45,8
TRIP08875,USER8257,Dubai,20-05-2024,23-08-2024,Adventure,Car,1,3328.55,2
TRIP08876,USER4374,Bangkok,22-01-2025,23-01-2025,Leisure,Cruise,3,2334.89,10
TRIP08877,USER6624,Rome,28-02-2025,31-03-2025,Family,Flight,3,3317.08,2
TRIP08878,USER3743,Dubai,23-08-2024,14-04-2025,Adventure,Cruise,2,3485.21,1
TRIP08879,USER4244,Istanbul,27-03-2024,21-01-2025,Cultural,Bus,1,4720.45,9
TRIP08880,USER5427,London,22-12-2024,20-02-2025,Beach,Flight,1,1390.46,8
TRIP08881,USER1488,London,13-05-2024,23-05-2024,Leisure,Bus,5,1295.76,6
TRIP08882,USER8226,Istanbul,26-09-2024,08-01-2025,Family,Car,2,4624.5,9
TRIP08883,USER7487,Dubai,26-07-2024,27-07-2024,Beach,Train,3,2442.68,10
TRIP08884,USER4433,Barcelona,23-07-2024,12-02-2025,Leisure,Cruise,2,1604.14,2
TRIP08885,USER6203,London,05-12-2024,22-02-2025,Beach,Cruise,3,1216.02,10
TRIP08886,USER2679,Rome,24-11-2024,05-01-2025,Leisure,Train,3,1946.4,9
TRIP08887,USER2877,Istanbul,18-10-2024,27-11-2024,Business,Train,1,2191.5,6
TRIP08888,USER8268,Barcelona,08-02-2025,26-02-2025,Beach,Bus,5,4704.14,8
TRIP08889,USER9783,Tokyo,10-05-2024,06-06-2024,Beach,Car,4,4225.36,3
TRIP08890,USER3012,Paris,28-06-2024,10-11-2024,Beach,Car,3,2830.75,10
TRIP08891,USER7291,London,17-06-2024,23-12-2024,Family,Train,4,1624.62,4
TRIP08892,USER3669,Paris,26-09-2024,26-03-2025,Cultural,Train,2,3349.06,4
TRIP08893,USER6571,Sydney,02-08-2024,26-01-2025,Beach,Bus,3,4695.9,4
TRIP08894,USER9509,London,26-07-2024,15-11-2024,Cultural,Bus,2,3800.94,4
TRIP08895,USER9450,Dubai,18-03-2024,25-04-2024,Cultural,Flight,5,1897.87,3
TRIP08896,USER4519,Dubai,25-08-2024,08-10-2024,Leisure,Cruise,5,3122.25,5
TRIP08897,USER7798,London,10-02-2025,15-03-2025,Beach,Car,5,1020.18,2
TRIP08898,USER9025,New York,08-11-2024,31-03-2025,Family,Cruise,1,1529.38,10
TRIP08899,USER7817,New York,05-09-2024,18-10-2024,Cultural,Car,1,3404.31,6
TRIP08900,USER7587,London,16-02-2025,17-03-2025,Beach,Bus,2,863.15,5
TRIP08901,USER2037,New York,02-05-2024,07-03-2025,Adventure,Car,5,4143.66,5
TRIP08902,USER4175,Dubai,27-11-2024,16-03-2025,Cultural,Bus,5,4619.58,10
TRIP08903,USER1715,Bangkok,30-07-2024,17-10-2024,Cultural,Train,1,3029.45,3
TRIP08904,USER6948,Tokyo,08-12-2024,09-12-2024,Leisure,Car,3,3799.28,6
TRIP08905,USER4498,Dubai,04-09-2024,19-11-2024,Cultural,Train,5,3314.4,7
TRIP08906,USER5560,New York,29-03-2024,12-08-2024,Leisure,Car,1,3832.29,8
TRIP08907,USER9389,Tokyo,14-12-2024,22-01-2025,Family,Bus,5,4285.27,1
TRIP08908,USER2446,Dubai,18-12-2024,03-01-2025,Business,Train,4,4949.78,5
TRIP08909,USER2306,Barcelona,06-07-2024,03-11-2024,Family,Car,5,3420.93,5
TRIP08910,USER2406,Paris,24-04-2024,01-09-2024,Leisure,Bus,4,2358.3,2
TRIP08911,USER3347,Bangkok,31-01-2025,12-04-2025,Adventure,Car,3,4986.51,1
TRIP08912,USER6644,London,10-08-2024,08-09-2024,Leisure,Train,3,2488.57,4
TRIP08913,USER6990,Barcelona,24-04-2024,06-08-2024,Beach,Flight,5,921.49,6
TRIP08914,USER2874,New York,20-03-2024,02-04-2025,Leisure,Cruise,1,3061.7,4
TRIP08915,USER5969,Paris,31-12-2024,13-02-2025,Business,Bus,5,4586.78,6
TRIP08916,USER5933,Barcelona,02-01-2025,16-03-2025,Leisure,Cruise,4,1487.3,8
TRIP08917,USER2881,Bangkok,06-02-2025,20-03-2025,Business,Bus,5,3516.91,1
TRIP08918,USER7325,London,21-08-2024,08-10-2024,Beach,Cruise,3,2978.77,2
TRIP08919,USER8810,London,13-08-2024,05-09-2024,Leisure,Train,2,741.79,1
TRIP08920,USER9750,Sydney,13-03-2025,03-04-2025,Leisure,Bus,2,3013.02,10
TRIP08921,USER9904,Sydney,09-01-2025,24-01-2025,Business,Train,4,2360.45,9
TRIP08922,USER1963,Bangkok,11-08-2024,18-09-2024,Leisure,Train,5,2584.34,6
TRIP08923,USER5923,Tokyo,09-05-2024,11-07-2024,Business,Flight,2,849.37,7
TRIP08924,USER5380,London,01-10-2024,04-02-2025,Cultural,Car,3,3870.16,7
TRIP08925,USER7245,London,02-07-2024,08-04-2025,Family,Flight,1,641.29,1
TRIP08926,USER3033,Tokyo,15-07-2024,26-03-2025,Family,Car,4,652.08,5
TRIP08927,USER2625,London,15-03-2025,16-03-2025,Leisure,Train,5,1794.33,9
TRIP08928,USER8723,Dubai,20-12-2024,12-02-2025,Family,Cruise,2,3572.97,4
TRIP08929,USER8179,Bangkok,26-07-2024,04-11-2024,Family,Bus,5,1348.56,3
TRIP08930,USER1700,Rome,22-02-2025,23-02-2025,Family,Flight,4,2092.23,1
TRIP08931,USER8637,London,24-04-2024,15-02-2025,Cultural,Flight,5,4314.02,5
TRIP08932,USER7387,London,12-04-2024,07-11-2024,Business,Flight,1,2409.72,8
TRIP08933,USER2642,New York,21-06-2024,06-11-2024,Leisure,Flight,2,789.84,4
TRIP08934,USER4320,Istanbul,15-05-2024,12-07-2024,Leisure,Bus,5,3393.32,4
TRIP08935,USER4761,London,31-10-2024,29-12-2024,Business,Flight,4,2355.85,9
TRIP08936,USER8803,Bangkok,05-02-2025,11-03-2025,Adventure,Cruise,4,1037.18,9
TRIP08937,USER7202,Istanbul,18-04-2024,08-09-2024,Beach,Flight,1,1979.41,8
TRIP08938,USER7281,Rome,03-09-2024,18-12-2024,Family,Bus,5,4514.68,6
TRIP08939,USER9723,Istanbul,15-01-2025,15-02-2025,Adventure,Bus,4,3066.3,8
TRIP08940,USER3518,Tokyo,16-12-2024,23-02-2025,Business,Car,5,4601.37,3
TRIP08941,USER3744,Dubai,10-05-2024,31-10-2024,Adventure,Train,2,2510.02,10
TRIP08942,USER7159,Rome,06-10-2024,20-02-2025,Business,Flight,5,705.27,3
TRIP08943,USER9220,Tokyo,31-03-2024,25-01-2025,Business,Cruise,3,1656.79,2
TRIP08944,USER6859,Dubai,04-10-2024,28-03-2025,Adventure,Cruise,1,2291.93,2
TRIP08945,USER4416,Rome,04-01-2025,16-01-2025,Cultural,Flight,4,4621.6,1
TRIP08946,USER1514,Barcelona,22-06-2024,15-12-2024,Cultural,Flight,5,1206.03,2
TRIP08947,USER9758,Paris,18-01-2025,18-03-2025,Family,Train,4,1427.31,3
TRIP08948,USER6266,Bangkok,20-07-2024,25-07-2024,Cultural,Train,3,2771.61,4
TRIP08949,USER9334,London,15-08-2024,21-03-2025,Beach,Train,1,2077.15,5
TRIP08950,USER9610,Sydney,06-02-2025,13-04-2025,Beach,Flight,4,2578.03,9
TRIP08951,USER9485,Dubai,07-06-2024,31-03-2025,Family,Bus,3,3216.36,3
TRIP08952,USER8009,Tokyo,21-08-2024,24-12-2024,Family,Bus,2,2158.81,8
TRIP08953,USER1311,Sydney,08-03-2025,14-04-2025,Cultural,Train,4,1278.12,8
TRIP08954,USER7234,Bangkok,27-07-2024,01-02-2025,Adventure,Bus,5,2791.95,3
TRIP08955,USER3308,Tokyo,09-11-2024,19-01-2025,Family,Bus,4,4521.1,1
TRIP08956,USER4255,Dubai,01-10-2024,07-02-2025,Beach,Bus,4,2396.36,9
TRIP08958,USER4122,Barcelona,23-12-2024,08-04-2025,Family,Flight,4,3985.33,4
TRIP08959,USER2388,Istanbul,18-02-2025,14-04-2025,Adventure,Cruise,1,549.05,5
TRIP08960,USER5190,London,01-12-2024,22-12-2024,Business,Train,1,2622.29,6
TRIP08961,USER1754,New York,01-03-2025,21-03-2025,Cultural,Cruise,2,3332.58,4
TRIP08962,USER2701,New York,21-08-2024,02-03-2025,Cultural,Car,2,1794.65,2
TRIP08963,USER8797,Rome,29-07-2024,30-12-2024,Leisure,Cruise,1,3821.13,8
TRIP08964,USER3258,Istanbul,23-02-2025,15-03-2025,Adventure,Car,1,3891.55,7
TRIP08965,USER3118,London,29-06-2024,11-10-2024,Leisure,Cruise,2,668.05,1
TRIP08966,USER5174,Tokyo,09-05-2024,29-05-2024,Adventure,Flight,5,3300.14,5
TRIP08967,USER9431,Istanbul,30-03-2024,12-06-2024,Family,Bus,2,1313.7,8
TRIP08968,USER6534,Barcelona,11-04-2024,01-11-2024,Family,Car,1,1791.02,10
TRIP08969,USER2678,Sydney,22-08-2024,14-04-2025,Adventure,Train,1,4496.43,8
TRIP08970,USER3512,Barcelona,06-11-2024,04-12-2024,Adventure,Flight,1,3506.71,5
TRIP08971,USER6996,Rome,19-03-2024,09-12-2024,Business,Flight,4,2285.54,1
TRIP08972,USER2354,Sydney,14-08-2024,31-12-2024,Family,Bus,3,2261.11,6
TRIP08973,USER2648,London,06-09-2024,15-01-2025,Adventure,Bus,1,4663.19,8
TRIP08974,USER8757,London,03-08-2024,30-10-2024,Cultural,Cruise,2,3011.72,3
TRIP08975,USER1470,Tokyo,04-01-2025,23-03-2025,Family,Flight,2,839.57,9
TRIP08976,USER1756,London,04-09-2024,08-01-2025,Leisure,Cruise,5,2952.17,8
TRIP08977,USER2471,Rome,31-08-2024,02-02-2025,Leisure,Cruise,2,1161.72,7
TRIP08978,USER5775,Paris,11-09-2024,26-02-2025,Family,Cruise,2,1830.52,10
TRIP08979,USER6834,London,03-06-2024,26-02-2025,Business,Bus,2,3742.98,4
TRIP08980,USER7602,Rome,19-07-2024,24-08-2024,Beach,Flight,4,3828.22,3
TRIP08981,USER3007,Barcelona,26-02-2025,01-03-2025,Business,Train,2,4044.29,10
TRIP08982,USER9074,Paris,29-03-2024,07-01-2025,Leisure,Flight,3,1824.08,3
TRIP08983,USER1051,Rome,10-03-2025,27-03-2025,Family,Car,5,1844.18,9
TRIP08984,USER1148,New York,14-02-2025,23-02-2025,Leisure,Car,1,3316.58,3
TRIP08985,USER2304,London,05-02-2025,26-03-2025,Family,Flight,4,1131.88,10
TRIP08986,USER5658,Tokyo,06-06-2024,18-09-2024,Cultural,Train,5,4661.78,7
TRIP08987,USER6760,Istanbul,26-02-2025,27-03-2025,Family,Car,3,743.37,10
TRIP08988,USER9007,New York,05-01-2025,07-02-2025,Cultural,Bus,2,3369.61,10
TRIP08989,USER6705,London,10-05-2024,26-09-2024,Leisure,Cruise,5,3502.67,10
TRIP08990,USER2782,Barcelona,25-09-2024,22-12-2024,Business,Bus,4,3054.82,9
TRIP08991,USER1707,Rome,16-05-2024,13-06-2024,Cultural,Car,1,2610.82,4
TRIP08992,USER9006,New York,15-12-2024,26-01-2025,Family,Flight,4,3925.38,4
TRIP08993,USER9884,Dubai,11-03-2025,29-03-2025,Family,Train,4,2124.96,10
TRIP08994,USER2261,Tokyo,23-05-2024,14-07-2024,Beach,Flight,1,4390.08,3
TRIP08995,USER9931,London,20-11-2024,15-01-2025,Cultural,Car,4,651.34,1
TRIP08996,USER8960,Bangkok,05-02-2025,22-03-2025,Adventure,Flight,3,2134.39,3
TRIP08997,USER2358,Rome,06-12-2024,07-03-2025,Cultural,Bus,1,3363.88,2
TRIP08998,USER4080,Bangkok,19-12-2024,11-04-2025,Adventure,Car,2,1360.64,10
TRIP08999,USER2449,Tokyo,26-03-2024,06-01-2025,Business,Car,2,4927.34,6
TRIP09000,USER1029,Dubai,27-02-2025,08-04-2025,Leisure,Flight,2,2647.73,9
TRIP09001,USER4383,Dubai,18-01-2025,08-03-2025,Beach,Cruise,3,3108.09,4
TRIP09002,USER4037,Istanbul,26-01-2025,01-03-2025,Business,Car,3,515.09,8
TRIP09003,USER7128,Barcelona,07-09-2024,24-03-2025,Family,Bus,5,4130.73,3
TRIP09004,USER3086,Barcelona,27-06-2024,18-12-2024,Beach,Cruise,2,2482.62,10
TRIP09005,USER8738,Tokyo,15-05-2024,27-10-2024,Business,Cruise,2,3764.61,6
TRIP09006,USER9032,Istanbul,24-08-2024,09-02-2025,Business,Train,4,4963.88,8
TRIP09007,USER9623,London,24-12-2024,10-02-2025,Cultural,Cruise,3,2309.7,7
TRIP09008,USER7737,Rome,22-05-2024,05-07-2024,Beach,Bus,2,2429.91,2
TRIP09009,USER4152,Rome,13-10-2024,01-12-2024,Beach,Flight,4,2321.33,8
TRIP09010,USER4531,Tokyo,05-12-2024,18-01-2025,Leisure,Train,4,4319.14,10
TRIP09011,USER9332,Bangkok,10-01-2025,14-02-2025,Cultural,Cruise,1,1240.8,10
TRIP09012,USER4542,Tokyo,26-06-2024,11-02-2025,Adventure,Train,1,1709.01,4
TRIP09013,USER6967,Paris,23-06-2024,27-07-2024,Family,Bus,1,3888.08,3
TRIP09014,USER7948,Sydney,10-04-2024,08-11-2024,Beach,Flight,3,551.54,3
TRIP09015,USER6540,Rome,09-05-2024,08-06-2024,Beach,Car,1,1942.96,9
TRIP09016,USER8211,Sydney,10-09-2024,14-03-2025,Beach,Flight,2,4160.81,2
TRIP09017,USER1383,Sydney,02-11-2024,10-11-2024,Beach,Cruise,1,3091.84,4
TRIP09018,USER3756,Rome,29-05-2024,03-01-2025,Leisure,Cruise,3,1943.31,10
TRIP09019,USER5951,Paris,19-05-2024,06-10-2024,Leisure,Flight,3,4350.6,3
TRIP09020,USER4060,Rome,10-11-2024,16-03-2025,Business,Bus,3,1532.44,4
TRIP09021,USER6001,New York,19-10-2024,30-10-2024,Cultural,Bus,2,3694.98,10
TRIP09022,USER7706,Paris,17-04-2024,02-03-2025,Cultural,Flight,3,1561.2,6
TRIP09023,USER2629,Rome,24-08-2024,31-01-2025,Beach,Train,5,1949.36,7
TRIP09024,USER3219,Dubai,11-02-2025,19-02-2025,Adventure,Car,2,1741.2,3
TRIP09025,USER5908,Bangkok,01-12-2024,20-01-2025,Business,Train,3,767.59,7
TRIP09026,USER2264,Rome,12-05-2024,05-06-2024,Leisure,Cruise,1,1528.08,6
TRIP09027,USER1559,Barcelona,19-12-2024,06-02-2025,Cultural,Car,2,4447.85,6
TRIP09028,USER4648,London,09-08-2024,17-03-2025,Adventure,Cruise,4,1629.64,2
TRIP09029,USER6121,London,18-01-2025,02-03-2025,Cultural,Train,2,4822.99,9
TRIP09030,USER5122,Rome,12-11-2024,03-04-2025,Leisure,Bus,5,3304.45,7
TRIP09031,USER7722,Sydney,23-03-2024,19-09-2024,Beach,Cruise,2,577.79,10
TRIP09032,USER8923,Tokyo,23-07-2024,10-12-2024,Cultural,Bus,1,1805.94,1
TRIP09033,USER9787,Dubai,01-06-2024,13-09-2024,Adventure,Cruise,5,2540.51,7
TRIP09034,USER4857,Tokyo,24-08-2024,10-01-2025,Adventure,Car,4,1026.17,2
TRIP09035,USER8850,Tokyo,16-11-2024,07-04-2025,Beach,Train,5,4274.94,1
TRIP09036,USER3054,Dubai,08-02-2025,08-03-2025,Cultural,Train,2,698.32,4
TRIP09037,USER2777,Paris,10-06-2024,02-10-2024,Business,Bus,4,1218.86,5
TRIP09038,USER8132,Paris,14-08-2024,24-10-2024,Beach,Car,5,3768.51,7
TRIP09039,USER2380,Tokyo,08-12-2024,12-04-2025,Beach,Cruise,4,2114.08,3
TRIP09040,USER6749,Istanbul,15-05-2024,11-08-2024,Beach,Flight,1,4080.66,7
TRIP09041,USER6518,Paris,06-09-2024,26-09-2024,Business,Bus,3,3328.78,4
TRIP09042,USER5026,New York,22-02-2025,08-03-2025,Adventure,Flight,2,2066.2,5
TRIP09043,USER8733,Tokyo,06-02-2025,23-02-2025,Family,Train,4,3028.69,1
TRIP09044,USER2575,New York,19-11-2024,29-12-2024,Beach,Bus,5,1619.19,9
TRIP09045,USER3037,Tokyo,27-04-2024,07-01-2025,Leisure,Flight,3,2632.58,5
TRIP09046,USER5207,Tokyo,27-08-2024,17-03-2025,Beach,Cruise,2,3244.95,2
TRIP09047,USER5450,London,03-02-2025,19-02-2025,Family,Flight,1,4953.85,9
TRIP09048,USER6125,Rome,11-09-2024,29-09-2024,Beach,Car,1,3459.06,10
TRIP09049,USER5884,London,22-10-2024,05-11-2024,Leisure,Cruise,4,1431.46,7
TRIP09050,USER8021,Barcelona,19-10-2024,24-10-2024,Leisure,Cruise,4,4020.98,1
TRIP09051,USER1006,Dubai,20-03-2024,30-03-2025,Family,Flight,1,2208.29,6
TRIP09052,USER4443,Tokyo,21-06-2024,10-03-2025,Leisure,Train,1,3644.18,3
TRIP09053,USER8270,Sydney,21-10-2024,07-12-2024,Adventure,Train,2,2274.75,4
TRIP09054,USER8723,Rome,07-05-2024,18-01-2025,Family,Flight,4,760.65,5
TRIP09055,USER5818,Tokyo,29-03-2024,27-05-2024,Adventure,Train,5,2633.78,10
TRIP09056,USER3378,Bangkok,09-08-2024,14-03-2025,Cultural,Flight,5,4832.9,1
TRIP09057,USER2066,Istanbul,25-02-2025,26-02-2025,Adventure,Cruise,1,3650.06,2
TRIP09058,USER6461,Istanbul,31-12-2024,07-04-2025,Beach,Flight,5,3478.57,10
TRIP09059,USER6449,Istanbul,20-02-2025,21-02-2025,Business,Car,1,3006.35,3
TRIP09060,USER3256,Bangkok,15-06-2024,07-10-2024,Business,Car,1,4833.05,5
TRIP09061,USER5596,Barcelona,08-09-2024,27-03-2025,Business,Bus,3,1026.58,5
TRIP09062,USER4163,London,11-12-2024,04-02-2025,Family,Cruise,3,4001.45,4
TRIP09063,USER3275,New York,11-09-2024,27-11-2024,Leisure,Train,1,2241.29,2
TRIP09064,USER8668,Sydney,25-05-2024,06-08-2024,Business,Bus,3,1206.15,8
TRIP09065,USER7087,Paris,16-10-2024,07-11-2024,Adventure,Train,2,4201.78,9
TRIP09066,USER1342,Barcelona,21-11-2024,24-01-2025,Adventure,Bus,3,4257.46,8
TRIP09067,USER1266,London,06-03-2025,19-03-2025,Leisure,Car,4,2603.53,3
TRIP09068,USER9999,Istanbul,29-03-2024,17-06-2024,Family,Flight,4,3509.6,10
TRIP09069,USER9363,Paris,10-07-2024,21-02-2025,Cultural,Cruise,1,4765.42,1
TRIP09070,USER3844,Barcelona,05-08-2024,19-01-2025,Cultural,Car,1,3785.69,1
TRIP09071,USER5636,Paris,18-08-2024,22-09-2024,Beach,Train,1,2762.98,6
TRIP09072,USER5831,New York,11-03-2025,08-04-2025,Business,Flight,1,3651.42,5
TRIP09073,USER8387,Paris,07-12-2024,14-02-2025,Business,Car,4,2111.33,10
TRIP09074,USER1344,Rome,11-10-2024,21-01-2025,Beach,Flight,3,1053.47,4
TRIP09075,USER8940,Bangkok,19-05-2024,27-10-2024,Family,Bus,3,1033.81,9
TRIP09076,USER7123,Rome,16-05-2024,01-02-2025,Business,Car,4,2312.22,2
TRIP09077,USER9035,Bangkok,16-09-2024,19-12-2024,Cultural,Cruise,5,2422.09,1
TRIP09078,USER3833,Sydney,28-11-2024,23-01-2025,Cultural,Car,2,3520.31,1
TRIP09079,USER9348,Istanbul,07-12-2024,26-02-2025,Beach,Flight,5,3912.11,8
TRIP09080,USER1875,Bangkok,03-06-2024,08-12-2024,Family,Bus,4,3208.95,6
TRIP09081,USER3949,London,16-02-2025,06-03-2025,Cultural,Car,5,1136.95,5
TRIP09082,USER6436,Rome,22-05-2024,13-01-2025,Beach,Bus,2,4229.08,1
TRIP09083,USER4799,Istanbul,11-04-2024,28-08-2024,Business,Flight,4,4526.97,3
TRIP09084,USER7648,Rome,29-06-2024,15-11-2024,Leisure,Flight,3,938.88,6
TRIP09085,USER4613,Tokyo,10-11-2024,11-11-2024,Family,Train,2,819.2,7
TRIP09086,USER5749,Bangkok,27-05-2024,28-12-2024,Family,Car,5,2242.05,5
TRIP09087,USER7689,Dubai,12-11-2024,22-02-2025,Adventure,Cruise,5,4182.45,2
TRIP09088,USER1696,London,30-10-2024,30-10-2024,Beach,Train,2,2800.12,7
TRIP09089,USER7192,Istanbul,12-08-2024,04-09-2024,Business,Flight,1,2976.35,3
TRIP09090,USER3907,Paris,20-10-2024,26-11-2024,Cultural,Car,4,3229.7,3
TRIP09091,USER4255,Istanbul,08-05-2024,06-02-2025,Business,Flight,5,3901.4,8
TRIP09092,USER3431,Sydney,08-01-2025,30-03-2025,Business,Cruise,5,1000.39,1
TRIP09093,USER4186,Sydney,04-02-2025,26-02-2025,Adventure,Cruise,4,654.56,4
TRIP09094,USER2300,Tokyo,08-11-2024,16-02-2025,Business,Flight,4,2027.81,4
TRIP09095,USER8430,Rome,07-03-2025,02-04-2025,Family,Train,3,1646.16,1
TRIP09096,USER8849,New York,17-02-2025,13-03-2025,Family,Flight,4,1686.58,1
TRIP09097,USER4498,Rome,18-06-2024,28-12-2024,Leisure,Car,2,4116.25,2
TRIP09098,USER4468,Dubai,14-02-2025,14-03-2025,Business,Cruise,1,4981.43,10
TRIP09099,USER6420,New York,05-04-2024,16-10-2024,Leisure,Cruise,2,3668.32,5
TRIP09100,USER9615,Rome,31-07-2024,12-04-2025,Beach,Flight,5,2050.17,4
TRIP09101,USER4976,Istanbul,23-02-2025,20-03-2025,Business,Train,3,1440.27,3
TRIP09102,USER8261,Paris,29-09-2024,29-10-2024,Leisure,Train,5,660.58,2
TRIP09103,USER1763,Rome,06-01-2025,05-04-2025,Cultural,Cruise,1,1162.99,1
TRIP09104,USER8539,Bangkok,20-12-2024,28-03-2025,Cultural,Car,2,2375.69,2
TRIP09105,USER6445,Barcelona,26-06-2024,10-12-2024,Business,Train,3,2550.39,4
TRIP09106,USER6834,London,03-10-2024,14-11-2024,Leisure,Flight,2,3584.95,2
TRIP09107,USER6486,New York,11-12-2024,02-03-2025,Cultural,Flight,5,3646.06,10
TRIP09108,USER9094,Sydney,08-07-2024,16-11-2024,Adventure,Bus,5,2524.6,10
TRIP09109,USER4905,Barcelona,20-09-2024,13-12-2024,Leisure,Cruise,4,3230.18,9
TRIP09110,USER8669,Bangkok,21-09-2024,27-09-2024,Beach,Flight,1,4598.12,1
TRIP09111,USER8292,Barcelona,21-02-2025,18-03-2025,Family,Bus,3,4007.87,1
TRIP09112,USER6409,Tokyo,08-10-2024,17-11-2024,Adventure,Cruise,3,3421.74,1
TRIP09113,USER8692,Istanbul,28-09-2024,28-03-2025,Beach,Train,2,4221.56,5
TRIP09114,USER7353,Dubai,23-03-2024,04-02-2025,Business,Cruise,2,1940.02,3
TRIP09115,USER2314,Sydney,26-02-2025,03-04-2025,Cultural,Bus,5,1339.89,6
TRIP09116,USER9977,New York,17-02-2025,26-02-2025,Family,Cruise,2,4267.37,9
TRIP09117,USER1877,Dubai,19-08-2024,06-01-2025,Cultural,Train,1,3054,2
TRIP09118,USER1820,Rome,24-10-2024,01-04-2025,Adventure,Train,1,3027.6,9
TRIP09119,USER8221,Istanbul,13-11-2024,05-12-2024,Leisure,Train,3,2592.1,1
TRIP09121,USER4928,Rome,19-01-2025,25-02-2025,Cultural,Bus,3,2191.32,10
TRIP09122,USER6296,Tokyo,29-10-2024,21-01-2025,Adventure,Car,3,4939.21,10
TRIP09123,USER6214,London,27-03-2024,22-02-2025,Leisure,Bus,1,3170.38,7
TRIP09124,USER5112,New York,05-09-2024,16-03-2025,Leisure,Flight,3,2722.09,2
TRIP09125,USER8256,Istanbul,28-03-2024,17-06-2024,Family,Car,4,792.8,1
TRIP09126,USER5217,Barcelona,12-12-2024,20-03-2025,Adventure,Bus,5,660.76,6
TRIP09127,USER8394,Tokyo,20-10-2024,15-02-2025,Cultural,Cruise,2,4504.45,10
TRIP09128,USER6004,Istanbul,13-03-2025,04-04-2025,Beach,Cruise,2,4387.11,9
TRIP09129,USER3448,Dubai,01-11-2024,27-11-2024,Cultural,Train,3,3731.39,2
TRIP09130,USER5865,Paris,30-06-2024,19-10-2024,Cultural,Bus,4,2085.73,6
TRIP09131,USER9153,Istanbul,05-10-2024,30-11-2024,Cultural,Cruise,5,3699.25,7
TRIP09132,USER7999,Istanbul,11-11-2024,30-01-2025,Cultural,Train,1,652.15,8
TRIP09133,USER9051,Bangkok,19-12-2024,05-04-2025,Leisure,Car,1,4645.99,1
TRIP09134,USER1426,Paris,09-08-2024,23-09-2024,Business,Flight,2,3062.21,2
TRIP09135,USER6296,Sydney,31-05-2024,06-02-2025,Beach,Flight,5,3364.58,4
TRIP09136,USER8553,Istanbul,11-05-2024,03-07-2024,Leisure,Cruise,4,3979.58,8
TRIP09137,USER7421,Barcelona,11-11-2024,07-02-2025,Adventure,Train,1,3202.99,7
TRIP09138,USER4488,Istanbul,19-01-2025,23-02-2025,Family,Cruise,4,4659.19,7
TRIP09139,USER4372,Tokyo,25-05-2024,13-02-2025,Family,Cruise,1,1421.24,5
TRIP09140,USER7005,Istanbul,19-07-2024,09-11-2024,Leisure,Bus,5,1049.11,7
TRIP09141,USER7417,Istanbul,20-04-2024,13-09-2024,Business,Flight,4,4143.92,7
TRIP09142,USER5348,Sydney,05-08-2024,14-01-2025,Family,Car,3,4177.01,6
TRIP09143,USER4969,New York,28-02-2025,01-04-2025,Beach,Bus,3,3476.87,9
TRIP09144,USER5142,Dubai,14-06-2024,07-12-2024,Cultural,Flight,3,1641.94,3
TRIP09145,USER7776,Tokyo,29-07-2024,07-03-2025,Family,Flight,1,4856.31,3
TRIP09146,USER8519,London,13-04-2024,28-06-2024,Family,Cruise,3,1268.28,2
TRIP09147,USER4552,Tokyo,14-05-2024,27-12-2024,Business,Cruise,1,2023.83,4
TRIP09148,USER5531,Tokyo,07-08-2024,31-03-2025,Leisure,Cruise,5,1606.09,10
TRIP09149,USER9214,Dubai,03-05-2024,16-08-2024,Cultural,Train,1,3276.27,7
TRIP09150,USER1561,Rome,13-12-2024,14-01-2025,Business,Bus,1,2614.72,9
TRIP09151,USER4057,Tokyo,07-12-2024,21-01-2025,Family,Cruise,4,2937.44,6
TRIP09152,USER2687,Paris,16-02-2025,30-03-2025,Cultural,Bus,1,3428.82,1
TRIP09153,USER1831,Bangkok,19-01-2025,18-02-2025,Leisure,Train,1,3959.92,7
TRIP09154,USER1640,Paris,19-12-2024,20-12-2024,Adventure,Bus,5,2931.29,4
TRIP09155,USER8020,Tokyo,11-05-2024,23-01-2025,Adventure,Car,3,746.6,9
TRIP09156,USER7555,Istanbul,16-05-2024,28-11-2024,Beach,Train,2,3219.41,5
TRIP09157,USER5813,Rome,09-09-2024,27-02-2025,Adventure,Flight,3,1594.95,7
TRIP09158,USER9804,Bangkok,20-10-2024,02-01-2025,Beach,Train,3,3320.57,4
TRIP09159,USER8314,Barcelona,03-07-2024,01-02-2025,Leisure,Bus,3,2140.12,6
TRIP09160,USER5408,Paris,23-06-2024,12-02-2025,Family,Flight,1,3904.33,3
TRIP09161,USER1368,Tokyo,03-06-2024,29-06-2024,Leisure,Train,2,2879.3,9
TRIP09162,USER7515,Paris,06-11-2024,17-03-2025,Family,Flight,1,2583.68,2
TRIP09163,USER4549,Paris,31-10-2024,17-03-2025,Beach,Bus,1,2286.77,8
TRIP09164,USER9797,Barcelona,31-08-2024,18-11-2024,Leisure,Train,1,2793.77,1
TRIP09165,USER1029,Rome,04-04-2024,30-08-2024,Leisure,Car,2,4297.24,10
TRIP09166,USER8978,London,25-04-2024,04-08-2024,Adventure,Bus,1,4612.3,8
TRIP09167,USER2567,Rome,30-09-2024,18-03-2025,Beach,Train,1,1040.52,6
TRIP09168,USER3833,Dubai,12-03-2025,25-03-2025,Beach,Cruise,5,1978.8,10
TRIP09169,USER6795,Rome,15-04-2024,19-08-2024,Cultural,Car,5,1734.55,10
TRIP09170,USER9116,New York,01-06-2024,29-12-2024,Leisure,Train,4,4697.05,9
TRIP09171,USER5721,Istanbul,20-07-2024,11-12-2024,Leisure,Cruise,3,3364.77,3
TRIP09172,USER9753,Sydney,27-10-2024,17-01-2025,Cultural,Train,3,604.42,9
TRIP09173,USER6885,Barcelona,07-06-2024,30-11-2024,Adventure,Cruise,5,1670.45,7
TRIP09174,USER5739,Rome,29-04-2024,18-02-2025,Family,Cruise,1,1069.3,3
TRIP09175,USER4876,Barcelona,07-03-2025,14-03-2025,Cultural,Car,1,3248.48,9
TRIP09176,USER1293,Tokyo,18-10-2024,08-03-2025,Family,Flight,2,1144.74,5
TRIP09177,USER1220,New York,19-07-2024,05-10-2024,Cultural,Flight,5,3552.69,3
TRIP09178,USER9779,Tokyo,02-09-2024,22-11-2024,Beach,Cruise,4,3051.1,4
TRIP09179,USER7489,Barcelona,17-12-2024,09-01-2025,Business,Flight,2,3159.11,3
TRIP09180,USER1403,Sydney,08-04-2024,13-09-2024,Family,Bus,1,3974.36,9
TRIP09181,USER6399,Barcelona,25-01-2025,25-01-2025,Family,Cruise,5,1721.24,2
TRIP09182,USER7799,Dubai,22-01-2025,26-01-2025,Beach,Flight,5,3318.96,3
TRIP09183,USER8107,New York,04-03-2025,13-03-2025,Family,Flight,1,1191.06,10
TRIP09184,USER7072,Rome,20-08-2024,04-01-2025,Beach,Train,4,2928.98,2
TRIP09185,USER7676,Dubai,06-10-2024,09-02-2025,Family,Bus,5,2781.75,4
TRIP09186,USER3799,Barcelona,17-05-2024,08-08-2024,Family,Car,5,2770.54,10
TRIP09187,USER7528,London,25-08-2024,07-04-2025,Cultural,Cruise,4,1340.96,6
TRIP09188,USER1522,Rome,10-08-2024,08-10-2024,Business,Car,5,4408.29,10
TRIP09189,USER3596,Paris,13-04-2024,19-06-2024,Business,Car,5,4289.89,7
TRIP09190,USER8126,Bangkok,31-05-2024,22-08-2024,Adventure,Car,3,2116.5,5
TRIP09191,USER2492,Rome,22-02-2025,26-02-2025,Beach,Car,3,1433.69,9
TRIP09192,USER7356,Paris,29-11-2024,26-12-2024,Business,Cruise,4,697.74,8
TRIP09193,USER8148,Barcelona,09-04-2024,05-03-2025,Adventure,Flight,4,3790.76,7
TRIP09194,USER5730,Rome,11-01-2025,14-02-2025,Beach,Train,3,2673.02,8
TRIP09195,USER3562,Rome,17-02-2025,28-02-2025,Family,Train,5,1028.95,1
TRIP09196,USER5246,New York,18-08-2024,20-12-2024,Cultural,Bus,3,4949.53,5
TRIP09197,USER8905,Dubai,06-01-2025,10-03-2025,Adventure,Cruise,5,2992.2,10
TRIP09198,USER2104,New York,29-06-2024,21-11-2024,Adventure,Cruise,4,4576.35,9
TRIP09199,USER4806,London,08-02-2025,12-02-2025,Adventure,Cruise,2,3085.8,4
TRIP09200,USER4945,New York,22-01-2025,24-02-2025,Business,Cruise,2,1534.49,1
TRIP09201,USER5600,New York,25-10-2024,05-02-2025,Cultural,Cruise,2,1641.77,10
TRIP09202,USER6711,Rome,11-02-2025,21-03-2025,Adventure,Car,3,3366.49,2
TRIP09203,USER7210,Paris,22-10-2024,16-11-2024,Beach,Car,3,3944.4,2
TRIP09204,USER1774,Barcelona,23-03-2024,07-03-2025,Family,Cruise,1,3115.69,4
TRIP09205,USER1532,Bangkok,21-12-2024,12-01-2025,Business,Cruise,2,2310.03,1
TRIP09206,USER8055,Rome,09-06-2024,19-09-2024,Leisure,Cruise,1,1635.22,6
TRIP09207,USER1010,Dubai,04-04-2024,04-04-2024,Beach,Flight,5,4076.21,10
TRIP09208,USER3717,London,14-08-2024,27-01-2025,Family,Cruise,2,1561.78,1
TRIP09209,USER1620,Sydney,17-03-2024,10-02-2025,Adventure,Flight,4,1899.39,6
TRIP09210,USER2296,Sydney,05-03-2025,11-03-2025,Family,Bus,5,1096.17,6
TRIP09211,USER1513,New York,29-05-2024,06-06-2024,Family,Bus,2,3651.18,6
TRIP09212,USER9171,Istanbul,17-04-2024,14-03-2025,Cultural,Cruise,4,2823.75,3
TRIP09213,USER4800,Istanbul,15-08-2024,12-09-2024,Cultural,Car,1,1769.04,8
TRIP09214,USER3132,Rome,18-03-2024,06-03-2025,Family,Cruise,2,1388.9,4
TRIP09215,USER7761,Rome,08-06-2024,01-03-2025,Beach,Bus,1,1504.78,6
TRIP09216,USER4645,Bangkok,29-05-2024,11-03-2025,Beach,Cruise,1,2439.3,2
TRIP09217,USER1653,Istanbul,30-10-2024,07-02-2025,Adventure,Cruise,1,4395.1,1
TRIP09218,USER4720,London,09-07-2024,22-09-2024,Adventure,Cruise,4,1784.82,6
TRIP09219,USER3628,Barcelona,02-08-2024,30-01-2025,Adventure,Train,1,2884.71,3
TRIP09220,USER1811,Rome,29-01-2025,09-03-2025,Leisure,Bus,4,3468.34,7
TRIP09221,USER1102,Bangkok,06-02-2025,11-03-2025,Family,Train,5,4090.63,10
TRIP09222,USER5472,Rome,24-02-2025,07-03-2025,Cultural,Flight,3,4388.19,4
TRIP09223,USER3522,New York,05-06-2024,03-07-2024,Cultural,Train,4,3844.44,4
TRIP09224,USER7302,Sydney,03-07-2024,20-11-2024,Cultural,Car,2,4916.09,6
TRIP09225,USER2858,Rome,05-02-2025,18-02-2025,Leisure,Bus,5,594.95,10
TRIP09226,USER6247,Dubai,21-04-2024,07-08-2024,Cultural,Car,3,4966.83,2
TRIP09227,USER2232,Istanbul,17-03-2024,06-07-2024,Family,Flight,3,558.04,10
TRIP09228,USER5948,Rome,10-09-2024,27-12-2024,Business,Bus,4,3789.81,2
TRIP09229,USER1471,Tokyo,16-05-2024,02-07-2024,Adventure,Car,2,2673.75,8
TRIP09230,USER3352,Istanbul,03-08-2024,04-01-2025,Cultural,Train,2,4986.16,1
TRIP09231,USER5353,Dubai,01-10-2024,11-02-2025,Beach,Car,4,1885.06,5
TRIP09232,USER9386,Istanbul,08-01-2025,10-04-2025,Business,Train,1,3587.92,1
TRIP09233,USER3883,Dubai,28-05-2024,07-12-2024,Adventure,Cruise,1,1111.57,4
TRIP09234,USER8040,Bangkok,03-05-2024,23-12-2024,Cultural,Bus,4,2952.24,5
TRIP09235,USER4119,Paris,02-09-2024,12-03-2025,Family,Cruise,1,3974.2,6
TRIP09236,USER1051,Barcelona,12-05-2024,24-01-2025,Beach,Flight,1,1523.46,6
TRIP09237,USER2697,Dubai,26-02-2025,28-02-2025,Family,Car,4,3283.89,5
TRIP09238,USER1400,Barcelona,10-04-2024,20-02-2025,Leisure,Bus,3,1951.94,6
TRIP09239,USER6147,Tokyo,21-12-2024,09-01-2025,Family,Flight,2,4465.03,1
TRIP09240,USER4685,Paris,29-09-2024,28-12-2024,Beach,Flight,2,1681.85,4
TRIP09241,USER3704,Sydney,25-12-2024,02-02-2025,Leisure,Cruise,2,1132.35,10
TRIP09242,USER1631,Istanbul,25-12-2024,16-03-2025,Family,Flight,4,4266.92,9
TRIP09243,USER7054,Barcelona,18-04-2024,20-07-2024,Leisure,Bus,5,2714.82,1
TRIP09244,USER7944,Sydney,19-01-2025,14-04-2025,Leisure,Flight,2,1099.66,7
TRIP09245,USER2400,London,06-01-2025,15-04-2025,Beach,Flight,1,4077.97,3
TRIP09246,USER3999,Tokyo,15-08-2024,21-09-2024,Leisure,Bus,1,1589.91,4
TRIP09247,USER9532,Barcelona,29-08-2024,01-04-2025,Leisure,Cruise,2,3157.19,1
TRIP09248,USER4229,London,23-10-2024,17-03-2025,Beach,Cruise,1,3968.87,2
TRIP09249,USER4639,Rome,19-08-2024,18-11-2024,Cultural,Flight,4,3893.7,1
TRIP09250,USER5778,Tokyo,15-05-2024,25-11-2024,Adventure,Car,5,1011.38,7
TRIP09251,USER5483,Paris,16-09-2024,14-03-2025,Cultural,Cruise,5,2607.16,2
TRIP09252,USER9722,Dubai,11-05-2024,06-07-2024,Adventure,Car,3,2059.63,3
TRIP09253,USER8425,Sydney,18-12-2024,21-02-2025,Cultural,Car,1,4240.37,2
TRIP09254,USER3561,Paris,23-02-2025,12-04-2025,Leisure,Cruise,2,3081.17,7
TRIP09255,USER1029,Paris,06-03-2025,08-04-2025,Business,Cruise,1,1529.36,4
TRIP09256,USER3445,London,24-01-2025,23-03-2025,Cultural,Flight,5,1536.71,7
TRIP09257,USER9962,Tokyo,10-07-2024,03-03-2025,Adventure,Train,5,4042.93,1
TRIP09258,USER5540,Tokyo,21-04-2024,16-12-2024,Leisure,Flight,1,2455.86,9
TRIP09259,USER9410,Istanbul,21-12-2024,26-12-2024,Family,Flight,4,1827.24,5
TRIP09260,USER7486,New York,31-10-2024,21-12-2024,Adventure,Train,1,3050.42,9
TRIP09261,USER7508,Rome,12-09-2024,02-12-2024,Business,Train,5,4821.65,7
TRIP09262,USER9559,London,27-10-2024,06-12-2024,Family,Flight,1,1450.14,4
TRIP09263,USER7232,London,01-03-2025,23-03-2025,Business,Cruise,3,860.22,8
TRIP09264,USER4038,New York,15-08-2024,13-02-2025,Adventure,Flight,1,2432.61,1
TRIP09265,USER3133,Bangkok,27-01-2025,06-03-2025,Beach,Flight,4,2667.3,2
TRIP09266,USER7774,Bangkok,26-06-2024,14-12-2024,Leisure,Flight,2,3406.45,4
TRIP09267,USER2318,New York,18-12-2024,12-03-2025,Adventure,Train,4,563.96,7
TRIP09268,USER4438,Istanbul,24-02-2025,25-02-2025,Business,Bus,5,1561.01,2
TRIP09269,USER5574,Rome,11-07-2024,14-10-2024,Adventure,Cruise,1,2885.94,7
TRIP09270,USER8134,Barcelona,20-06-2024,08-11-2024,Business,Flight,3,3587.11,4
TRIP09272,USER3554,Rome,07-02-2025,15-04-2025,Business,Flight,3,3922.68,7
TRIP09273,USER4357,Rome,10-08-2024,03-11-2024,Adventure,Flight,1,2995.42,7
TRIP09274,USER8361,Istanbul,16-03-2025,09-04-2025,Cultural,Car,5,3185.85,5
TRIP09275,USER7996,London,24-05-2024,09-12-2024,Cultural,Cruise,5,4667.02,9
TRIP09276,USER5676,Dubai,29-09-2024,02-02-2025,Beach,Flight,1,941.67,5
TRIP09277,USER9310,Paris,01-09-2024,25-09-2024,Family,Bus,3,2396.3,5
TRIP09278,USER8642,New York,26-07-2024,28-01-2025,Cultural,Cruise,2,2132.09,2
TRIP09279,USER5484,Tokyo,01-11-2024,10-04-2025,Adventure,Flight,2,2020.98,4
TRIP09280,USER1851,Dubai,04-05-2024,29-07-2024,Cultural,Cruise,5,2479.45,4
TRIP09281,USER3088,Rome,09-03-2025,29-03-2025,Adventure,Cruise,5,4233.99,4
TRIP09282,USER8534,London,24-01-2025,26-03-2025,Cultural,Car,2,1559.4,1
TRIP09283,USER7421,Rome,11-10-2024,28-11-2024,Beach,Train,2,641.04,2
TRIP09284,USER2015,Istanbul,05-06-2024,08-08-2024,Cultural,Flight,4,4672.69,1
TRIP09285,USER5807,Paris,29-09-2024,29-03-2025,Adventure,Car,3,4545.15,7
TRIP09286,USER4689,Paris,25-10-2024,08-02-2025,Family,Train,2,3134.56,1
TRIP09287,USER1721,Paris,01-08-2024,28-09-2024,Leisure,Train,4,2340.87,3
TRIP09288,USER1437,Paris,17-12-2024,04-03-2025,Leisure,Bus,5,4739.08,1
TRIP09289,USER5834,London,01-03-2025,25-03-2025,Business,Car,4,3078.29,5
TRIP09290,USER1774,Bangkok,24-10-2024,16-01-2025,Adventure,Train,1,694.08,9
TRIP09291,USER7770,Tokyo,13-12-2024,22-03-2025,Beach,Flight,1,745.75,9
TRIP09292,USER4822,Sydney,19-01-2025,26-03-2025,Family,Flight,4,3466.68,6
TRIP09293,USER4142,Bangkok,10-09-2024,16-03-2025,Cultural,Car,1,3452.07,6
TRIP09294,USER8890,Rome,26-02-2025,11-04-2025,Beach,Train,5,2905.92,4
TRIP09295,USER2067,Tokyo,22-08-2024,29-03-2025,Adventure,Car,2,4533.33,4
TRIP09296,USER1015,Istanbul,29-06-2024,09-11-2024,Beach,Flight,5,4819.81,5
TRIP09297,USER4702,New York,21-08-2024,26-11-2024,Cultural,Train,2,2578.92,7
TRIP09298,USER1011,Istanbul,18-03-2024,23-09-2024,Leisure,Cruise,5,635.43,3
TRIP09299,USER8222,New York,23-07-2024,01-09-2024,Family,Flight,4,1164.46,5
TRIP09300,USER7552,London,21-12-2024,02-03-2025,Leisure,Cruise,4,2126.75,5
TRIP09301,USER1336,Barcelona,30-11-2024,25-03-2025,Family,Car,3,3027.22,7
TRIP09302,USER6233,Istanbul,04-08-2024,13-10-2024,Business,Cruise,1,1016.27,1
TRIP09303,USER8751,Istanbul,23-10-2024,04-12-2024,Cultural,Cruise,4,4432.96,5
TRIP09304,USER6273,Barcelona,19-12-2024,22-01-2025,Leisure,Flight,2,4075.11,6
TRIP09305,USER8989,Rome,05-04-2024,03-04-2025,Family,Bus,4,2137.37,1
TRIP09306,USER8297,Tokyo,23-04-2024,29-08-2024,Beach,Cruise,4,3803.94,8
TRIP09307,USER9939,Rome,13-09-2024,16-10-2024,Family,Cruise,4,3816.34,3
TRIP09308,USER7338,Bangkok,24-08-2024,27-02-2025,Leisure,Car,1,4834.15,10
TRIP09309,USER2185,Barcelona,23-09-2024,28-01-2025,Cultural,Cruise,1,3022.38,9
TRIP09310,USER6370,New York,29-12-2024,23-03-2025,Cultural,Car,4,993.94,2
TRIP09311,USER9938,London,14-12-2024,07-04-2025,Leisure,Train,2,530.08,6
TRIP09312,USER3195,Barcelona,11-06-2024,23-11-2024,Adventure,Bus,4,2281.2,4
TRIP09313,USER5895,Paris,25-01-2025,24-03-2025,Leisure,Flight,1,2962.5,4
TRIP09314,USER3412,Sydney,15-03-2025,11-04-2025,Cultural,Bus,4,909.63,10
TRIP09315,USER5340,Istanbul,30-03-2024,15-10-2024,Business,Car,4,1515.81,10
TRIP09316,USER8959,Sydney,30-12-2024,26-01-2025,Family,Cruise,5,3552.98,4
TRIP09317,USER1221,Rome,04-09-2024,19-03-2025,Leisure,Flight,5,4002.59,3
TRIP09318,USER7762,Bangkok,09-04-2024,03-09-2024,Beach,Car,1,2626.94,7
TRIP09319,USER2500,London,19-09-2024,24-11-2024,Cultural,Flight,3,4629.35,2
TRIP09320,USER7736,Dubai,27-09-2024,19-10-2024,Adventure,Car,2,3662.27,9
TRIP09321,USER7979,Barcelona,01-07-2024,13-09-2024,Leisure,Train,4,4063.32,8
TRIP09322,USER6113,Paris,13-05-2024,08-01-2025,Adventure,Car,4,3317.21,3
TRIP09323,USER7203,Tokyo,18-10-2024,08-01-2025,Beach,Cruise,5,710.53,2
TRIP09324,USER6346,Sydney,28-02-2025,07-03-2025,Adventure,Car,2,1530.82,9
TRIP09325,USER2045,Barcelona,15-12-2024,15-03-2025,Beach,Train,4,2139.84,3
TRIP09327,USER9911,Bangkok,28-03-2024,21-08-2024,Beach,Bus,4,2802.22,2
TRIP09328,USER7735,Paris,22-12-2024,10-02-2025,Family,Train,2,4007.07,8
TRIP09329,USER8811,Dubai,05-08-2024,13-02-2025,Family,Train,1,1273.5,5
TRIP09330,USER8052,Paris,14-02-2025,17-03-2025,Cultural,Cruise,4,2650.6,7
TRIP09331,USER2956,New York,18-01-2025,20-01-2025,Business,Bus,5,3241.51,5
TRIP09332,USER4601,Dubai,18-05-2024,03-01-2025,Adventure,Train,2,894.6,3
TRIP09333,USER5837,Tokyo,31-01-2025,17-02-2025,Cultural,Cruise,3,1536.85,7
TRIP09334,USER6441,Tokyo,07-09-2024,05-04-2025,Business,Train,2,3803.38,6
TRIP09335,USER3822,New York,21-06-2024,03-11-2024,Family,Bus,4,3144.52,8
TRIP09336,USER7944,Barcelona,16-05-2024,14-12-2024,Business,Train,5,4066.43,4
TRIP09337,USER6792,New York,28-06-2024,09-08-2024,Adventure,Train,5,3137.47,3
TRIP09338,USER9111,New York,02-09-2024,07-10-2024,Beach,Bus,5,4912.35,10
TRIP09339,USER5917,Sydney,19-10-2024,09-03-2025,Cultural,Car,1,4349.44,9
TRIP09340,USER5651,Istanbul,23-10-2024,31-03-2025,Leisure,Flight,1,4859.38,9
TRIP09341,USER9862,Paris,27-05-2024,17-07-2024,Adventure,Car,1,3150.05,5
TRIP09342,USER7188,Paris,27-11-2024,11-03-2025,Cultural,Cruise,4,1986.63,6
TRIP09343,USER9671,Paris,03-02-2025,30-03-2025,Adventure,Bus,2,2511.86,5
TRIP09344,USER1316,Tokyo,18-12-2024,28-01-2025,Business,Cruise,2,4026.34,1
TRIP09345,USER2764,Paris,01-02-2025,09-02-2025,Family,Car,5,1853.03,1
TRIP09346,USER4307,Paris,21-08-2024,22-03-2025,Adventure,Car,3,756.46,1
TRIP09347,USER9253,Paris,03-07-2024,23-07-2024,Beach,Flight,3,3476.86,7
TRIP09348,USER1261,Barcelona,18-08-2024,09-01-2025,Family,Bus,5,1395.65,5
TRIP09349,USER1401,Istanbul,11-04-2024,14-10-2024,Adventure,Cruise,2,1918.5,5
TRIP09350,USER3602,Dubai,22-11-2024,17-03-2025,Beach,Car,2,1633.54,4
TRIP09351,USER4987,Tokyo,11-08-2024,11-09-2024,Leisure,Bus,2,896.75,3
TRIP09352,USER5929,Dubai,04-01-2025,01-02-2025,Leisure,Bus,3,1376.39,1
TRIP09353,USER5395,Tokyo,17-03-2024,22-04-2024,Family,Car,5,4142.65,5
TRIP09354,USER9703,London,30-09-2024,25-02-2025,Business,Cruise,4,4394.71,4
TRIP09355,USER9375,London,08-07-2024,24-09-2024,Beach,Flight,3,3020.22,5
TRIP09356,USER3444,Bangkok,19-06-2024,28-10-2024,Beach,Train,1,2815.61,4
TRIP09357,USER6605,New York,02-10-2024,11-04-2025,Beach,Car,1,3931.33,3
TRIP09358,USER8092,Tokyo,07-07-2024,23-08-2024,Leisure,Flight,2,1142.23,7
TRIP09359,USER2472,New York,24-05-2024,24-01-2025,Beach,Cruise,5,3712.88,7
TRIP09360,USER6538,London,16-04-2024,30-10-2024,Cultural,Car,3,1309.1,4
TRIP09361,USER1801,Barcelona,02-05-2024,08-12-2024,Family,Car,3,1885.11,10
TRIP09362,USER6120,Tokyo,04-05-2024,30-07-2024,Beach,Bus,2,1608.92,1
TRIP09363,USER2642,London,01-08-2024,10-11-2024,Beach,Bus,3,3315.42,3
TRIP09364,USER3231,Bangkok,27-09-2024,07-03-2025,Cultural,Flight,1,804.73,1
TRIP09365,USER2574,Rome,13-05-2024,11-01-2025,Leisure,Cruise,4,3713.49,4
TRIP09366,USER1616,London,20-07-2024,17-08-2024,Adventure,Car,4,2596.79,1
TRIP09367,USER8042,Paris,04-06-2024,11-03-2025,Leisure,Bus,2,4163.87,10
TRIP09368,USER1376,Rome,28-02-2025,15-04-2025,Cultural,Flight,5,2381.49,4
TRIP09369,USER7290,Barcelona,08-05-2024,07-11-2024,Family,Train,2,4493.42,4
TRIP09370,USER2140,Istanbul,01-05-2024,01-07-2024,Cultural,Car,3,4747.68,2
TRIP09371,USER6851,Istanbul,18-09-2024,24-03-2025,Cultural,Bus,4,2850.59,1
TRIP09372,USER9365,Dubai,12-06-2024,11-09-2024,Cultural,Cruise,3,1572.05,8
TRIP09373,USER9422,Dubai,21-05-2024,30-10-2024,Family,Car,4,688.68,8
TRIP09374,USER5683,London,20-06-2024,20-12-2024,Cultural,Cruise,1,1240.11,1
TRIP09375,USER4912,Barcelona,16-05-2024,05-08-2024,Beach,Cruise,4,4909.85,6
TRIP09376,USER6982,Barcelona,27-01-2025,16-02-2025,Cultural,Train,1,872.4,7
TRIP09377,USER1749,Paris,08-12-2024,09-12-2024,Family,Car,5,3371.22,10
TRIP09378,USER7803,New York,24-12-2024,06-04-2025,Family,Flight,5,859.18,8
TRIP09379,USER1124,Paris,24-01-2025,16-02-2025,Family,Bus,4,2242.15,5
TRIP09380,USER4421,Sydney,23-07-2024,28-10-2024,Leisure,Bus,3,1619.26,6
TRIP09381,USER1094,Barcelona,16-04-2024,22-02-2025,Cultural,Car,2,3618.16,4
TRIP09382,USER1900,Tokyo,19-04-2024,03-11-2024,Cultural,Car,3,4526.01,1
TRIP09383,USER6477,New York,13-03-2025,19-03-2025,Leisure,Flight,2,855.94,2
TRIP09384,USER4402,London,20-04-2024,23-06-2024,Cultural,Cruise,4,3453.01,4
TRIP09385,USER3776,Barcelona,24-04-2024,30-09-2024,Beach,Car,1,4065,8
TRIP09386,USER9090,New York,01-02-2025,09-04-2025,Adventure,Cruise,2,3313,5
TRIP09387,USER4449,Dubai,07-02-2025,10-03-2025,Cultural,Car,4,3721.36,9
TRIP09388,USER3718,Rome,15-09-2024,20-11-2024,Adventure,Train,3,1126.24,8
TRIP09389,USER6351,Istanbul,23-05-2024,16-01-2025,Family,Train,1,3042.64,6
TRIP09390,USER1833,Tokyo,28-03-2024,22-04-2024,Leisure,Train,4,4428.42,9
TRIP09391,USER3559,London,30-04-2024,17-10-2024,Leisure,Train,3,804.36,6
TRIP09392,USER9250,Rome,09-09-2024,21-10-2024,Cultural,Train,5,4267.42,6
TRIP09393,USER4021,Paris,08-11-2024,03-03-2025,Business,Car,3,4545.93,9
TRIP09394,USER4801,Tokyo,19-10-2024,08-11-2024,Beach,Cruise,1,2069.07,3
TRIP09395,USER6380,Paris,07-12-2024,18-03-2025,Beach,Flight,2,4954.4,10
TRIP09396,USER4446,Barcelona,23-06-2024,04-02-2025,Leisure,Flight,4,1792.47,5
TRIP09397,USER6593,Bangkok,29-11-2024,09-12-2024,Leisure,Flight,1,2306.81,8
TRIP09398,USER3874,London,24-08-2024,08-03-2025,Leisure,Train,2,2101.59,4
TRIP09399,USER6435,Dubai,13-02-2025,08-04-2025,Business,Bus,3,1149.44,4
TRIP09400,USER8867,Tokyo,03-05-2024,04-05-2024,Cultural,Car,5,1233.96,1
TRIP09401,USER7016,Istanbul,08-12-2024,13-12-2024,Beach,Train,1,3891.67,3
TRIP09402,USER8681,Dubai,04-09-2024,13-02-2025,Cultural,Cruise,4,4828.88,1
TRIP09403,USER4606,Tokyo,21-03-2024,27-04-2024,Beach,Car,5,4550.41,5
TRIP09404,USER9862,London,17-11-2024,19-12-2024,Adventure,Flight,4,3839.04,1
TRIP09405,USER4175,Bangkok,02-03-2025,09-04-2025,Beach,Bus,2,4589.36,5
TRIP09406,USER7474,Bangkok,16-02-2025,16-02-2025,Beach,Car,4,1557.39,8
TRIP09407,USER9112,New York,30-09-2024,06-03-2025,Leisure,Train,4,788.23,10
TRIP09408,USER7123,Rome,16-12-2024,28-03-2025,Business,Flight,5,2345.02,1
TRIP09409,USER5497,Bangkok,15-05-2024,31-03-2025,Business,Cruise,1,4983.41,2
TRIP09410,USER4123,London,03-06-2024,18-08-2024,Beach,Car,5,1593.58,3
TRIP09411,USER2322,New York,13-07-2024,28-10-2024,Leisure,Cruise,3,4706.75,10
TRIP09412,USER1925,Dubai,06-05-2024,14-02-2025,Cultural,Car,4,788.3,3
TRIP09413,USER4452,Bangkok,09-04-2024,13-02-2025,Cultural,Car,3,739.74,8
TRIP09414,USER3801,New York,18-08-2024,02-10-2024,Beach,Car,3,2847.49,3
TRIP09415,USER6984,New York,14-08-2024,25-09-2024,Leisure,Cruise,2,3762.2,8
TRIP09416,USER2766,Paris,10-03-2025,07-04-2025,Adventure,Flight,5,4764.75,3
TRIP09417,USER5101,Dubai,04-10-2024,24-03-2025,Business,Cruise,5,3999.25,1
TRIP09418,USER8831,Rome,20-01-2025,12-02-2025,Adventure,Flight,4,1243.78,5
TRIP09419,USER7719,Barcelona,28-06-2024,14-01-2025,Cultural,Cruise,1,2748.32,8
TRIP09420,USER7210,Istanbul,21-08-2024,06-02-2025,Cultural,Flight,2,2359.28,1
TRIP09421,USER9466,Sydney,18-12-2024,07-04-2025,Adventure,Bus,1,1301.78,4
TRIP09422,USER8418,Istanbul,31-10-2024,02-01-2025,Cultural,Train,2,4166.58,10
TRIP09423,USER1869,Barcelona,25-12-2024,17-01-2025,Business,Flight,1,2665.17,7
TRIP09424,USER8027,Tokyo,03-04-2024,20-01-2025,Cultural,Bus,5,2582.2,7
TRIP09425,USER9819,Dubai,18-06-2024,02-07-2024,Business,Car,4,4063.85,1
TRIP09426,USER8255,Paris,14-02-2025,20-02-2025,Business,Cruise,5,1358.97,4
TRIP09427,USER6402,Sydney,13-05-2024,26-06-2024,Business,Train,2,4064.74,9
TRIP09428,USER7487,Rome,15-12-2024,20-03-2025,Beach,Flight,3,3364.82,10
TRIP09429,USER4105,Dubai,14-04-2024,23-03-2025,Family,Bus,5,2442.64,6
TRIP09430,USER8497,Sydney,13-12-2024,15-02-2025,Beach,Flight,4,2054.61,10
TRIP09431,USER7179,Sydney,08-06-2024,09-12-2024,Business,Bus,4,3751.98,4
TRIP09432,USER5003,Bangkok,25-11-2024,16-03-2025,Leisure,Flight,1,2041.45,9
TRIP09433,USER3435,Dubai,01-06-2024,14-11-2024,Cultural,Car,4,1740.89,3
TRIP09434,USER7188,Istanbul,27-06-2024,19-08-2024,Adventure,Cruise,5,2899.61,9
TRIP09435,USER2641,London,17-04-2024,11-02-2025,Adventure,Flight,1,1169.43,9
TRIP09436,USER1171,Barcelona,15-03-2025,20-03-2025,Adventure,Cruise,3,3994.02,7
TRIP09437,USER8572,Barcelona,24-09-2024,27-01-2025,Cultural,Car,4,2294.73,9
TRIP09438,USER5508,Bangkok,30-04-2024,21-10-2024,Adventure,Car,1,1556.87,5
TRIP09439,USER6135,Istanbul,04-05-2024,17-03-2025,Leisure,Cruise,1,3890.29,10
TRIP09440,USER2652,Dubai,30-08-2024,28-09-2024,Family,Train,2,4450.39,6
TRIP09441,USER9112,Rome,19-11-2024,22-01-2025,Leisure,Car,3,4754.1,9
TRIP09442,USER6365,Paris,12-09-2024,13-02-2025,Leisure,Bus,1,4713.2,9
TRIP09443,USER1625,Istanbul,06-11-2024,28-12-2024,Family,Cruise,5,1507.92,7
TRIP09444,USER1522,Istanbul,06-05-2024,07-12-2024,Family,Train,2,4996.47,8
TRIP09445,USER2815,Bangkok,20-06-2024,24-01-2025,Cultural,Cruise,3,3230.04,9
TRIP09446,USER3948,New York,26-02-2025,12-04-2025,Cultural,Flight,1,3627.84,9
TRIP09447,USER1552,Bangkok,09-03-2025,13-03-2025,Business,Car,1,3221.43,7
TRIP09448,USER7687,London,14-11-2024,25-12-2024,Family,Flight,3,2190.54,3
TRIP09449,USER5330,Paris,11-06-2024,15-08-2024,Business,Cruise,3,2763.86,5
TRIP09450,USER2505,Sydney,30-05-2024,01-12-2024,Leisure,Train,1,2710.64,7
TRIP09451,USER2000,Dubai,12-05-2024,10-07-2024,Leisure,Car,1,2454.65,6
TRIP09452,USER6186,New York,11-08-2024,08-04-2025,Cultural,Flight,5,3316.93,5
TRIP09453,USER1769,Barcelona,05-07-2024,24-07-2024,Business,Car,3,538.31,6
TRIP09454,USER4973,Barcelona,25-03-2024,30-12-2024,Leisure,Train,2,2335.17,5
TRIP09455,USER1517,Barcelona,29-12-2024,03-03-2025,Beach,Train,3,1050.88,3
TRIP09456,USER4948,Rome,11-05-2024,01-03-2025,Leisure,Car,2,855.15,3
TRIP09457,USER2112,New York,20-07-2024,05-01-2025,Beach,Flight,1,3777.17,7
TRIP09458,USER3520,Barcelona,04-05-2024,06-12-2024,Leisure,Train,3,3275.6,3
TRIP09459,USER1030,Bangkok,17-07-2024,26-01-2025,Cultural,Bus,3,1341.45,4
TRIP09461,USER1945,New York,11-01-2025,04-03-2025,Cultural,Flight,1,584.07,5
TRIP09462,USER1960,Barcelona,21-02-2025,06-04-2025,Business,Bus,3,1901.73,1
TRIP09463,USER1738,London,25-10-2024,02-03-2025,Beach,Bus,1,1945.23,9
TRIP09464,USER6298,Paris,05-03-2025,02-04-2025,Family,Car,4,2002.36,1
TRIP09465,USER1501,Rome,06-06-2024,14-04-2025,Family,Car,5,2040.59,3
TRIP09466,USER3471,Paris,04-10-2024,07-10-2024,Leisure,Bus,1,921.05,4
TRIP09467,USER5414,London,16-01-2025,31-03-2025,Beach,Cruise,4,3803.14,6
TRIP09468,USER1776,Sydney,05-03-2025,24-03-2025,Cultural,Train,3,4534.23,8
TRIP09469,USER1142,Barcelona,18-08-2024,30-09-2024,Adventure,Train,5,4653.45,3
TRIP09470,USER9606,Tokyo,07-04-2024,22-05-2024,Leisure,Train,4,3693.49,6
TRIP09471,USER5467,London,02-04-2024,20-05-2024,Leisure,Cruise,5,2923.37,10
TRIP09472,USER5745,Dubai,11-08-2024,03-01-2025,Adventure,Bus,4,3551.19,9
TRIP09473,USER4098,Tokyo,06-06-2024,01-03-2025,Cultural,Bus,4,1973.52,6
TRIP09474,USER8984,Rome,24-03-2024,28-04-2024,Cultural,Train,3,4755.43,4
TRIP09475,USER4737,Istanbul,17-05-2024,31-01-2025,Business,Flight,4,2682.27,9
TRIP09476,USER5846,Barcelona,13-09-2024,03-10-2024,Cultural,Bus,3,2522.11,7
TRIP09477,USER4897,Istanbul,27-10-2024,24-02-2025,Adventure,Bus,1,3911.93,9
TRIP09478,USER9292,London,28-08-2024,13-01-2025,Family,Car,2,1549.1,10
TRIP09479,USER3774,Istanbul,02-11-2024,26-11-2024,Beach,Train,4,587.95,1
TRIP09480,USER3266,Barcelona,07-03-2025,15-04-2025,Business,Car,5,1456.91,7
TRIP09481,USER6985,Barcelona,30-04-2024,17-07-2024,Family,Flight,1,1772.46,9
TRIP09482,USER7017,Tokyo,16-04-2024,07-09-2024,Beach,Cruise,2,2517.14,3
TRIP09483,USER9080,New York,01-09-2024,03-09-2024,Adventure,Car,3,3867.06,8
TRIP09484,USER6276,Sydney,18-09-2024,13-02-2025,Business,Flight,2,793.81,2
TRIP09485,USER3774,Barcelona,12-10-2024,14-04-2025,Family,Cruise,1,1512.56,7
TRIP09486,USER9895,Dubai,13-10-2024,18-10-2024,Beach,Flight,1,530.73,6
TRIP09487,USER3720,Istanbul,20-05-2024,24-01-2025,Leisure,Car,5,3826.03,10
TRIP09488,USER4169,New York,02-06-2024,23-02-2025,Family,Car,1,2395.63,1
TRIP09489,USER3965,New York,21-07-2024,01-01-2025,Business,Flight,1,3879.33,3
TRIP09490,USER3876,New York,21-01-2025,07-02-2025,Adventure,Flight,4,567.9,5
TRIP09491,USER1589,Dubai,01-10-2024,03-03-2025,Adventure,Train,1,2146.92,5
TRIP09492,USER2555,Istanbul,14-08-2024,03-02-2025,Cultural,Bus,4,962.66,6
TRIP09493,USER6266,Istanbul,26-04-2024,04-11-2024,Leisure,Bus,1,4063.56,10
TRIP09494,USER4243,Barcelona,27-05-2024,22-10-2024,Business,Bus,5,3524.44,8
TRIP09495,USER2926,Sydney,24-10-2024,03-11-2024,Adventure,Train,1,3124.21,5
TRIP09496,USER9292,New York,08-01-2025,10-02-2025,Cultural,Cruise,1,4471.68,1
TRIP09497,USER8243,Rome,25-01-2025,29-01-2025,Adventure,Flight,4,2587.44,10
TRIP09498,USER7639,Rome,18-06-2024,21-01-2025,Family,Cruise,5,3674.49,5
TRIP09499,USER8481,Barcelona,14-11-2024,19-03-2025,Leisure,Flight,3,1620.55,10
TRIP09500,USER6252,New York,16-06-2024,06-04-2025,Beach,Cruise,2,4446.11,8
TRIP09501,USER9206,Rome,02-11-2024,06-03-2025,Cultural,Car,4,3303.2,8
TRIP09502,USER9919,Paris,13-07-2024,06-09-2024,Beach,Train,3,3139.75,10
TRIP09503,USER2297,Paris,03-08-2024,27-03-2025,Business,Car,4,1437.98,2
TRIP09504,USER8120,London,25-03-2024,10-06-2024,Beach,Bus,5,623.61,2
TRIP09505,USER8547,Sydney,19-12-2024,14-01-2025,Family,Car,1,1269.34,6
TRIP09506,USER5235,Bangkok,04-09-2024,05-10-2024,Leisure,Flight,1,2385.04,1
TRIP09507,USER1585,Barcelona,05-11-2024,18-01-2025,Leisure,Bus,2,1886.5,10
TRIP09508,USER7311,Dubai,19-11-2024,03-01-2025,Cultural,Cruise,3,1713.88,7
TRIP09509,USER6760,Dubai,28-09-2024,20-01-2025,Cultural,Bus,1,1731.32,10
TRIP09510,USER2889,New York,19-07-2024,16-12-2024,Cultural,Train,3,1159.67,2
TRIP09511,USER3701,Tokyo,01-09-2024,19-01-2025,Beach,Flight,4,3350.08,9
TRIP09512,USER9351,Dubai,14-12-2024,26-12-2024,Leisure,Car,3,4454.13,8
TRIP09513,USER6795,Sydney,03-06-2024,04-08-2024,Cultural,Car,2,2456.14,3
TRIP09514,USER1818,Tokyo,06-12-2024,16-01-2025,Business,Bus,4,706.46,6
TRIP09515,USER9362,London,25-11-2024,07-04-2025,Leisure,Flight,3,4511.36,3
TRIP09516,USER3606,Sydney,28-05-2024,07-07-2024,Business,Flight,5,2584.04,6
TRIP09517,USER8125,Paris,11-06-2024,07-01-2025,Leisure,Flight,5,1819.23,10
TRIP09518,USER1215,Istanbul,07-03-2025,09-04-2025,Leisure,Flight,5,2519.05,10
TRIP09519,USER6466,New York,10-11-2024,06-02-2025,Family,Flight,4,1105.1,7
TRIP09520,USER3467,Bangkok,29-12-2024,27-01-2025,Leisure,Flight,4,1923.82,4
TRIP09521,USER2912,Istanbul,25-09-2024,25-10-2024,Business,Cruise,1,621.23,9
TRIP09522,USER2605,New York,19-07-2024,07-01-2025,Cultural,Flight,1,4208.32,1
TRIP09523,USER2324,Dubai,05-05-2024,06-09-2024,Adventure,Flight,3,4344.47,7
TRIP09524,USER2228,Paris,30-07-2024,27-12-2024,Cultural,Car,4,790.28,2
TRIP09525,USER2158,Dubai,04-03-2025,07-04-2025,Family,Cruise,5,894.61,5
TRIP09526,USER4060,Tokyo,22-02-2025,21-03-2025,Cultural,Flight,1,2320.49,8
TRIP09527,USER8604,Paris,09-05-2024,07-10-2024,Cultural,Train,3,780.43,2
TRIP09528,USER5788,London,13-03-2025,14-03-2025,Cultural,Flight,3,4757.94,2
TRIP09529,USER1000,Istanbul,07-08-2024,14-01-2025,Beach,Car,2,2246.3,6
TRIP09530,USER3615,Rome,17-08-2024,10-01-2025,Adventure,Bus,4,2499.36,8
TRIP09531,USER8187,Tokyo,11-04-2024,28-04-2024,Beach,Cruise,2,1968.26,4
TRIP09532,USER4137,Bangkok,31-08-2024,23-10-2024,Leisure,Bus,4,2571.39,1
TRIP09533,USER8129,Paris,20-12-2024,06-02-2025,Beach,Train,2,970.6,3
TRIP09534,USER7249,Paris,12-01-2025,14-02-2025,Leisure,Bus,3,806.85,1
TRIP09535,USER6652,Rome,21-04-2024,18-05-2024,Adventure,Car,5,4588.2,7
TRIP09536,USER6419,Sydney,16-09-2024,06-01-2025,Leisure,Car,5,2796.21,10
TRIP09537,USER2830,Istanbul,08-07-2024,12-01-2025,Leisure,Flight,4,1200.56,1
TRIP09538,USER5522,Sydney,12-07-2024,11-01-2025,Business,Car,2,3508.67,4
TRIP09539,USER9479,Istanbul,13-02-2025,13-04-2025,Leisure,Train,5,2085.28,1
TRIP09540,USER9399,Barcelona,02-08-2024,23-12-2024,Adventure,Cruise,5,2647.32,8
TRIP09541,USER2601,Barcelona,03-03-2025,08-03-2025,Beach,Train,1,3040.77,10
TRIP09542,USER5308,Bangkok,03-05-2024,23-06-2024,Leisure,Bus,3,4801.92,7
TRIP09543,USER1103,Sydney,10-06-2024,28-01-2025,Family,Cruise,4,2641.49,1
TRIP09545,USER6012,Paris,09-09-2024,18-02-2025,Family,Flight,4,672.31,2
TRIP09546,USER6244,Tokyo,16-02-2025,12-03-2025,Cultural,Car,4,3707.04,3
TRIP09547,USER5019,Bangkok,13-06-2024,13-11-2024,Family,Train,5,3214.31,1
TRIP09548,USER4216,Tokyo,10-11-2024,24-12-2024,Adventure,Train,1,1090.07,5
TRIP09549,USER4422,Istanbul,03-12-2024,22-03-2025,Family,Cruise,5,597.32,2
TRIP09550,USER6358,Sydney,13-07-2024,09-04-2025,Beach,Train,2,648.45,5
TRIP09551,USER8286,Barcelona,11-10-2024,12-03-2025,Business,Train,3,945.26,6
TRIP09552,USER1536,Istanbul,21-10-2024,09-01-2025,Leisure,Cruise,2,1449.57,10
TRIP09553,USER2822,Sydney,14-07-2024,13-11-2024,Cultural,Bus,3,4079.18,10
TRIP09554,USER1864,Sydney,16-09-2024,27-01-2025,Leisure,Bus,5,2762.65,9
TRIP09555,USER5383,Rome,08-08-2024,11-04-2025,Adventure,Cruise,5,647.4,7
TRIP09556,USER9891,Paris,12-05-2024,13-02-2025,Adventure,Flight,5,3280.21,7
TRIP09557,USER1596,Sydney,28-11-2024,29-01-2025,Cultural,Bus,4,4393.63,1
TRIP09558,USER8329,Istanbul,07-04-2024,31-08-2024,Cultural,Train,4,2850.94,1
TRIP09559,USER8548,New York,14-03-2025,12-04-2025,Cultural,Flight,3,3372.76,9
TRIP09560,USER8362,Bangkok,14-05-2024,10-10-2024,Family,Cruise,2,3598.64,9
TRIP09561,USER4273,London,28-08-2024,12-01-2025,Cultural,Car,2,834.1,2
TRIP09562,USER4289,New York,23-06-2024,07-01-2025,Cultural,Flight,2,2547.88,3
TRIP09563,USER4975,Istanbul,14-01-2025,26-01-2025,Cultural,Bus,5,3861.35,3
TRIP09564,USER6272,Sydney,16-02-2025,13-03-2025,Business,Bus,5,3920.85,6
TRIP09565,USER7183,Istanbul,13-12-2024,13-02-2025,Leisure,Flight,1,2121.33,4
TRIP09566,USER6308,Paris,10-06-2024,16-01-2025,Family,Cruise,1,4054.97,7
TRIP09567,USER5879,New York,30-11-2024,04-02-2025,Family,Bus,3,1018.53,10
TRIP09568,USER6476,Barcelona,04-03-2025,08-04-2025,Business,Train,1,1614.33,3
TRIP09569,USER9258,Dubai,21-04-2024,09-04-2025,Beach,Flight,5,4411.6,9
TRIP09570,USER7154,Dubai,22-05-2024,08-02-2025,Beach,Car,3,1250.4,1
TRIP09571,USER2488,Istanbul,10-03-2025,14-04-2025,Leisure,Car,3,790.19,9
TRIP09572,USER6648,London,22-05-2024,20-01-2025,Business,Bus,3,3153.23,5
TRIP09573,USER3452,Dubai,10-10-2024,18-11-2024,Leisure,Bus,1,1181.95,3
TRIP09574,USER7050,Sydney,30-10-2024,11-01-2025,Adventure,Bus,1,643.52,3
TRIP09575,USER2609,Sydney,17-06-2024,02-04-2025,Leisure,Flight,4,1713.95,4
TRIP09576,USER8290,Rome,25-05-2024,18-09-2024,Cultural,Train,2,4598.62,6
TRIP09577,USER9976,Bangkok,25-12-2024,30-12-2024,Cultural,Cruise,4,786.84,1
TRIP09578,USER9278,Paris,02-06-2024,24-01-2025,Cultural,Car,3,3466.18,2
TRIP09579,USER3938,Dubai,07-03-2025,13-03-2025,Cultural,Cruise,2,4609.05,2
TRIP09580,USER7685,Bangkok,30-04-2024,16-09-2024,Business,Flight,3,1923.23,9
TRIP09581,USER7463,Paris,05-05-2024,01-04-2025,Business,Bus,2,4912.63,10
TRIP09582,USER9665,Rome,22-07-2024,02-08-2024,Cultural,Flight,4,2369.82,2
TRIP09583,USER5530,New York,03-01-2025,04-04-2025,Beach,Cruise,4,3995.92,6
TRIP09584,USER1316,Paris,21-06-2024,03-08-2024,Cultural,Car,5,1763.52,2
TRIP09585,USER9793,London,08-11-2024,11-01-2025,Business,Bus,2,3766.06,5
TRIP09586,USER2250,Dubai,11-10-2024,16-01-2025,Adventure,Bus,4,616.08,10
TRIP09587,USER3438,London,22-08-2024,21-02-2025,Cultural,Flight,1,4058.86,8
TRIP09588,USER4148,Barcelona,16-03-2025,29-03-2025,Cultural,Flight,3,2112.73,9
TRIP09589,USER4045,Barcelona,28-04-2024,28-04-2024,Adventure,Bus,2,1055.04,6
TRIP09590,USER5542,Barcelona,04-08-2024,10-11-2024,Beach,Cruise,5,1085.38,10
TRIP09591,USER9550,Tokyo,23-01-2025,10-04-2025,Business,Flight,2,4101.52,1
TRIP09592,USER1365,New York,31-03-2024,19-05-2024,Adventure,Bus,3,4905.94,4
TRIP09593,USER6041,Istanbul,18-06-2024,09-09-2024,Leisure,Car,4,4576.39,7
TRIP09594,USER8394,Barcelona,23-07-2024,09-02-2025,Business,Train,2,1422.46,6
TRIP09595,USER7357,Bangkok,31-10-2024,23-01-2025,Business,Flight,3,3617.63,3
TRIP09596,USER5867,Paris,17-12-2024,01-04-2025,Family,Train,4,1527.67,5
TRIP09597,USER3533,Dubai,25-05-2024,05-08-2024,Cultural,Bus,2,3682.63,5
TRIP09598,USER1951,Dubai,25-03-2024,05-04-2025,Adventure,Car,3,4466.06,6
TRIP09599,USER8874,Bangkok,01-11-2024,12-03-2025,Beach,Bus,2,1284.85,1
TRIP09600,USER2300,Tokyo,25-08-2024,19-01-2025,Cultural,Cruise,2,3764.05,6
TRIP09601,USER7928,London,16-03-2025,25-03-2025,Adventure,Train,4,1245.92,9
TRIP09602,USER5039,London,05-10-2024,10-02-2025,Beach,Cruise,4,2014.19,6
TRIP09603,USER1642,London,26-02-2025,15-03-2025,Beach,Flight,5,2074.01,3
TRIP09604,USER2197,Rome,28-10-2024,02-11-2024,Business,Train,3,3814.22,1
TRIP09605,USER9005,Paris,18-04-2024,18-10-2024,Business,Train,5,4891.47,2
TRIP09606,USER2562,New York,28-11-2024,23-12-2024,Business,Bus,5,2166.82,5
TRIP09607,USER8701,London,08-03-2025,29-03-2025,Business,Flight,1,4812.66,9
TRIP09608,USER3760,Istanbul,28-10-2024,10-12-2024,Adventure,Cruise,5,3770.19,4
TRIP09609,USER4763,Dubai,08-12-2024,19-12-2024,Beach,Bus,5,2695.46,1
TRIP09610,USER2908,Paris,11-11-2024,09-03-2025,Beach,Flight,5,2669.28,4
TRIP09612,USER6931,London,24-06-2024,11-12-2024,Leisure,Car,2,1367.97,6
TRIP09613,USER6015,New York,26-04-2024,28-07-2024,Adventure,Flight,1,4999.44,3
TRIP09614,USER1979,Bangkok,05-02-2025,02-03-2025,Leisure,Bus,2,4569.06,4
TRIP09615,USER1239,Dubai,07-11-2024,01-04-2025,Family,Bus,1,1825.53,3
TRIP09616,USER7217,New York,08-04-2024,23-08-2024,Cultural,Cruise,5,1605.52,1
TRIP09617,USER7093,Dubai,07-04-2024,25-06-2024,Cultural,Bus,1,4119.66,6
TRIP09618,USER2393,Bangkok,17-01-2025,02-04-2025,Beach,Flight,4,3843.8,3
TRIP09619,USER3112,London,13-04-2024,20-07-2024,Cultural,Train,2,2695.06,1
TRIP09620,USER9268,Istanbul,23-05-2024,09-09-2024,Cultural,Flight,2,3385.87,4
TRIP09621,USER4474,Tokyo,27-05-2024,16-01-2025,Business,Train,3,4843.9,3
TRIP09622,USER6782,Barcelona,23-11-2024,27-02-2025,Leisure,Cruise,4,2756.35,7
TRIP09623,USER5015,Istanbul,11-02-2025,27-02-2025,Adventure,Flight,2,1967.99,6
TRIP09624,USER6645,Tokyo,31-07-2024,17-03-2025,Cultural,Cruise,1,4911.31,7
TRIP09625,USER8155,Dubai,02-12-2024,24-03-2025,Leisure,Bus,5,4094.92,1
TRIP09626,USER8099,London,06-07-2024,07-04-2025,Cultural,Flight,3,4930.79,1
TRIP09627,USER2988,New York,12-08-2024,31-01-2025,Adventure,Car,4,1471.23,1
TRIP09628,USER1564,Tokyo,16-01-2025,06-03-2025,Cultural,Bus,1,2705.79,3
TRIP09629,USER4860,Dubai,02-05-2024,17-12-2024,Cultural,Train,3,2482.71,2
TRIP09630,USER4362,Dubai,29-08-2024,29-01-2025,Business,Flight,2,3168.45,4
TRIP09631,USER2174,Bangkok,11-04-2024,20-09-2024,Cultural,Cruise,2,1385.1,1
TRIP09632,USER5722,Tokyo,29-12-2024,18-01-2025,Beach,Cruise,4,1885.04,6
TRIP09633,USER6874,Paris,17-01-2025,14-02-2025,Business,Flight,1,2780.9,6
TRIP09634,USER2808,Istanbul,08-04-2024,08-04-2024,Beach,Flight,4,3489.95,4
TRIP09635,USER2521,Bangkok,01-08-2024,06-04-2025,Family,Bus,5,1696.03,5
TRIP09636,USER7372,Dubai,01-07-2024,09-12-2024,Business,Car,1,2553.79,3
TRIP09637,USER2809,London,14-10-2024,04-02-2025,Cultural,Train,1,4708.24,6
TRIP09638,USER8457,New York,19-01-2025,02-04-2025,Leisure,Train,5,4625.14,6
TRIP09639,USER4185,Paris,29-04-2024,15-11-2024,Adventure,Bus,5,577.67,1
TRIP09640,USER3333,New York,10-07-2024,12-07-2024,Business,Bus,5,3152.79,4
TRIP09641,USER3095,Bangkok,15-04-2024,09-10-2024,Business,Cruise,2,2477.78,10
TRIP09642,USER8027,Barcelona,09-06-2024,29-07-2024,Leisure,Cruise,5,4110.5,3
TRIP09643,USER9557,New York,08-05-2024,02-08-2024,Leisure,Car,4,3414.25,10
TRIP09644,USER3063,Istanbul,22-03-2024,14-12-2024,Business,Flight,4,1963.44,6
TRIP09645,USER4581,Rome,19-04-2024,27-01-2025,Beach,Bus,2,834.92,5
TRIP09646,USER2674,New York,25-12-2024,23-02-2025,Leisure,Flight,1,2616.02,1
TRIP09647,USER2341,Istanbul,04-12-2024,11-03-2025,Adventure,Cruise,3,1440.64,6
TRIP09648,USER4713,Istanbul,17-02-2025,25-02-2025,Business,Flight,1,2163.21,4
TRIP09649,USER9027,New York,16-10-2024,15-11-2024,Cultural,Flight,2,4448.29,4
TRIP09650,USER9834,Paris,02-12-2024,02-03-2025,Adventure,Car,1,3161.8,9
TRIP09651,USER5890,Tokyo,12-12-2024,14-04-2025,Family,Flight,3,3178.22,2
TRIP09652,USER1769,Bangkok,04-05-2024,19-02-2025,Adventure,Train,3,4345.29,5
TRIP09653,USER3375,Bangkok,04-12-2024,19-01-2025,Cultural,Cruise,5,871.95,8
TRIP09654,USER3137,Paris,16-05-2024,05-10-2024,Cultural,Train,5,2259.95,3
TRIP09655,USER1693,London,22-03-2024,25-04-2024,Family,Car,2,3269.21,5
TRIP09656,USER4738,London,27-04-2024,16-06-2024,Business,Car,5,2369.7,6
TRIP09657,USER9936,Paris,05-12-2024,10-01-2025,Cultural,Cruise,5,1395.92,3
TRIP09658,USER7922,Istanbul,06-05-2024,03-01-2025,Cultural,Flight,1,4751.65,3
TRIP09659,USER8375,New York,14-01-2025,05-03-2025,Leisure,Car,5,1440.54,6
TRIP09660,USER7507,Paris,01-04-2024,10-09-2024,Beach,Flight,1,1421.41,4
TRIP09661,USER5795,Bangkok,15-01-2025,20-02-2025,Business,Bus,1,2232.76,8
TRIP09662,USER1615,Dubai,19-05-2024,16-07-2024,Leisure,Car,2,4608.53,3
TRIP09663,USER5928,Tokyo,06-07-2024,11-11-2024,Cultural,Cruise,2,4154.81,10
TRIP09664,USER6814,New York,27-07-2024,21-11-2024,Adventure,Flight,2,3584.14,6
TRIP09665,USER1370,Dubai,18-04-2024,12-04-2025,Beach,Car,4,1788.38,8
TRIP09666,USER4768,Dubai,02-11-2024,11-03-2025,Family,Car,5,2024.78,4
TRIP09667,USER1695,Tokyo,08-10-2024,20-02-2025,Cultural,Train,5,3728.45,2
TRIP09668,USER3919,Paris,25-11-2024,03-02-2025,Beach,Flight,3,2727.3,8
TRIP09669,USER8019,Bangkok,07-11-2024,13-02-2025,Beach,Train,5,2744.28,5
TRIP09670,USER7212,New York,06-04-2024,19-08-2024,Leisure,Bus,3,4383.72,8
TRIP09671,USER9760,Rome,16-01-2025,17-02-2025,Adventure,Cruise,5,1407.58,4
TRIP09672,USER7687,Sydney,07-12-2024,15-01-2025,Cultural,Car,3,2464.62,5
TRIP09673,USER8527,Tokyo,23-02-2025,05-04-2025,Family,Car,4,3024.74,1
TRIP09674,USER3521,Dubai,27-06-2024,15-10-2024,Family,Train,4,4017.14,9
TRIP09675,USER5814,Sydney,10-09-2024,12-01-2025,Beach,Flight,3,3731.31,10
TRIP09676,USER6215,New York,22-05-2024,28-08-2024,Leisure,Flight,3,2948.12,6
TRIP09677,USER8672,Tokyo,25-12-2024,09-02-2025,Cultural,Train,2,4767.05,4
TRIP09678,USER3969,Sydney,09-08-2024,08-04-2025,Cultural,Train,5,827.94,3
TRIP09679,USER9969,Barcelona,14-01-2025,10-04-2025,Business,Bus,5,2471.26,8
TRIP09680,USER3898,New York,17-04-2024,17-10-2024,Leisure,Flight,4,4092.98,10
TRIP09681,USER9899,New York,21-04-2024,14-12-2024,Beach,Bus,5,4647.5,2
TRIP09682,USER1255,Dubai,23-07-2024,31-08-2024,Beach,Cruise,2,2534.05,6
TRIP09683,USER9472,Dubai,16-06-2024,11-10-2024,Leisure,Flight,3,643.35,3
TRIP09684,USER8082,Istanbul,26-04-2024,30-06-2024,Business,Bus,1,1409.12,9
TRIP09685,USER4744,Dubai,09-12-2024,29-03-2025,Leisure,Flight,1,4040.13,9
TRIP09686,USER8506,Barcelona,29-07-2024,30-10-2024,Beach,Bus,1,1020.47,3
TRIP09687,USER9343,Sydney,25-06-2024,10-03-2025,Business,Train,3,3584.48,3
TRIP09688,USER1971,New York,05-12-2024,21-01-2025,Adventure,Car,5,568.32,4
TRIP09689,USER3161,Dubai,06-08-2024,25-08-2024,Family,Car,5,3077.06,2
TRIP09690,USER8040,New York,17-01-2025,21-01-2025,Cultural,Train,4,4418.8,10
TRIP09691,USER1806,Rome,29-03-2024,14-05-2024,Family,Car,4,3360.13,8
TRIP09692,USER9959,Istanbul,05-09-2024,15-02-2025,Adventure,Flight,2,4598.32,4
TRIP09693,USER8657,Bangkok,09-07-2024,07-12-2024,Business,Train,3,674.79,5
TRIP09694,USER3934,Istanbul,23-01-2025,22-02-2025,Family,Cruise,4,4980.68,4
TRIP09695,USER9835,Sydney,15-09-2024,13-04-2025,Leisure,Cruise,5,2018.64,5
TRIP09696,USER1994,Rome,18-06-2024,26-06-2024,Leisure,Train,3,3364.72,6
TRIP09697,USER9299,London,05-06-2024,17-01-2025,Business,Car,2,1237.72,2
TRIP09698,USER4488,Dubai,14-02-2025,18-03-2025,Adventure,Cruise,2,2902.39,8
TRIP09699,USER1630,Bangkok,19-06-2024,26-01-2025,Beach,Train,1,3159.62,1
TRIP09700,USER4238,Paris,05-03-2025,09-03-2025,Adventure,Bus,5,2464.69,3
TRIP09701,USER3947,New York,12-07-2024,23-09-2024,Adventure,Flight,3,3590.5,2
TRIP09702,USER5816,Bangkok,15-03-2025,07-04-2025,Family,Cruise,4,1295.38,4
TRIP09703,USER8510,Paris,20-08-2024,02-11-2024,Adventure,Flight,3,4569.54,3
TRIP09704,USER7000,Istanbul,15-09-2024,05-01-2025,Beach,Bus,2,727.47,5
TRIP09705,USER6402,Bangkok,25-05-2024,29-03-2025,Cultural,Cruise,4,1108.83,5
TRIP09706,USER7059,Tokyo,04-11-2024,09-11-2024,Family,Bus,3,2219.21,6
TRIP09707,USER7924,Sydney,28-10-2024,13-04-2025,Cultural,Bus,1,3564.83,9
TRIP09708,USER7671,Tokyo,16-11-2024,21-11-2024,Leisure,Cruise,1,1185.37,10
TRIP09709,USER1894,Barcelona,16-07-2024,25-09-2024,Beach,Car,4,1607.65,10
TRIP09710,USER1913,Istanbul,27-06-2024,03-07-2024,Business,Flight,4,3549.33,4
TRIP09711,USER5823,New York,04-09-2024,24-03-2025,Beach,Train,4,1784.95,5
TRIP09712,USER8140,Paris,28-09-2024,30-01-2025,Business,Car,3,3367.7,6
TRIP09713,USER7983,Rome,01-09-2024,17-03-2025,Beach,Car,4,1795.31,7
TRIP09714,USER9514,Barcelona,10-04-2024,22-12-2024,Adventure,Bus,5,2225.75,3
TRIP09715,USER1562,Sydney,13-01-2025,13-01-2025,Adventure,Cruise,5,4830.8,6
TRIP09716,USER6195,Rome,22-10-2024,28-03-2025,Cultural,Cruise,3,1016.59,1
TRIP09717,USER2885,Dubai,01-03-2025,30-03-2025,Cultural,Cruise,4,3462.38,8
TRIP09718,USER2456,Paris,30-08-2024,12-12-2024,Business,Flight,4,3011.14,3
TRIP09719,USER9187,Dubai,07-02-2025,02-04-2025,Beach,Flight,2,2628.79,10
TRIP09720,USER1122,New York,23-09-2024,22-03-2025,Adventure,Flight,1,4286.55,4
TRIP09721,USER6653,London,11-10-2024,16-01-2025,Beach,Train,1,3631.35,10
TRIP09722,USER6988,Barcelona,13-01-2025,04-03-2025,Adventure,Train,5,1837.86,2
TRIP09723,USER5677,Istanbul,18-04-2024,11-12-2024,Leisure,Train,5,1051.49,7
TRIP09724,USER7058,Barcelona,30-09-2024,17-03-2025,Beach,Car,4,2907.99,1
TRIP09725,USER6793,London,27-03-2024,02-02-2025,Adventure,Flight,3,1146.87,6
TRIP09726,USER2311,Dubai,26-01-2025,05-03-2025,Adventure,Train,2,2389.63,9
TRIP09727,USER3138,Tokyo,20-06-2024,14-01-2025,Cultural,Bus,5,2026.04,2
TRIP09728,USER1385,Dubai,04-01-2025,31-01-2025,Adventure,Flight,1,1259.65,1
TRIP09729,USER9016,Barcelona,28-04-2024,10-10-2024,Business,Train,3,3093.57,7
TRIP09730,USER9255,Rome,20-05-2024,30-08-2024,Adventure,Train,3,4971.15,3
TRIP09731,USER1259,London,13-01-2025,18-01-2025,Adventure,Car,4,3571.19,6
TRIP09732,USER9316,Paris,15-06-2024,31-03-2025,Leisure,Bus,4,3689.18,7
TRIP09733,USER1300,Tokyo,24-08-2024,03-03-2025,Adventure,Car,2,2859.36,4
TRIP09734,USER5873,Barcelona,28-06-2024,09-07-2024,Business,Cruise,4,2951.02,7
TRIP09735,USER4542,Paris,03-05-2024,07-10-2024,Cultural,Bus,5,2549.28,9
TRIP09736,USER8375,New York,23-06-2024,10-11-2024,Family,Cruise,1,2984.45,4
TRIP09737,USER6261,London,18-02-2025,11-03-2025,Family,Train,5,2318.29,8
TRIP09738,USER3298,Tokyo,08-02-2025,11-03-2025,Family,Bus,1,3305.58,5
TRIP09739,USER6020,Barcelona,13-01-2025,19-03-2025,Business,Flight,3,1573.68,10
TRIP09740,USER8030,Paris,01-07-2024,15-12-2024,Cultural,Flight,4,2690.61,9
TRIP09741,USER6247,Bangkok,29-07-2024,14-12-2024,Beach,Train,3,3102.47,2
TRIP09742,USER9038,Sydney,07-11-2024,13-12-2024,Beach,Flight,3,2991.42,3
TRIP09743,USER5687,New York,09-01-2025,19-02-2025,Adventure,Flight,1,2470.76,6
TRIP09744,USER6815,Barcelona,01-10-2024,15-03-2025,Adventure,Cruise,2,967.66,7
TRIP09745,USER5644,Paris,03-07-2024,03-08-2024,Business,Car,1,2790.2,1
TRIP09746,USER5327,Paris,21-02-2025,31-03-2025,Leisure,Flight,5,4013.78,2
TRIP09747,USER5583,Istanbul,10-05-2024,15-04-2025,Beach,Flight,3,4894.35,6
TRIP09748,USER2407,Istanbul,24-09-2024,09-12-2024,Business,Cruise,3,3963.19,3
TRIP09749,USER7461,Sydney,29-01-2025,09-04-2025,Family,Car,3,3367.45,6
TRIP09750,USER6110,Tokyo,03-06-2024,01-02-2025,Family,Flight,1,4978.53,8
TRIP09751,USER2294,Dubai,19-09-2024,04-11-2024,Adventure,Train,1,2886.21,5
TRIP09752,USER8132,Paris,03-11-2024,07-12-2024,Cultural,Train,1,4336.46,7
TRIP09753,USER4513,Bangkok,24-12-2024,24-01-2025,Leisure,Bus,4,4043.91,5
TRIP09754,USER9997,Tokyo,25-07-2024,14-04-2025,Business,Car,5,4715.49,7
TRIP09755,USER5826,Dubai,31-12-2024,02-02-2025,Cultural,Cruise,4,1505.87,7
TRIP09756,USER8732,New York,23-02-2025,22-03-2025,Beach,Flight,3,4951.08,7
TRIP09757,USER9166,Istanbul,07-03-2025,29-03-2025,Beach,Flight,4,2712.74,10
TRIP09759,USER5478,Rome,11-08-2024,29-01-2025,Cultural,Train,4,1030,7
TRIP09760,USER4814,Tokyo,06-05-2024,13-05-2024,Adventure,Bus,2,1064.84,6
TRIP09761,USER8268,Bangkok,13-02-2025,24-02-2025,Beach,Car,4,3583.98,6
TRIP09762,USER6805,Rome,01-01-2025,08-04-2025,Beach,Train,3,3734.85,8
TRIP09763,USER1307,Paris,25-02-2025,05-03-2025,Business,Flight,3,1635.71,8
TRIP09764,USER2547,New York,06-02-2025,07-02-2025,Family,Flight,4,3252.49,3
TRIP09765,USER7820,Tokyo,20-03-2024,21-03-2024,Cultural,Bus,3,2253.58,2
TRIP09766,USER5435,New York,27-09-2024,04-12-2024,Business,Train,1,635.24,5
TRIP09767,USER2627,Istanbul,06-06-2024,29-07-2024,Beach,Train,1,1109.53,10
TRIP09768,USER6029,Dubai,10-09-2024,24-10-2024,Family,Car,2,4656.19,1
TRIP09769,USER2627,Rome,08-08-2024,07-01-2025,Business,Bus,3,4940.87,2
TRIP09770,USER4952,Istanbul,01-01-2025,13-02-2025,Family,Bus,1,4624.59,6
TRIP09771,USER2264,London,18-11-2024,18-01-2025,Family,Train,5,1022.87,5
TRIP09772,USER5185,Dubai,28-05-2024,22-12-2024,Leisure,Bus,1,3553.23,5
TRIP09773,USER1574,London,01-01-2025,21-01-2025,Family,Cruise,4,4497.72,8
TRIP09774,USER3830,Paris,08-03-2025,04-04-2025,Leisure,Train,2,3923.3,5
TRIP09775,USER5961,Barcelona,23-05-2024,24-01-2025,Business,Train,5,2089,6
TRIP09776,USER2475,Paris,31-05-2024,04-03-2025,Adventure,Bus,5,3081.01,3
TRIP09777,USER5725,Dubai,21-11-2024,20-03-2025,Beach,Flight,4,3015.87,2
TRIP09778,USER1333,Istanbul,02-10-2024,31-01-2025,Leisure,Train,3,3019.18,3
TRIP09779,USER9676,Rome,18-10-2024,11-11-2024,Business,Train,3,4843.89,5
TRIP09780,USER8171,Paris,23-02-2025,18-03-2025,Adventure,Bus,4,4781.5,10
TRIP09781,USER6416,Dubai,22-03-2024,31-10-2024,Beach,Flight,2,1883.48,8
TRIP09782,USER1370,London,10-02-2025,04-04-2025,Cultural,Car,2,4425.85,10
TRIP09783,USER4716,Rome,28-01-2025,10-04-2025,Adventure,Bus,3,1522.86,7
TRIP09784,USER3498,Rome,15-02-2025,08-03-2025,Adventure,Car,3,4602.08,10
TRIP09785,USER8766,Paris,30-07-2024,31-08-2024,Beach,Train,1,4369.93,8
TRIP09786,USER6820,Istanbul,16-01-2025,18-02-2025,Cultural,Train,1,2516.44,10
TRIP09787,USER5411,New York,17-07-2024,09-01-2025,Adventure,Car,4,1745.43,2
TRIP09788,USER1199,Rome,11-07-2024,21-02-2025,Business,Flight,2,1059.1,5
TRIP09789,USER2907,Istanbul,02-09-2024,12-02-2025,Family,Bus,5,3055.04,5
TRIP09790,USER5942,New York,06-06-2024,13-12-2024,Cultural,Flight,3,2412.61,10
TRIP09791,USER5337,Rome,01-10-2024,17-01-2025,Leisure,Cruise,3,786.07,7
TRIP09792,USER1122,Rome,16-06-2024,15-04-2025,Adventure,Flight,2,2436.74,7
TRIP09793,USER7849,Dubai,25-06-2024,25-02-2025,Cultural,Cruise,5,1936.25,9
TRIP09794,USER3912,Bangkok,22-03-2024,11-03-2025,Leisure,Flight,5,4899.81,9
TRIP09795,USER8336,New York,13-03-2025,30-03-2025,Family,Car,3,864.1,6
TRIP09796,USER6355,London,18-04-2024,04-02-2025,Family,Cruise,1,4414.79,8
TRIP09797,USER7907,Istanbul,12-10-2024,12-04-2025,Family,Train,5,2094.28,8
TRIP09798,USER4190,Rome,08-11-2024,03-01-2025,Leisure,Flight,4,3774.58,10
TRIP09799,USER3605,London,10-01-2025,01-03-2025,Adventure,Cruise,2,4264.94,6
TRIP09800,USER3840,Barcelona,31-08-2024,21-01-2025,Adventure,Bus,4,4407.42,3
TRIP09801,USER6632,Dubai,18-04-2024,17-03-2025,Beach,Car,1,2917.09,2
TRIP09802,USER2501,Paris,14-09-2024,01-01-2025,Adventure,Car,3,4083.53,6
TRIP09803,USER1787,Barcelona,03-06-2024,28-01-2025,Beach,Train,3,1213.12,8
TRIP09804,USER9670,Bangkok,22-03-2024,07-04-2025,Family,Car,4,2927.71,7
TRIP09805,USER5074,Barcelona,09-05-2024,04-02-2025,Leisure,Flight,1,2889.82,2
TRIP09806,USER3217,Dubai,24-05-2024,08-06-2024,Business,Cruise,2,4547.51,5
TRIP09807,USER5630,Bangkok,05-01-2025,24-01-2025,Family,Flight,1,4707.35,1
TRIP09808,USER7420,Rome,26-10-2024,07-02-2025,Adventure,Cruise,4,3762.22,9
TRIP09809,USER5956,Istanbul,07-01-2025,21-03-2025,Leisure,Cruise,3,2619.47,3
TRIP09810,USER9614,London,25-04-2024,15-08-2024,Adventure,Car,4,1001.5,1
TRIP09811,USER6078,New York,29-06-2024,02-07-2024,Adventure,Car,5,1245.12,8
TRIP09812,USER6988,London,07-07-2024,07-10-2024,Beach,Car,4,3171.23,2
TRIP09813,USER5141,Istanbul,29-08-2024,12-11-2024,Adventure,Cruise,1,662.28,6
TRIP09814,USER1118,London,08-12-2024,06-02-2025,Beach,Flight,2,1549.56,4
TRIP09815,USER2160,New York,04-01-2025,15-03-2025,Cultural,Train,4,3795.31,10
TRIP09816,USER4852,New York,18-04-2024,25-03-2025,Family,Bus,2,1156.33,4
TRIP09817,USER1110,Bangkok,14-01-2025,27-03-2025,Cultural,Train,3,4443.62,6
TRIP09818,USER3645,Barcelona,25-09-2024,26-11-2024,Family,Bus,2,1562.64,7
TRIP09819,USER9733,Rome,13-08-2024,05-09-2024,Business,Flight,5,3121.97,9
TRIP09820,USER8630,Tokyo,10-04-2024,29-01-2025,Business,Flight,2,1393.63,5
TRIP09821,USER4579,Tokyo,11-08-2024,14-03-2025,Leisure,Car,5,2439.13,4
TRIP09822,USER8492,Barcelona,14-04-2024,15-11-2024,Business,Flight,3,3019.05,5
TRIP09823,USER3450,Istanbul,27-06-2024,01-04-2025,Business,Train,5,1856.6,1
TRIP09824,USER5659,Rome,16-01-2025,09-03-2025,Cultural,Bus,1,1269.58,7
TRIP09825,USER6013,New York,03-11-2024,03-04-2025,Business,Car,1,1172.29,4
TRIP09826,USER6602,New York,06-05-2024,03-08-2024,Beach,Train,2,1313.7,5
TRIP09827,USER2522,Tokyo,23-07-2024,14-02-2025,Family,Car,5,1044.04,9
TRIP09828,USER5488,New York,19-01-2025,21-01-2025,Family,Bus,5,992.91,10
TRIP09829,USER1954,London,16-03-2024,20-12-2024,Cultural,Bus,1,2518.8,4
TRIP09830,USER1374,Tokyo,02-04-2024,12-08-2024,Beach,Train,2,2277.19,8
TRIP09831,USER4937,London,09-03-2025,28-03-2025,Business,Bus,2,2997.01,1
TRIP09832,USER1143,Barcelona,29-01-2025,08-02-2025,Cultural,Train,2,2461.74,5
TRIP09833,USER9594,London,01-03-2025,06-04-2025,Beach,Car,5,3448.14,6
TRIP09834,USER6043,Barcelona,01-02-2025,26-02-2025,Adventure,Cruise,4,1426.44,4
TRIP09835,USER3855,Rome,21-05-2024,06-01-2025,Adventure,Bus,5,527.39,8
TRIP09836,USER6992,Bangkok,19-06-2024,27-09-2024,Leisure,Cruise,1,4436.95,5
TRIP09837,USER6721,Barcelona,01-10-2024,19-10-2024,Beach,Bus,3,4211.56,1
TRIP09838,USER8766,Bangkok,04-05-2024,30-05-2024,Business,Car,1,1539.42,10
TRIP09839,USER3340,New York,11-07-2024,09-10-2024,Adventure,Car,5,2664.61,5
TRIP09840,USER7861,New York,07-06-2024,24-10-2024,Family,Flight,4,2627.25,7
TRIP09841,USER2577,New York,01-10-2024,13-03-2025,Cultural,Flight,5,2436.97,5
TRIP09842,USER5168,Rome,10-08-2024,11-03-2025,Cultural,Train,2,2200.46,3
TRIP09843,USER3682,Istanbul,29-10-2024,24-01-2025,Beach,Train,3,3438.62,8
TRIP09844,USER9765,Dubai,19-07-2024,19-03-2025,Family,Car,3,3877.47,1
TRIP09845,USER4194,Tokyo,22-11-2024,30-12-2024,Business,Cruise,1,2043.3,6
TRIP09846,USER6737,Dubai,10-06-2024,29-11-2024,Leisure,Cruise,2,3642.94,2
TRIP09847,USER1643,Dubai,18-10-2024,24-02-2025,Family,Flight,5,534.21,9
TRIP09848,USER7792,Paris,13-01-2025,14-03-2025,Beach,Cruise,5,4986.17,10
TRIP09849,USER3960,Dubai,03-03-2025,31-03-2025,Beach,Car,4,2851.96,5
TRIP09850,USER9634,Sydney,16-06-2024,17-08-2024,Family,Flight,2,4886.77,3
TRIP09851,USER9720,Bangkok,02-02-2025,16-03-2025,Cultural,Cruise,2,3066.67,5
TRIP09853,USER8127,New York,20-07-2024,28-02-2025,Family,Car,2,1173.66,2
TRIP09854,USER5789,Bangkok,13-09-2024,11-01-2025,Family,Car,3,1491.16,9
TRIP09855,USER4884,New York,20-12-2024,24-03-2025,Beach,Cruise,1,4360.39,9
TRIP09856,USER7427,Dubai,30-08-2024,11-01-2025,Family,Flight,1,3272.47,1
TRIP09857,USER7831,Tokyo,07-04-2024,22-09-2024,Adventure,Cruise,5,2785.39,4
TRIP09858,USER9494,Bangkok,18-08-2024,16-10-2024,Beach,Flight,2,1239.38,7
TRIP09859,USER7294,Sydney,14-05-2024,15-02-2025,Family,Car,3,4112.07,4
TRIP09860,USER7444,Rome,10-12-2024,15-04-2025,Family,Train,3,3911.97,5
TRIP09861,USER3229,Tokyo,05-01-2025,12-02-2025,Adventure,Flight,5,2650.78,1
TRIP09862,USER5339,Dubai,02-04-2024,17-09-2024,Adventure,Flight,4,784.39,8
TRIP09863,USER9568,Istanbul,21-01-2025,18-02-2025,Adventure,Flight,5,4708.96,10
TRIP09864,USER3888,Bangkok,23-01-2025,29-01-2025,Family,Cruise,1,579.43,8
TRIP09866,USER1648,Tokyo,28-04-2024,15-04-2025,Leisure,Bus,4,1692.47,8
TRIP09867,USER1898,Tokyo,28-07-2024,12-08-2024,Leisure,Bus,3,2016.93,4
TRIP09868,USER3795,Paris,11-06-2024,01-08-2024,Leisure,Bus,1,4863.02,4
TRIP09869,USER6003,Paris,06-06-2024,09-10-2024,Cultural,Flight,4,2290.75,4
TRIP09870,USER2450,Tokyo,20-12-2024,09-01-2025,Beach,Car,1,3073.06,2
TRIP09871,USER9219,Istanbul,28-04-2024,19-08-2024,Beach,Car,5,2753.43,9
TRIP09872,USER4024,Sydney,24-09-2024,03-03-2025,Adventure,Car,2,631.04,5
TRIP09873,USER8570,Dubai,17-12-2024,01-04-2025,Family,Flight,2,3231.07,5
TRIP09874,USER7616,Barcelona,26-12-2024,16-03-2025,Business,Flight,1,4107.91,6
TRIP09875,USER8528,Tokyo,08-12-2024,18-01-2025,Leisure,Train,2,707.88,2
TRIP09876,USER2984,Barcelona,12-07-2024,11-11-2024,Leisure,Train,1,2963.55,4
TRIP09877,USER5039,London,17-12-2024,13-03-2025,Beach,Train,5,1968.46,8
TRIP09878,USER3360,Istanbul,12-07-2024,27-11-2024,Beach,Bus,4,4042.81,9
TRIP09879,USER6477,Barcelona,04-02-2025,12-03-2025,Family,Flight,4,1310.51,10
TRIP09880,USER2505,Tokyo,24-06-2024,12-07-2024,Leisure,Car,5,1812.24,6
TRIP09881,USER6372,Paris,10-07-2024,25-07-2024,Leisure,Train,1,3356.11,10
TRIP09882,USER4902,Barcelona,10-11-2024,04-04-2025,Cultural,Flight,1,2826.58,1
TRIP09883,USER6261,Paris,02-06-2024,03-02-2025,Adventure,Cruise,5,1378.99,3
TRIP09884,USER4095,Paris,11-02-2025,13-03-2025,Business,Flight,4,581.34,2
TRIP09885,USER6917,Dubai,09-04-2024,30-10-2024,Leisure,Train,1,2183.06,7
TRIP09886,USER2796,London,02-12-2024,27-03-2025,Adventure,Car,4,4958.09,10
TRIP09887,USER8431,Sydney,25-11-2024,28-12-2024,Beach,Cruise,4,3865.55,8
TRIP09888,USER5691,Bangkok,10-05-2024,06-10-2024,Business,Train,5,3722.17,3
TRIP09889,USER8740,Rome,24-07-2024,25-11-2024,Leisure,Car,5,1033.37,7
TRIP09890,USER6910,New York,04-12-2024,09-03-2025,Adventure,Car,3,4893.61,1
TRIP09891,USER9817,New York,02-02-2025,08-02-2025,Beach,Cruise,4,693.18,7
TRIP09892,USER5868,Bangkok,01-09-2024,07-09-2024,Adventure,Bus,4,1256.45,3
TRIP09893,USER9065,London,01-02-2025,19-03-2025,Cultural,Car,5,3940.72,3
TRIP09894,USER2100,London,30-09-2024,31-03-2025,Adventure,Bus,1,1421.43,6
TRIP09895,USER1003,Tokyo,18-04-2024,05-02-2025,Beach,Cruise,2,2083.88,8
TRIP09896,USER8388,New York,26-09-2024,24-10-2024,Family,Bus,5,3911.94,7
TRIP09897,USER7333,Istanbul,24-04-2024,17-06-2024,Cultural,Train,2,4415.5,8
TRIP09898,USER5116,Tokyo,17-09-2024,19-03-2025,Cultural,Car,2,4826.83,1
TRIP09899,USER7136,Bangkok,10-10-2024,12-03-2025,Leisure,Cruise,1,1073.24,9
TRIP09900,USER5295,Paris,06-04-2024,21-07-2024,Business,Train,3,909.43,10
TRIP09901,USER3412,Rome,01-03-2025,28-03-2025,Beach,Bus,1,908.98,8
TRIP09902,USER6451,London,09-01-2025,31-03-2025,Leisure,Flight,3,2795.7,3
TRIP09903,USER9762,London,18-06-2024,24-11-2024,Family,Car,5,1986.42,8
TRIP09904,USER5264,New York,02-02-2025,27-03-2025,Family,Bus,2,2513.53,6
TRIP09905,USER9472,New York,18-09-2024,19-12-2024,Family,Train,1,2054.78,1
TRIP09906,USER4326,Paris,17-08-2024,16-12-2024,Leisure,Train,3,2650.17,4
TRIP09907,USER8772,Bangkok,30-09-2024,07-12-2024,Cultural,Cruise,4,2706.97,10
TRIP09908,USER8798,Tokyo,16-01-2025,28-03-2025,Adventure,Car,1,4690.39,4
TRIP09909,USER7422,Bangkok,11-12-2024,09-03-2025,Business,Car,2,4313.07,2
TRIP09910,USER5300,Bangkok,19-05-2024,07-10-2024,Family,Flight,2,2733.57,10
TRIP09911,USER5263,Rome,23-01-2025,07-03-2025,Adventure,Cruise,5,2027.03,7
TRIP09912,USER5489,Istanbul,04-08-2024,23-01-2025,Cultural,Flight,4,2000.75,7
TRIP09913,USER4356,Barcelona,29-11-2024,05-01-2025,Business,Train,1,1679.34,7
TRIP09914,USER6784,London,30-03-2024,01-10-2024,Cultural,Bus,2,2148.27,4
TRIP09915,USER9064,London,05-11-2024,29-01-2025,Beach,Train,4,2072.4,4
TRIP09916,USER9432,Dubai,11-05-2024,24-05-2024,Adventure,Train,3,3683.68,9
TRIP09917,USER1493,Dubai,12-01-2025,26-02-2025,Cultural,Flight,1,2469.2,6
TRIP09918,USER4315,Sydney,06-11-2024,26-12-2024,Leisure,Flight,5,2662.03,1
TRIP09919,USER9419,Sydney,15-05-2024,24-01-2025,Cultural,Flight,5,765.2,1
TRIP09920,USER8857,Rome,03-02-2025,31-03-2025,Adventure,Bus,2,3110.41,8
TRIP09921,USER7174,Paris,05-12-2024,02-01-2025,Leisure,Bus,4,770.19,1
TRIP09922,USER7391,Sydney,23-04-2024,24-11-2024,Adventure,Car,4,4959.39,10
TRIP09923,USER6876,Tokyo,19-06-2024,01-07-2024,Adventure,Bus,1,3171.69,6
TRIP09925,USER5907,Istanbul,01-08-2024,18-03-2025,Business,Train,3,4009,9
TRIP09926,USER3676,Sydney,01-11-2024,03-12-2024,Adventure,Bus,3,1838.52,4
TRIP09927,USER7295,Istanbul,26-09-2024,19-02-2025,Cultural,Car,4,4183.9,2
TRIP09928,USER2950,Barcelona,02-09-2024,19-02-2025,Leisure,Flight,2,4665.98,10
TRIP09929,USER2579,New York,11-04-2024,12-05-2024,Beach,Train,1,778.58,1
TRIP09930,USER8302,Barcelona,18-11-2024,02-03-2025,Beach,Flight,1,4639.93,2
TRIP09931,USER4214,Dubai,06-02-2025,16-03-2025,Adventure,Cruise,3,2212.68,1
TRIP09932,USER4546,Barcelona,17-09-2024,04-02-2025,Family,Cruise,3,1047.01,7
TRIP09933,USER7595,Bangkok,25-03-2024,04-12-2024,Adventure,Bus,4,1942.4,8
TRIP09934,USER6513,Paris,12-12-2024,26-02-2025,Adventure,Car,3,2724.37,5
TRIP09935,USER8754,Bangkok,25-12-2024,31-03-2025,Business,Car,5,4718.2,3
TRIP09936,USER2739,Tokyo,01-11-2024,01-03-2025,Beach,Flight,5,3083.48,8
TRIP09937,USER5151,Paris,10-04-2024,02-11-2024,Family,Bus,3,1487.98,10
TRIP09938,USER2179,New York,25-09-2024,22-01-2025,Family,Train,5,2503.55,5
TRIP09939,USER1576,Tokyo,10-03-2025,30-03-2025,Business,Bus,2,2021.84,10
TRIP09940,USER7851,Bangkok,08-09-2024,17-03-2025,Business,Train,2,4892.17,2
TRIP09941,USER9774,Bangkok,23-12-2024,14-02-2025,Family,Cruise,3,2280.2,9
TRIP09942,USER1212,Tokyo,22-09-2024,12-02-2025,Adventure,Car,2,554.03,10
TRIP09943,USER6266,Tokyo,21-05-2024,26-11-2024,Cultural,Flight,2,877.52,9
TRIP09944,USER6013,Rome,08-04-2024,21-04-2024,Beach,Flight,2,3582.82,10
TRIP09945,USER3334,Istanbul,05-11-2024,28-01-2025,Beach,Train,2,3556.01,7
TRIP09946,USER7532,Istanbul,22-06-2024,13-04-2025,Cultural,Bus,3,1653.83,7
TRIP09947,USER2457,New York,01-01-2025,19-01-2025,Business,Flight,1,3523.17,4
TRIP09948,USER3167,Tokyo,16-03-2025,31-03-2025,Family,Train,1,2821.84,7
TRIP09949,USER2748,Sydney,16-04-2024,07-03-2025,Adventure,Cruise,3,1802.15,4
TRIP09950,USER7377,Barcelona,21-07-2024,16-08-2024,Cultural,Cruise,5,2591.24,8
TRIP09951,USER8643,Rome,03-11-2024,30-12-2024,Cultural,Train,3,2679.42,4
TRIP09952,USER3514,Dubai,26-01-2025,11-02-2025,Business,Flight,2,2688.76,3
TRIP09953,USER3816,London,23-04-2024,08-07-2024,Adventure,Flight,4,2790.13,9
TRIP09954,USER8928,Rome,05-10-2024,28-11-2024,Cultural,Train,1,3805.05,1
TRIP09955,USER1294,Paris,28-12-2024,16-02-2025,Leisure,Bus,5,3037.9,10
TRIP09956,USER8079,Barcelona,02-10-2024,25-10-2024,Cultural,Cruise,1,1547.97,5
TRIP09957,USER7678,Paris,09-05-2024,21-07-2024,Cultural,Flight,1,1675.65,10
TRIP09958,USER8512,Tokyo,12-10-2024,04-11-2024,Beach,Car,1,2640.83,3
TRIP09959,USER7500,Dubai,25-04-2024,29-01-2025,Family,Car,2,3877.85,1
TRIP09960,USER2491,Paris,30-08-2024,20-12-2024,Cultural,Train,4,4820.58,4
TRIP09961,USER7957,Rome,10-03-2025,11-03-2025,Leisure,Cruise,3,1132.67,9
TRIP09962,USER3362,Rome,22-03-2024,29-11-2024,Business,Cruise,4,2579.24,7
TRIP09963,USER9237,Rome,08-07-2024,18-01-2025,Leisure,Cruise,5,4518.11,7
TRIP09964,USER6571,London,05-04-2024,29-08-2024,Leisure,Car,5,4803.53,10
TRIP09965,USER4051,Barcelona,11-07-2024,03-11-2024,Family,Car,3,1925.55,1
TRIP09966,USER4821,Paris,18-07-2024,07-04-2025,Cultural,Train,4,3344.47,10
TRIP09967,USER9835,Bangkok,05-08-2024,01-03-2025,Family,Cruise,3,2830.79,10
TRIP09968,USER1392,Istanbul,24-01-2025,07-03-2025,Beach,Cruise,1,3539.16,2
TRIP09969,USER7531,Sydney,13-10-2024,30-03-2025,Beach,Flight,1,2361.03,6
TRIP09970,USER2340,Barcelona,17-12-2024,04-01-2025,Adventure,Car,5,3801.85,3
TRIP09971,USER5470,Rome,17-06-2024,18-06-2024,Beach,Flight,3,4693.39,6
TRIP09972,USER2408,Paris,27-03-2024,07-12-2024,Family,Bus,4,3667.92,1
TRIP09973,USER4355,Paris,01-04-2024,22-11-2024,Family,Flight,2,4757.14,8
TRIP09974,USER7881,New York,31-08-2024,04-12-2024,Adventure,Car,5,3561.99,3
TRIP09975,USER9322,London,04-03-2025,04-03-2025,Adventure,Car,5,4403.16,3
TRIP09976,USER4148,Sydney,19-03-2024,23-03-2024,Cultural,Cruise,4,546.14,4
TRIP09977,USER3184,London,25-10-2024,01-04-2025,Business,Bus,1,1703.82,4
TRIP09978,USER7202,New York,08-04-2024,02-02-2025,Beach,Bus,3,3404.35,10
TRIP09979,USER2470,Barcelona,30-03-2024,21-03-2025,Beach,Flight,2,4951.95,6
TRIP09980,USER6882,Dubai,16-03-2025,11-04-2025,Adventure,Flight,2,3178.03,7
TRIP09981,USER6983,Tokyo,13-10-2024,11-11-2024,Leisure,Bus,4,4630.64,6
TRIP09982,USER7193,New York,25-03-2024,05-12-2024,Cultural,Train,1,3221.42,9
TRIP09984,USER8786,Dubai,19-02-2025,24-02-2025,Beach,Train,5,4077.67,6
TRIP09985,USER8075,Rome,06-07-2024,03-09-2024,Beach,Flight,4,4015.42,3
TRIP09986,USER7362,London,23-02-2025,13-03-2025,Adventure,Cruise,5,4714.87,10
TRIP09987,USER3297,Barcelona,03-05-2024,10-03-2025,Beach,Flight,3,674.35,7
TRIP09988,USER4934,Paris,13-07-2024,07-12-2024,Business,Cruise,1,2140.97,5
TRIP09989,USER7363,Tokyo,02-09-2024,24-10-2024,Leisure,Car,1,2750.07,7
TRIP09990,USER5010,Sydney,24-08-2024,19-11-2024,Adventure,Car,1,3989.87,8
TRIP09991,USER6484,Bangkok,02-01-2025,19-01-2025,Adventure,Bus,1,661.96,2
TRIP09992,USER4293,Bangkok,30-06-2024,28-10-2024,Business,Bus,2,4507.22,7
TRIP09993,USER8767,Barcelona,23-04-2024,26-01-2025,Business,Cruise,3,1120.97,2
TRIP09994,USER3385,Sydney,01-03-2025,04-04-2025,Adventure,Bus,4,2949.35,1
TRIP09995,USER8616,London,30-09-2024,25-12-2024,Family,Train,5,2684.85,6
TRIP09996,USER9567,New York,02-08-2024,24-08-2024,Adventure,Cruise,2,2125.84,2
TRIP09997,USER3420,Dubai,27-01-2025,08-04-2025,Business,Bus,2,1194.45,10
TRIP09998,USER9833,Rome,06-01-2025,07-01-2025,Leisure,Train,1,2034.59,1
TRIP09999,USER7949,Bangkok,24-12-2024,11-01-2025,Family,Train,4,3602.57,6
TRIP10000,USER4577,Tokyo,16-04-2024,28-11-2024,Cultural,Train,3,2113.51,1
TRIP10001,USER8235,London,15-11-2024,10-03-2025,Family,Flight,1,4340.48,1
TRIP10002,USER5121,Tokyo,21-07-2024,22-10-2024,Family,Train,1,2978.77,6
TRIP10003,USER6826,Barcelona,18-10-2024,01-02-2025,Business,Train,5,3594.75,9
TRIP10004,USER8852,Sydney,20-08-2024,09-11-2024,Cultural,Car,3,1199.83,3
TRIP10005,USER8274,Barcelona,16-04-2024,21-08-2024,Leisure,Car,5,4839.67,8
TRIP10006,USER7740,Istanbul,29-10-2024,04-11-2024,Beach,Car,1,3759.02,4
TRIP10007,USER6284,Tokyo,02-09-2024,11-02-2025,Beach,Train,1,4022.13,2
TRIP10008,USER6544,Tokyo,17-12-2024,11-02-2025,Beach,Bus,5,970.13,10
TRIP10009,USER5880,Tokyo,12-02-2025,03-04-2025,Cultural,Car,2,933.11,2
TRIP10010,USER1820,Tokyo,06-08-2024,14-01-2025,Leisure,Train,5,4740.58,8
TRIP10011,USER1180,Dubai,25-03-2024,29-12-2024,Beach,Cruise,3,2107.03,2
TRIP10012,USER7145,Barcelona,27-02-2025,10-03-2025,Family,Bus,1,4584.05,10
TRIP10013,USER4135,Sydney,27-11-2024,12-12-2024,Family,Cruise,2,4935.54,1
TRIP10014,USER3543,Bangkok,15-06-2024,10-04-2025,Adventure,Car,2,3971.15,7
TRIP10015,USER2887,Sydney,04-09-2024,15-12-2024,Beach,Cruise,4,1200.81,9
TRIP10016,USER8868,Paris,26-01-2025,28-02-2025,Adventure,Cruise,1,2541.31,3
TRIP10017,USER4309,Barcelona,28-07-2024,22-12-2024,Adventure,Flight,5,2169.09,4
TRIP10018,USER7309,Bangkok,16-03-2025,12-04-2025,Business,Train,3,1345.79,7
TRIP10019,USER3305,London,07-09-2024,08-10-2024,Adventure,Flight,4,2247.66,10
TRIP10020,USER4044,London,10-05-2024,20-09-2024,Adventure,Flight,1,1178.46,9
TRIP10021,USER5506,Rome,23-07-2024,11-10-2024,Adventure,Car,3,2345.48,8
TRIP10022,USER4054,Barcelona,24-02-2025,02-04-2025,Family,Cruise,2,4343.87,6
TRIP10023,USER6852,New York,28-04-2024,02-07-2024,Leisure,Train,5,3302.48,4
TRIP10024,USER2179,Dubai,15-02-2025,24-02-2025,Adventure,Cruise,4,816.38,6
TRIP10025,USER5636,Paris,24-08-2024,21-09-2024,Beach,Cruise,3,1752.71,7
TRIP10026,USER9773,Tokyo,01-11-2024,27-12-2024,Leisure,Car,2,3684.5,8
TRIP10027,USER5756,New York,15-03-2025,22-03-2025,Beach,Flight,1,3046.17,4
TRIP10028,USER6517,Bangkok,04-04-2024,28-09-2024,Cultural,Bus,4,1046.61,5
TRIP10029,USER3478,Barcelona,11-07-2024,27-07-2024,Family,Bus,2,4563.54,1
TRIP10030,USER1005,Rome,23-05-2024,08-02-2025,Adventure,Cruise,2,1251.26,5
TRIP10031,USER3953,Rome,06-05-2024,06-09-2024,Leisure,Flight,4,823.92,7
TRIP10032,USER6458,Bangkok,15-03-2025,16-03-2025,Family,Cruise,1,3680.07,7
TRIP10033,USER3119,Tokyo,29-01-2025,08-03-2025,Leisure,Cruise,2,4744.12,6
TRIP10034,USER4470,Paris,24-04-2024,25-06-2024,Cultural,Flight,5,3299.01,1
TRIP10035,USER3291,Sydney,03-09-2024,22-12-2024,Cultural,Train,3,3840.08,6
TRIP10036,USER4933,Barcelona,08-09-2024,06-02-2025,Beach,Cruise,3,4604.65,1
TRIP10037,USER8840,Tokyo,19-03-2024,19-10-2024,Adventure,Flight,3,2468.54,6
TRIP10038,USER1422,New York,24-02-2025,22-03-2025,Beach,Train,1,1830.43,8
TRIP10039,USER3987,Dubai,24-04-2024,10-03-2025,Business,Train,2,3540.22,9
TRIP10040,USER1481,New York,20-04-2024,24-05-2024,Business,Cruise,4,4073.5,1
TRIP10041,USER5569,Tokyo,15-12-2024,10-02-2025,Business,Train,2,527.99,2
TRIP10042,USER6334,Paris,05-07-2024,22-12-2024,Beach,Bus,5,1464.73,3
TRIP10043,USER2082,Sydney,05-11-2024,11-01-2025,Adventure,Bus,5,2114.51,1
TRIP10044,USER4861,Bangkok,23-10-2024,09-01-2025,Business,Flight,3,4028.88,2
TRIP10045,USER9613,Tokyo,15-07-2024,13-01-2025,Business,Bus,1,3221.39,1
TRIP10046,USER2589,Tokyo,26-05-2024,20-01-2025,Adventure,Bus,3,1077.07,2
TRIP10047,USER9726,London,07-01-2025,23-03-2025,Beach,Cruise,3,2290.53,8
TRIP10048,USER7390,Istanbul,05-08-2024,19-12-2024,Leisure,Car,5,1686.04,5
TRIP10049,USER6086,Istanbul,12-02-2025,21-02-2025,Adventure,Bus,2,544.81,3
TRIP10050,USER3997,Paris,31-08-2024,14-04-2025,Family,Cruise,1,2722.1,7
TRIP10051,USER2711,Tokyo,15-01-2025,30-01-2025,Cultural,Train,3,1598.35,4
TRIP10052,USER1487,Paris,14-10-2024,12-02-2025,Business,Train,3,1077.91,3
TRIP10053,USER2681,New York,18-01-2025,28-01-2025,Family,Car,4,1567.58,4
TRIP10054,USER7892,Sydney,30-12-2024,02-02-2025,Leisure,Train,3,2281.04,2
TRIP10055,USER3504,Tokyo,30-05-2024,21-01-2025,Cultural,Cruise,2,2860.47,3
TRIP10056,USER1531,Sydney,26-08-2024,07-04-2025,Cultural,Flight,4,1589.18,1
TRIP10057,USER6754,London,19-09-2024,08-03-2025,Family,Flight,5,2660.43,4
TRIP10058,USER6529,Bangkok,29-04-2024,21-11-2024,Adventure,Car,1,4447.08,8
TRIP10059,USER9972,Tokyo,15-08-2024,08-12-2024,Cultural,Cruise,2,2084.62,9
TRIP10060,USER6497,Tokyo,21-07-2024,21-09-2024,Adventure,Car,1,3027.53,6
TRIP10061,USER3061,Paris,29-12-2024,06-01-2025,Leisure,Flight,3,3650.31,4
TRIP10062,USER3989,London,07-09-2024,14-09-2024,Leisure,Cruise,5,2055.31,2
TRIP10063,USER1261,Bangkok,09-03-2025,24-03-2025,Leisure,Car,2,3955.37,5
TRIP10064,USER3593,New York,06-12-2024,03-02-2025,Business,Train,3,4939.85,8
TRIP10065,USER9583,Istanbul,20-05-2024,26-03-2025,Cultural,Bus,1,3746.88,5
TRIP10066,USER6163,Sydney,12-10-2024,05-03-2025,Adventure,Car,2,3980.46,2
TRIP10067,USER8195,Istanbul,01-02-2025,11-03-2025,Business,Bus,4,1705.1,7
TRIP10068,USER6902,Istanbul,18-02-2025,14-04-2025,Beach,Bus,1,2509.76,2
TRIP10069,USER7529,Dubai,17-10-2024,12-02-2025,Leisure,Flight,3,3008.31,2
TRIP10070,USER9138,New York,24-08-2024,30-11-2024,Adventure,Bus,2,4284.45,1
TRIP10071,USER6475,Istanbul,26-02-2025,13-04-2025,Beach,Train,1,3886.84,3
TRIP10072,USER8307,Barcelona,27-06-2024,13-07-2024,Business,Flight,4,2356.06,5
TRIP10073,USER9588,Paris,26-11-2024,23-03-2025,Beach,Cruise,3,845.84,9
TRIP10074,USER2324,Dubai,16-08-2024,03-09-2024,Leisure,Bus,2,2030.65,7
TRIP10075,USER2858,Barcelona,09-03-2025,26-03-2025,Family,Train,1,3398.42,3
TRIP10076,USER7882,Dubai,27-06-2024,10-08-2024,Family,Train,1,3501.16,3
TRIP10077,USER5692,Bangkok,17-08-2024,23-02-2025,Beach,Train,2,1269.3,8
TRIP10078,USER9564,Sydney,30-03-2024,02-03-2025,Adventure,Cruise,3,3956.63,8
TRIP10079,USER3495,Rome,01-09-2024,01-03-2025,Cultural,Bus,5,3499.95,9
TRIP10080,USER4553,London,26-04-2024,04-05-2024,Business,Flight,5,3870.74,1
TRIP10081,USER8688,Bangkok,08-01-2025,15-03-2025,Leisure,Cruise,5,916.79,7
TRIP10082,USER5710,Sydney,24-04-2024,24-07-2024,Adventure,Bus,2,670.93,10
TRIP10083,USER7413,Sydney,24-03-2024,29-04-2024,Cultural,Car,4,3012.68,10
TRIP10084,USER7376,Paris,28-08-2024,12-12-2024,Adventure,Flight,2,1576.54,6
TRIP10085,USER2170,Dubai,30-11-2024,17-03-2025,Beach,Cruise,1,3718.21,7
TRIP10086,USER1885,Dubai,06-03-2025,21-03-2025,Adventure,Train,1,3383.71,6
TRIP10087,USER7729,Bangkok,08-04-2024,22-05-2024,Family,Bus,2,2239.38,3
TRIP10088,USER1941,Barcelona,03-01-2025,11-02-2025,Business,Bus,3,3320.35,3
TRIP10089,USER7743,Paris,05-09-2024,21-03-2025,Beach,Train,1,1264.34,10
TRIP10090,USER9503,Bangkok,26-05-2024,13-06-2024,Beach,Bus,3,2344.88,6
TRIP10091,USER3989,Barcelona,12-11-2024,04-03-2025,Business,Car,4,1686.18,10
TRIP10092,USER8638,Tokyo,21-07-2024,12-11-2024,Adventure,Car,1,951.1,9
TRIP10093,USER6179,London,08-09-2024,12-09-2024,Family,Train,3,1399.21,2
TRIP10094,USER8314,London,16-04-2024,13-12-2024,Business,Car,3,764.45,1
TRIP10095,USER4790,Bangkok,07-02-2025,21-03-2025,Cultural,Bus,3,2968.1,1
TRIP10096,USER5264,Bangkok,16-04-2024,18-09-2024,Beach,Bus,1,2828.98,2
TRIP10097,USER5730,Sydney,21-02-2025,18-03-2025,Business,Flight,3,800.22,8
TRIP10098,USER7886,Dubai,22-11-2024,24-12-2024,Cultural,Flight,2,583.89,5
TRIP10099,USER6374,Tokyo,06-05-2024,04-02-2025,Business,Flight,4,4665.44,7
TRIP10100,USER5215,Barcelona,15-01-2025,23-03-2025,Beach,Flight,1,984.55,10
TRIP10101,USER2475,Bangkok,08-01-2025,26-02-2025,Leisure,Flight,5,2502.29,2
TRIP10102,USER1310,Bangkok,16-03-2025,20-03-2025,Leisure,Train,2,3291.95,4
TRIP10103,USER9067,Barcelona,07-11-2024,02-01-2025,Beach,Cruise,3,2416.19,9
TRIP10104,USER4877,Paris,11-09-2024,23-01-2025,Cultural,Train,3,2850.18,8
TRIP10105,USER2805,Barcelona,30-08-2024,26-01-2025,Leisure,Car,4,4883.05,8
TRIP10106,USER9025,Barcelona,14-01-2025,22-01-2025,Business,Bus,5,2925.37,7
TRIP10107,USER2755,Bangkok,07-06-2024,28-12-2024,Leisure,Train,5,554.8,2
TRIP10108,USER3222,Rome,07-07-2024,29-08-2024,Cultural,Bus,4,1101.23,6
TRIP10109,USER6613,Bangkok,12-10-2024,23-02-2025,Beach,Bus,3,4072.85,9
TRIP10110,USER4908,Rome,18-05-2024,20-12-2024,Cultural,Bus,4,1431.18,5
TRIP10111,USER4773,Paris,12-01-2025,02-02-2025,Leisure,Train,1,1297.4,4
TRIP10112,USER3123,London,23-10-2024,08-12-2024,Family,Train,1,4896.18,6
TRIP10113,USER6436,Istanbul,16-11-2024,28-02-2025,Business,Cruise,2,4728.66,2
TRIP10114,USER2232,Bangkok,17-11-2024,27-02-2025,Family,Flight,1,3370.16,6
TRIP10115,USER8927,Tokyo,18-11-2024,04-02-2025,Leisure,Cruise,3,1805.68,7
TRIP10116,USER1174,Sydney,07-11-2024,31-12-2024,Business,Car,4,3742.56,6
TRIP10117,USER8717,New York,13-07-2024,14-01-2025,Cultural,Car,5,1481.05,8
TRIP10118,USER9162,Sydney,11-05-2024,21-06-2024,Beach,Bus,1,1996.21,6
TRIP10119,USER4607,London,10-08-2024,03-10-2024,Family,Car,3,1540.1,10
TRIP10120,USER7672,Tokyo,10-04-2024,03-09-2024,Leisure,Car,1,2387.49,10
TRIP10122,USER6344,Istanbul,22-10-2024,08-02-2025,Leisure,Flight,2,4066.04,8
TRIP10123,USER4131,New York,09-02-2025,21-03-2025,Adventure,Car,5,4460.88,2
TRIP10124,USER6579,Istanbul,21-02-2025,05-03-2025,Family,Car,4,1108.96,7
TRIP10125,USER3038,Rome,25-09-2024,09-01-2025,Leisure,Train,3,2780.38,2
TRIP10126,USER5765,Istanbul,30-01-2025,25-03-2025,Adventure,Car,2,645.09,3
TRIP10127,USER6255,Istanbul,19-11-2024,25-01-2025,Beach,Train,1,3855.71,7
TRIP10128,USER8743,New York,08-01-2025,13-02-2025,Family,Bus,2,2408.68,2
TRIP10129,USER6596,New York,05-06-2024,21-01-2025,Business,Train,4,2323.74,1
TRIP10130,USER2902,Barcelona,15-07-2024,19-09-2024,Leisure,Bus,3,1652.97,6
TRIP10131,USER3220,Sydney,11-03-2025,12-04-2025,Family,Cruise,4,1532.91,5
TRIP10132,USER5817,Tokyo,06-03-2025,28-03-2025,Family,Flight,1,1296.93,2
TRIP10133,USER8348,Rome,04-12-2024,04-02-2025,Beach,Flight,5,1050.47,3
TRIP10134,USER4724,Paris,28-03-2024,13-08-2024,Business,Cruise,4,2416.08,7
TRIP10135,USER6840,Paris,22-01-2025,11-04-2025,Business,Car,5,4557.66,5
TRIP10136,USER3261,London,09-08-2024,07-10-2024,Leisure,Car,2,586.85,1
TRIP10137,USER3081,Istanbul,22-08-2024,22-12-2024,Business,Flight,2,1995.99,9
TRIP10138,USER3340,New York,06-06-2024,12-11-2024,Beach,Car,1,2098.46,1
TRIP10139,USER6671,Tokyo,07-07-2024,20-07-2024,Family,Car,3,1196.3,2
TRIP10140,USER1785,Dubai,09-01-2025,20-01-2025,Family,Cruise,2,2951.83,8
TRIP10141,USER5144,Sydney,17-03-2024,14-08-2024,Leisure,Flight,2,4654.7,9
TRIP10142,USER7887,Tokyo,19-03-2024,07-04-2024,Beach,Cruise,3,3542.18,5
TRIP10143,USER2705,Tokyo,30-11-2024,07-04-2025,Business,Train,2,4432.43,7
TRIP10144,USER4094,Dubai,14-05-2024,12-01-2025,Business,Flight,3,912.37,5
TRIP10145,USER6106,London,11-12-2024,09-02-2025,Leisure,Car,3,4422.75,10
TRIP10146,USER8674,Paris,28-12-2024,31-01-2025,Business,Car,5,823.57,8
TRIP10147,USER5282,Sydney,12-11-2024,02-03-2025,Leisure,Car,5,4279.23,8
TRIP10148,USER9119,Rome,26-02-2025,20-03-2025,Leisure,Flight,5,812.54,3
TRIP10149,USER2268,Barcelona,30-05-2024,20-06-2024,Beach,Flight,5,3102.51,6
TRIP10150,USER4020,Sydney,28-09-2024,29-12-2024,Adventure,Bus,5,1669.43,6
TRIP10151,USER5027,Dubai,31-10-2024,28-01-2025,Cultural,Flight,4,4815.15,2
TRIP10152,USER4538,Sydney,02-04-2024,04-12-2024,Leisure,Train,1,767.62,5
TRIP10153,USER2415,London,12-05-2024,05-07-2024,Family,Flight,1,2921.23,9
TRIP10154,USER1561,Tokyo,29-05-2024,15-11-2024,Leisure,Train,3,3781.41,3
TRIP10155,USER7300,Paris,12-05-2024,16-01-2025,Leisure,Car,1,1416.32,1
TRIP10156,USER9586,Istanbul,15-11-2024,14-03-2025,Leisure,Bus,1,2857.9,1
TRIP10157,USER8824,Istanbul,24-10-2024,05-12-2024,Adventure,Bus,2,597.5,1
TRIP10158,USER6423,Rome,11-08-2024,28-10-2024,Beach,Car,4,3881.13,9
TRIP10159,USER9295,New York,31-12-2024,13-01-2025,Business,Car,1,2282.66,4
TRIP10160,USER7052,London,02-07-2024,13-03-2025,Adventure,Flight,3,518.02,7
TRIP10161,USER8981,New York,04-12-2024,30-03-2025,Leisure,Flight,2,4834.84,7
TRIP10162,USER3012,Paris,04-08-2024,15-01-2025,Cultural,Bus,1,4098.16,1
TRIP10163,USER1188,Paris,20-09-2024,19-03-2025,Business,Flight,1,1565.58,10
TRIP10164,USER6997,Bangkok,26-08-2024,20-03-2025,Business,Train,5,1960.13,8
TRIP10165,USER1792,London,13-05-2024,21-01-2025,Adventure,Bus,4,3538.7,1
TRIP10166,USER3051,New York,25-03-2024,05-03-2025,Family,Bus,3,4111.97,1
TRIP10167,USER4471,Rome,01-05-2024,12-11-2024,Cultural,Train,5,4772.35,2
TRIP10168,USER2443,Sydney,12-09-2024,13-09-2024,Adventure,Train,4,3024.97,4
TRIP10169,USER4403,Sydney,03-08-2024,30-12-2024,Cultural,Car,1,3649.72,10
TRIP10170,USER6572,Paris,09-05-2024,09-10-2024,Adventure,Train,5,776.75,8
TRIP10171,USER6511,London,07-02-2025,12-04-2025,Cultural,Car,4,2059.25,10
TRIP10172,USER3753,Paris,18-09-2024,17-10-2024,Family,Flight,1,1113.72,10
TRIP10173,USER1770,New York,09-12-2024,12-04-2025,Cultural,Bus,3,1997.15,3
TRIP10174,USER5375,Sydney,07-06-2024,06-02-2025,Beach,Cruise,5,1569.53,10
TRIP10175,USER5209,Dubai,20-11-2024,21-03-2025,Leisure,Cruise,5,960.93,3
TRIP10176,USER1130,Sydney,01-08-2024,13-04-2025,Leisure,Cruise,4,3988.13,4
TRIP10177,USER8359,Barcelona,12-01-2025,03-04-2025,Business,Train,1,2234.07,7
TRIP10178,USER6735,New York,01-04-2024,07-02-2025,Adventure,Flight,2,2110.73,5
TRIP10179,USER1188,New York,21-01-2025,25-01-2025,Family,Train,3,2244.83,10
TRIP10180,USER1506,Dubai,26-03-2024,22-01-2025,Family,Cruise,5,2337.37,1
TRIP10181,USER3882,London,01-07-2024,31-10-2024,Adventure,Train,4,2319.84,6
TRIP10182,USER4230,Bangkok,28-07-2024,13-10-2024,Adventure,Flight,4,863.51,2
TRIP10183,USER6865,New York,03-07-2024,07-04-2025,Family,Cruise,3,4361.37,5
TRIP10184,USER8860,Istanbul,14-04-2024,05-01-2025,Beach,Cruise,2,1064.54,9
TRIP10185,USER4107,Tokyo,15-04-2024,18-11-2024,Adventure,Car,1,3060.97,10
TRIP10186,USER8015,Bangkok,18-08-2024,09-10-2024,Adventure,Cruise,2,521.11,6
TRIP10187,USER1824,Dubai,23-02-2025,07-04-2025,Adventure,Car,5,3852.29,1
TRIP10188,USER3047,Bangkok,17-06-2024,29-11-2024,Cultural,Car,1,2275.03,9
TRIP10189,USER2190,New York,06-07-2024,21-08-2024,Adventure,Car,3,2372.48,2
TRIP10190,USER3783,Bangkok,14-12-2024,28-02-2025,Cultural,Car,1,1474.35,1
TRIP10191,USER2231,Paris,09-11-2024,20-11-2024,Leisure,Cruise,1,3825.11,1
TRIP10192,USER3442,Tokyo,31-12-2024,23-02-2025,Cultural,Flight,3,3202.7,8
TRIP10193,USER9026,Paris,07-08-2024,27-08-2024,Business,Cruise,2,3269.36,4
TRIP10194,USER5751,London,25-02-2025,18-03-2025,Beach,Flight,2,3570.81,7
TRIP10195,USER7370,New York,26-05-2024,19-02-2025,Cultural,Train,5,1081.28,9
TRIP10196,USER9327,London,20-10-2024,22-03-2025,Business,Flight,1,1341.8,10
TRIP10197,USER8379,Istanbul,18-12-2024,09-02-2025,Cultural,Cruise,2,1611.35,7
TRIP10198,USER5835,Dubai,11-09-2024,06-01-2025,Leisure,Flight,4,2578.57,1
TRIP10199,USER1896,New York,03-05-2024,12-02-2025,Cultural,Bus,4,3272.6,8
TRIP10200,USER3175,Paris,05-10-2024,04-11-2024,Leisure,Bus,1,613.91,2
TRIP10201,USER9848,Rome,11-05-2024,24-01-2025,Adventure,Bus,5,3997.25,3
TRIP10202,USER9039,Dubai,06-08-2024,11-01-2025,Beach,Car,5,2246.27,5
TRIP10203,USER7870,Paris,13-06-2024,06-03-2025,Beach,Flight,2,1317.09,1
TRIP10204,USER5019,Dubai,02-06-2024,01-01-2025,Business,Cruise,4,1282.77,8
TRIP10205,USER6015,London,17-03-2024,20-01-2025,Leisure,Cruise,3,3740.76,7
TRIP10206,USER9836,Barcelona,14-02-2025,02-04-2025,Business,Flight,5,4581.76,9
TRIP10207,USER3217,Rome,05-02-2025,20-02-2025,Business,Train,4,3439.45,1
TRIP10208,USER8163,Paris,07-12-2024,07-03-2025,Adventure,Train,1,834.67,1
TRIP10209,USER7947,Sydney,07-01-2025,10-02-2025,Leisure,Flight,2,3068.68,3
TRIP10210,USER2289,Paris,07-06-2024,25-12-2024,Beach,Flight,4,3721.67,9
TRIP10211,USER3798,New York,28-01-2025,17-02-2025,Business,Flight,5,1772.58,5
TRIP10212,USER8916,Sydney,18-05-2024,12-12-2024,Cultural,Train,5,1620.3,10
TRIP10213,USER9634,Istanbul,18-02-2025,06-03-2025,Business,Train,5,1467.13,2
TRIP10214,USER7838,New York,18-04-2024,29-03-2025,Beach,Car,4,2449.96,6
TRIP10215,USER4569,London,29-04-2024,24-06-2024,Adventure,Car,2,3990.78,1
TRIP10216,USER9233,Sydney,04-06-2024,09-09-2024,Leisure,Cruise,5,795.97,5
TRIP10217,USER6552,Paris,19-09-2024,07-11-2024,Cultural,Bus,5,1891.62,7
TRIP10218,USER1414,Bangkok,25-09-2024,24-11-2024,Adventure,Train,3,2932.75,2
TRIP10219,USER8986,Tokyo,24-03-2024,22-09-2024,Business,Car,3,3984.56,8
TRIP10220,USER8720,Bangkok,27-07-2024,26-03-2025,Adventure,Flight,2,2641.34,8
TRIP10221,USER8339,Sydney,22-09-2024,08-02-2025,Business,Train,5,1018.32,1
TRIP10222,USER3104,New York,08-06-2024,01-01-2025,Business,Bus,1,3370.82,8
TRIP10223,USER8777,Rome,19-11-2024,09-01-2025,Adventure,Car,2,1060.43,9
TRIP10224,USER9932,Dubai,12-02-2025,13-04-2025,Beach,Flight,5,1460.82,9
TRIP10225,USER9376,London,29-01-2025,14-03-2025,Family,Flight,4,1610.02,4
TRIP10226,USER5616,Tokyo,30-05-2024,26-03-2025,Business,Bus,2,2659.67,1
TRIP10227,USER2734,Rome,07-08-2024,20-08-2024,Beach,Car,1,2545.75,9
TRIP10228,USER6562,Paris,29-05-2024,03-11-2024,Family,Cruise,2,1052.48,2
TRIP10229,USER8058,Paris,08-12-2024,25-01-2025,Cultural,Cruise,2,2088.96,2
TRIP10230,USER6290,Tokyo,28-03-2024,02-11-2024,Beach,Train,2,2958.42,10
TRIP10231,USER2846,Paris,02-01-2025,05-01-2025,Cultural,Bus,2,3513.27,1
TRIP10232,USER1742,Bangkok,30-01-2025,18-03-2025,Adventure,Bus,5,2592.01,9
TRIP10233,USER7579,Paris,29-11-2024,07-02-2025,Business,Bus,2,4838.75,3
TRIP10234,USER1895,Istanbul,14-10-2024,08-02-2025,Leisure,Car,3,812.79,6
TRIP10235,USER9303,Paris,10-02-2025,17-03-2025,Adventure,Bus,2,1818.02,10
TRIP10236,USER7096,Paris,13-04-2024,23-04-2024,Cultural,Cruise,1,2237.3,8
TRIP10237,USER2075,Istanbul,29-04-2024,27-11-2024,Adventure,Cruise,5,1963.3,2
TRIP10238,USER7754,London,15-04-2024,13-11-2024,Leisure,Bus,2,2460.06,8
TRIP10239,USER6481,Rome,09-01-2025,31-01-2025,Beach,Train,4,3151.33,8
TRIP10240,USER2308,Tokyo,31-12-2024,03-03-2025,Adventure,Car,5,1985.14,3
TRIP10241,USER3797,Dubai,16-07-2024,16-07-2024,Adventure,Car,5,531.9,3
TRIP10242,USER9158,London,03-10-2024,20-10-2024,Leisure,Flight,2,4461.96,8
TRIP10243,USER4220,Dubai,19-05-2024,11-11-2024,Cultural,Cruise,1,2788.7,10
TRIP10244,USER5475,Istanbul,20-11-2024,11-01-2025,Adventure,Car,2,1000.83,5
TRIP10245,USER7279,Barcelona,03-03-2025,19-03-2025,Family,Bus,3,874.26,9
TRIP10246,USER4223,Bangkok,11-07-2024,25-03-2025,Cultural,Cruise,2,4392.24,7
TRIP10247,USER1816,Rome,20-10-2024,12-04-2025,Family,Cruise,4,1703.69,4
TRIP10248,USER6911,London,24-02-2025,05-03-2025,Leisure,Bus,5,686.79,10
TRIP10249,USER9231,Paris,24-06-2024,27-07-2024,Adventure,Bus,3,974.89,5
TRIP10250,USER9109,New York,18-03-2024,28-03-2024,Business,Bus,4,3976.24,1
TRIP10251,USER5566,Bangkok,02-10-2024,20-03-2025,Family,Bus,1,2625.62,8
TRIP10252,USER2021,Istanbul,21-06-2024,07-12-2024,Beach,Car,3,1105.02,7
TRIP10253,USER1431,Barcelona,02-03-2025,05-03-2025,Adventure,Bus,5,4621.07,3
TRIP10254,USER1558,Sydney,04-12-2024,26-12-2024,Leisure,Flight,4,4875.06,8
TRIP10255,USER3442,Dubai,18-05-2024,16-10-2024,Leisure,Cruise,2,3263.15,5
TRIP10256,USER4171,Sydney,15-03-2025,20-03-2025,Family,Cruise,1,2840.44,10
TRIP10257,USER4955,Bangkok,10-04-2024,25-05-2024,Adventure,Car,2,3756.57,7
TRIP10258,USER8456,Sydney,11-01-2025,27-02-2025,Cultural,Flight,5,4912.51,2
TRIP10259,USER4648,Istanbul,02-09-2024,22-12-2024,Business,Car,1,1291.64,5
TRIP10260,USER8163,Sydney,20-11-2024,17-03-2025,Beach,Car,5,2870.71,1
TRIP10261,USER8414,New York,29-12-2024,01-01-2025,Family,Flight,1,3927.38,10
TRIP10262,USER3518,Bangkok,06-03-2025,26-03-2025,Cultural,Car,3,1902.18,2
TRIP10263,USER7047,Barcelona,27-07-2024,31-12-2024,Cultural,Car,2,3588.05,5
TRIP10264,USER7053,Istanbul,06-08-2024,15-12-2024,Beach,Car,5,2339.99,3
TRIP10265,USER5159,Rome,01-04-2024,29-10-2024,Adventure,Train,1,2311.3,10
TRIP10266,USER8683,Bangkok,28-06-2024,06-09-2024,Leisure,Train,5,4255.47,5
TRIP10267,USER1971,Rome,12-10-2024,19-11-2024,Family,Train,3,2565.6,7
TRIP10268,USER1222,Sydney,29-01-2025,12-04-2025,Beach,Flight,5,2622.43,6
TRIP10269,USER5556,Istanbul,01-01-2025,03-03-2025,Business,Car,3,1346.02,7
TRIP10270,USER4335,Dubai,02-06-2024,29-07-2024,Family,Train,3,1397.14,8
TRIP10271,USER6587,Barcelona,03-03-2025,15-04-2025,Family,Car,2,2520.22,4
TRIP10272,USER1762,London,03-02-2025,19-02-2025,Business,Car,3,1032.42,1
TRIP10273,USER6216,Bangkok,25-05-2024,25-11-2024,Adventure,Train,4,2995.69,8
TRIP10274,USER3223,New York,06-05-2024,21-01-2025,Beach,Train,3,679.23,4
TRIP10275,USER5438,Dubai,12-03-2025,28-03-2025,Cultural,Cruise,1,2946.31,6
TRIP10276,USER2014,Paris,18-11-2024,09-03-2025,Beach,Train,3,3198.9,1
TRIP10277,USER3070,New York,14-10-2024,17-10-2024,Leisure,Train,3,2388.06,6
TRIP10278,USER2454,Tokyo,22-05-2024,02-02-2025,Family,Car,2,4617.3,1
TRIP10279,USER5835,Tokyo,07-06-2024,01-01-2025,Family,Car,5,3112.42,2
TRIP10280,USER5611,Sydney,16-07-2024,17-01-2025,Beach,Bus,1,4547.77,3
TRIP10281,USER4779,New York,15-08-2024,17-02-2025,Family,Bus,5,4972.45,9
TRIP10282,USER7112,Dubai,16-05-2024,04-11-2024,Beach,Train,4,949.79,9
TRIP10283,USER6200,Barcelona,22-07-2024,20-11-2024,Beach,Train,3,1367.54,1
TRIP10284,USER8082,Paris,10-02-2025,11-04-2025,Family,Flight,4,4196.61,6
TRIP10285,USER7574,New York,20-10-2024,09-04-2025,Business,Cruise,3,746.8,10
TRIP10286,USER1213,Barcelona,22-06-2024,11-07-2024,Cultural,Car,3,1340.82,8
TRIP10287,USER2928,Paris,27-02-2025,28-02-2025,Family,Cruise,1,3711.48,6
TRIP10288,USER6447,Paris,19-05-2024,21-10-2024,Leisure,Flight,4,4240.51,2
TRIP10289,USER6798,Paris,08-04-2024,03-11-2024,Leisure,Cruise,4,3719.61,10
TRIP10290,USER1995,London,31-12-2024,27-03-2025,Cultural,Car,1,950.52,9
TRIP10291,USER8754,New York,25-06-2024,10-07-2024,Family,Train,4,3673.58,2
TRIP10292,USER5422,New York,07-01-2025,19-03-2025,Adventure,Car,5,3228.57,3
TRIP10293,USER9225,Bangkok,24-03-2024,03-04-2025,Family,Car,5,4141.35,5
TRIP10294,USER4754,Istanbul,28-09-2024,05-04-2025,Adventure,Bus,2,1549.55,7
TRIP10295,USER1901,Bangkok,27-01-2025,15-02-2025,Family,Train,4,3932.68,3
TRIP10296,USER3309,Rome,17-12-2024,30-01-2025,Adventure,Flight,1,1102.02,3
TRIP10297,USER6200,Tokyo,14-11-2024,06-03-2025,Beach,Car,2,4574.96,4
TRIP10298,USER3411,Dubai,08-09-2024,18-09-2024,Business,Cruise,2,4766.91,9
TRIP10299,USER4962,Tokyo,08-10-2024,19-10-2024,Business,Cruise,2,2981.22,6
TRIP10300,USER4749,Dubai,14-11-2024,02-03-2025,Cultural,Car,1,505.94,5
TRIP10301,USER9563,Sydney,30-05-2024,27-12-2024,Business,Train,4,3933.53,8
TRIP10302,USER9111,New York,18-06-2024,16-09-2024,Beach,Cruise,3,1015.15,9
TRIP10303,USER6756,Rome,05-05-2024,20-10-2024,Family,Train,5,3953.33,7
TRIP10304,USER2973,Dubai,27-03-2024,03-04-2025,Leisure,Car,3,3481.66,3
TRIP10305,USER1274,Istanbul,29-03-2024,15-12-2024,Business,Cruise,5,728.47,6
TRIP10306,USER3852,Sydney,22-05-2024,09-10-2024,Family,Bus,3,2764.4,7
TRIP10307,USER7145,Istanbul,25-05-2024,23-12-2024,Adventure,Car,3,3260.03,7
TRIP10308,USER5926,Dubai,31-05-2024,03-04-2025,Business,Car,2,4751.05,2
TRIP10309,USER8293,Sydney,01-01-2025,10-01-2025,Beach,Car,3,4111.19,9
TRIP10310,USER2471,Bangkok,09-02-2025,18-03-2025,Beach,Train,2,1067.95,1
TRIP10311,USER6705,Bangkok,05-12-2024,05-01-2025,Adventure,Flight,4,4872.09,4
TRIP10312,USER6984,New York,23-11-2024,18-02-2025,Cultural,Cruise,2,1157.62,10
TRIP10313,USER4416,Paris,30-11-2024,06-12-2024,Family,Bus,1,2016.43,10
TRIP10314,USER8416,Paris,25-09-2024,29-03-2025,Adventure,Bus,5,3295.88,2
TRIP10315,USER7218,New York,17-02-2025,16-03-2025,Beach,Flight,5,2535.92,1
TRIP10316,USER4493,Rome,05-12-2024,03-02-2025,Business,Car,5,3777.04,9
TRIP10317,USER8835,Rome,10-10-2024,11-10-2024,Family,Car,4,2663.36,2
TRIP10318,USER7277,Istanbul,10-11-2024,21-02-2025,Adventure,Bus,3,4372.85,3
TRIP10319,USER1541,Paris,16-11-2024,16-02-2025,Family,Flight,1,3790.42,8
TRIP10320,USER2027,Dubai,03-06-2024,15-10-2024,Business,Bus,5,2074.56,6
TRIP10321,USER5207,Tokyo,08-11-2024,15-04-2025,Adventure,Bus,1,1830.02,6
TRIP10322,USER6208,Sydney,12-12-2024,05-01-2025,Family,Cruise,5,2172.03,5
TRIP10323,USER2802,Dubai,12-03-2025,01-04-2025,Leisure,Bus,4,880.24,2
TRIP10324,USER2817,Paris,19-09-2024,20-02-2025,Leisure,Bus,3,4995.11,9
TRIP10325,USER1817,Dubai,07-06-2024,18-02-2025,Cultural,Bus,5,4494.39,3
TRIP10326,USER2309,New York,21-08-2024,11-03-2025,Family,Train,2,1464.13,8
TRIP10327,USER3702,Bangkok,21-01-2025,18-03-2025,Business,Train,2,1975.39,7
TRIP10328,USER3786,Tokyo,31-03-2024,27-01-2025,Leisure,Train,5,3870.99,8
TRIP10329,USER5741,Istanbul,04-12-2024,19-02-2025,Cultural,Bus,2,3182.31,5
TRIP10330,USER4783,New York,28-05-2024,05-10-2024,Family,Train,3,2426.85,5
TRIP10331,USER3425,Istanbul,10-06-2024,14-08-2024,Family,Cruise,5,3918.74,9
TRIP10332,USER1804,Istanbul,06-06-2024,23-01-2025,Leisure,Flight,3,4363.98,7
TRIP10333,USER6793,Dubai,25-09-2024,31-03-2025,Cultural,Bus,1,553.49,10
TRIP10334,USER4972,Paris,15-09-2024,21-11-2024,Leisure,Train,5,2515.89,6
TRIP10335,USER5576,Rome,09-11-2024,16-02-2025,Adventure,Train,5,3936.94,8
TRIP10336,USER4067,New York,09-12-2024,06-03-2025,Adventure,Train,3,903.18,6
TRIP10337,USER5900,London,26-03-2024,30-08-2024,Beach,Bus,2,574.14,8
TRIP10338,USER5382,Sydney,31-03-2024,15-05-2024,Cultural,Bus,2,1485.73,10
TRIP10339,USER7364,London,07-10-2024,19-11-2024,Adventure,Train,1,4847.07,7
TRIP10340,USER9546,Paris,17-09-2024,29-01-2025,Leisure,Bus,5,2873.91,1
TRIP10341,USER4415,Dubai,19-12-2024,28-03-2025,Adventure,Bus,3,3980.25,1
TRIP10342,USER3631,Istanbul,19-06-2024,22-09-2024,Family,Train,1,3775.89,6
TRIP10343,USER3057,Bangkok,25-07-2024,21-10-2024,Family,Cruise,5,4052.55,10
TRIP10344,USER8633,London,30-10-2024,27-01-2025,Family,Train,5,3056.07,1
TRIP10345,USER9321,Dubai,24-05-2024,13-06-2024,Family,Cruise,5,3354.23,6
TRIP10346,USER2512,Dubai,23-05-2024,22-08-2024,Family,Bus,1,4090.56,8
TRIP10347,USER1363,Bangkok,03-09-2024,21-09-2024,Cultural,Bus,1,1466.71,4
TRIP10348,USER7684,New York,05-02-2025,05-03-2025,Cultural,Train,4,4756.16,10
TRIP10349,USER9786,Istanbul,23-10-2024,31-12-2024,Business,Car,4,4370.27,1
TRIP10350,USER4507,Rome,28-03-2024,22-06-2024,Cultural,Flight,5,3087.67,8
TRIP10351,USER4836,New York,05-07-2024,10-04-2025,Leisure,Cruise,1,3544.02,4
TRIP10352,USER4761,Rome,03-07-2024,22-12-2024,Cultural,Train,4,2594.35,1
TRIP10353,USER8298,London,22-08-2024,20-02-2025,Family,Train,3,776.4,9
TRIP10354,USER3164,London,23-04-2024,11-09-2024,Cultural,Car,2,4862.33,4
TRIP10355,USER9349,Dubai,31-10-2024,09-11-2024,Business,Train,2,4105.74,9
TRIP10356,USER7968,Sydney,14-07-2024,22-08-2024,Family,Car,5,4091.76,5
TRIP10357,USER5540,Istanbul,07-06-2024,03-09-2024,Adventure,Flight,4,1577.15,7
TRIP10358,USER7037,Rome,24-01-2025,15-04-2025,Business,Flight,5,1360.26,8
TRIP10359,USER6976,Rome,11-01-2025,03-04-2025,Adventure,Flight,3,2281.96,5
TRIP10360,USER9658,Bangkok,10-02-2025,25-02-2025,Family,Cruise,2,4506.1,8
TRIP10361,USER3070,London,14-08-2024,30-03-2025,Family,Cruise,1,3689.32,8
TRIP10362,USER3372,Istanbul,31-03-2024,23-11-2024,Family,Cruise,1,3756.41,3
TRIP10363,USER8765,Dubai,30-10-2024,29-12-2024,Family,Bus,1,3926.55,10
TRIP10364,USER9655,Rome,05-03-2025,08-03-2025,Leisure,Cruise,4,2999.66,8
TRIP10365,USER6997,London,11-08-2024,06-04-2025,Leisure,Cruise,5,3859.6,6
TRIP10366,USER4275,Dubai,30-06-2024,13-11-2024,Cultural,Bus,2,3832.13,9
TRIP10367,USER8908,Rome,17-09-2024,31-03-2025,Family,Cruise,2,3511.4,3
TRIP10368,USER6942,Sydney,24-06-2024,27-09-2024,Leisure,Bus,1,4448.73,5
TRIP10369,USER3283,Sydney,03-06-2024,05-04-2025,Family,Bus,3,4054.37,3
TRIP10370,USER7487,London,25-01-2025,15-04-2025,Family,Bus,3,4710.57,6
TRIP10371,USER4315,Tokyo,21-02-2025,16-03-2025,Cultural,Car,5,4653.98,2
TRIP10372,USER6912,Istanbul,24-03-2024,31-03-2024,Cultural,Flight,5,3061.16,9
TRIP10373,USER6699,Bangkok,16-03-2025,26-03-2025,Business,Train,1,1194.5,3
TRIP10374,USER5178,Istanbul,10-10-2024,12-11-2024,Business,Train,2,3155.29,3
TRIP10375,USER5905,Dubai,10-07-2024,17-10-2024,Adventure,Car,1,1825.03,5
TRIP10376,USER3722,New York,07-03-2025,28-03-2025,Adventure,Flight,1,509.45,8
TRIP10377,USER8230,New York,14-12-2024,14-04-2025,Beach,Cruise,1,2001.19,4
TRIP10378,USER9268,Istanbul,02-03-2025,30-03-2025,Adventure,Car,5,3449.63,3
TRIP10379,USER8946,Rome,15-10-2024,04-12-2024,Leisure,Flight,4,1014.25,5
TRIP10380,USER5578,London,28-06-2024,26-10-2024,Beach,Train,2,596.13,4
TRIP10381,USER9028,Sydney,23-12-2024,31-03-2025,Beach,Train,2,4434.65,3
TRIP10382,USER7209,Dubai,20-09-2024,28-11-2024,Cultural,Car,2,1098.04,10
TRIP10383,USER4129,New York,21-10-2024,19-11-2024,Business,Car,4,1399.69,2
TRIP10384,USER5546,Dubai,08-12-2024,26-12-2024,Beach,Train,1,4180.2,2
TRIP10385,USER9890,London,29-12-2024,07-02-2025,Business,Bus,1,3759.14,2
TRIP10386,USER7875,London,05-02-2025,12-03-2025,Adventure,Car,3,4364.7,5
TRIP10387,USER8177,Dubai,03-06-2024,19-03-2025,Leisure,Cruise,1,891.37,1
TRIP10388,USER5390,Barcelona,04-06-2024,23-06-2024,Cultural,Train,2,4263.43,5
TRIP10389,USER1147,London,17-02-2025,19-03-2025,Leisure,Bus,1,923.48,9
TRIP10390,USER1558,Sydney,23-06-2024,25-12-2024,Family,Car,2,2623.58,7
TRIP10391,USER5932,Dubai,22-01-2025,11-04-2025,Cultural,Bus,3,2185.14,4
TRIP10392,USER3780,Tokyo,23-05-2024,10-11-2024,Family,Car,5,4139.05,10
TRIP10393,USER3524,London,22-01-2025,30-03-2025,Leisure,Train,5,4561.74,4
TRIP10394,USER3373,Barcelona,21-09-2024,13-04-2025,Cultural,Bus,5,1408.06,10
TRIP10395,USER3626,Dubai,12-04-2024,12-05-2024,Family,Flight,2,735.37,4
TRIP10396,USER9967,New York,15-06-2024,13-03-2025,Adventure,Train,4,814.91,7
TRIP10397,USER4074,London,05-06-2024,11-07-2024,Business,Bus,5,2185.47,6
TRIP10398,USER8504,Sydney,24-11-2024,23-02-2025,Beach,Train,5,2247.77,4
TRIP10399,USER5684,London,19-02-2025,07-04-2025,Adventure,Bus,1,2736,8
TRIP10400,USER9338,Barcelona,26-08-2024,05-03-2025,Adventure,Flight,2,1973.87,1
TRIP10401,USER2321,Tokyo,26-09-2024,19-10-2024,Leisure,Bus,3,1954.65,10
TRIP10402,USER6389,Bangkok,10-11-2024,07-12-2024,Beach,Cruise,2,3615.7,6
TRIP10403,USER1663,Rome,14-04-2024,15-04-2025,Beach,Train,1,2594.25,10
TRIP10404,USER5499,Sydney,26-02-2025,13-03-2025,Family,Train,1,1389.86,4
TRIP10405,USER9185,Istanbul,21-11-2024,27-01-2025,Cultural,Bus,1,2667.22,4
TRIP10406,USER6146,London,30-03-2024,29-09-2024,Cultural,Train,5,1731.11,9
TRIP10408,USER9243,Paris,12-12-2024,23-12-2024,Leisure,Car,2,711.39,7
TRIP10409,USER2617,Dubai,27-09-2024,26-01-2025,Beach,Flight,4,2183.98,8
TRIP10410,USER7504,Dubai,06-07-2024,09-01-2025,Cultural,Bus,2,2876.82,5
TRIP10411,USER7493,Barcelona,29-06-2024,16-08-2024,Family,Train,5,1197.41,10
TRIP10412,USER7876,Dubai,20-04-2024,24-03-2025,Adventure,Cruise,2,888.77,5
TRIP10413,USER1802,Barcelona,26-04-2024,11-03-2025,Leisure,Bus,2,1547.47,5
TRIP10414,USER5103,Istanbul,08-04-2024,11-05-2024,Leisure,Train,2,1048.73,4
TRIP10415,USER1460,Sydney,11-10-2024,12-12-2024,Beach,Bus,2,1362.33,4
TRIP10416,USER2107,Barcelona,08-08-2024,24-12-2024,Cultural,Train,1,4519.68,2
TRIP10417,USER6605,Barcelona,26-06-2024,30-09-2024,Family,Flight,2,3702.75,4
TRIP10418,USER8129,Bangkok,16-04-2024,18-10-2024,Business,Train,5,1298.75,10
TRIP10419,USER7676,Tokyo,05-01-2025,05-02-2025,Leisure,Cruise,5,3594.28,5
TRIP10420,USER9471,Paris,16-08-2024,09-09-2024,Family,Car,5,4334.98,2
TRIP10421,USER7895,Dubai,19-09-2024,18-10-2024,Beach,Flight,3,1138.68,7
TRIP10422,USER5049,Tokyo,26-10-2024,01-12-2024,Business,Bus,2,4302.72,9
TRIP10423,USER2805,Bangkok,04-06-2024,13-10-2024,Business,Bus,1,3304.12,6
TRIP10424,USER8866,London,04-05-2024,24-05-2024,Cultural,Cruise,3,4429.98,1
TRIP10425,USER2231,Paris,27-01-2025,28-03-2025,Leisure,Flight,4,4530.77,1
TRIP10426,USER9703,Dubai,02-12-2024,30-12-2024,Beach,Cruise,1,2904.73,6
TRIP10427,USER8295,London,16-03-2024,09-04-2024,Leisure,Cruise,1,1097.87,7
TRIP10428,USER9733,London,06-12-2024,14-04-2025,Family,Flight,3,4344.99,6
TRIP10429,USER3505,Paris,02-10-2024,03-10-2024,Business,Car,3,1957.42,7
TRIP10430,USER9074,Tokyo,06-08-2024,16-11-2024,Family,Flight,4,4034.22,2
TRIP10431,USER7609,Rome,10-05-2024,31-07-2024,Adventure,Cruise,3,2532.34,4
TRIP10433,USER3040,Barcelona,14-12-2024,07-04-2025,Family,Flight,4,3043.93,6
TRIP10434,USER7091,Istanbul,30-08-2024,18-12-2024,Leisure,Car,4,1717.79,6
TRIP10435,USER1274,London,09-02-2025,22-03-2025,Family,Cruise,4,4154.84,5
TRIP10436,USER6599,Sydney,10-01-2025,24-02-2025,Family,Bus,4,3182.25,10
TRIP10437,USER3201,Tokyo,23-10-2024,16-02-2025,Business,Flight,4,1944.12,7
TRIP10438,USER9916,Tokyo,28-10-2024,28-11-2024,Adventure,Flight,3,2097.49,4
TRIP10439,USER3759,Paris,11-04-2024,20-04-2024,Family,Bus,3,2239.7,2
TRIP10440,USER5143,Dubai,02-04-2024,08-04-2025,Adventure,Cruise,1,2191.18,9
TRIP10441,USER6308,Istanbul,26-03-2024,27-08-2024,Cultural,Flight,5,3336.67,7
TRIP10442,USER6040,Istanbul,01-05-2024,15-05-2024,Adventure,Car,2,4109.45,4
TRIP10443,USER5904,Istanbul,17-11-2024,24-03-2025,Leisure,Bus,3,3360.44,7
TRIP10444,USER5256,London,14-03-2025,26-03-2025,Business,Train,5,4325.86,7
TRIP10445,USER4507,Tokyo,14-12-2024,22-02-2025,Leisure,Train,4,3578.28,5
TRIP10446,USER8301,Tokyo,07-02-2025,11-03-2025,Business,Train,2,3831.73,5
TRIP10447,USER5463,New York,18-02-2025,07-03-2025,Leisure,Car,3,3802.53,4
TRIP10448,USER6976,Istanbul,14-09-2024,05-04-2025,Adventure,Cruise,1,3627.05,9
TRIP10449,USER2166,Tokyo,06-11-2024,13-01-2025,Family,Bus,5,2293,4
TRIP10450,USER7438,Paris,27-08-2024,14-01-2025,Adventure,Bus,1,4924.06,2
TRIP10451,USER9020,Dubai,29-08-2024,03-10-2024,Family,Cruise,1,3725.45,3
TRIP10452,USER8346,Tokyo,14-10-2024,06-11-2024,Family,Flight,5,3485.98,9
TRIP10453,USER8360,New York,25-12-2024,25-02-2025,Cultural,Car,4,3551.64,2
TRIP10454,USER1396,Paris,24-12-2024,14-04-2025,Beach,Cruise,5,3109.84,3
TRIP10455,USER1876,Tokyo,18-08-2024,04-11-2024,Leisure,Cruise,2,2289.32,3
TRIP10456,USER7988,Barcelona,17-06-2024,03-03-2025,Cultural,Train,1,1632.97,5
TRIP10457,USER9545,Rome,23-07-2024,30-09-2024,Adventure,Cruise,1,4772.89,3
TRIP10458,USER9166,Sydney,23-07-2024,09-08-2024,Adventure,Train,1,2204.79,6
TRIP10459,USER2272,Paris,07-07-2024,08-03-2025,Adventure,Car,4,4902.48,5
TRIP10460,USER1538,Bangkok,10-11-2024,09-02-2025,Beach,Flight,4,1136.79,2
TRIP10461,USER3054,Bangkok,25-10-2024,29-11-2024,Business,Car,4,966.31,4
TRIP10462,USER3505,Rome,23-06-2024,28-07-2024,Beach,Car,3,3624.71,3
TRIP10463,USER7002,New York,10-06-2024,23-01-2025,Cultural,Flight,1,4312.83,8
TRIP10464,USER2830,Rome,17-05-2024,10-01-2025,Leisure,Bus,4,3521.19,4
TRIP10465,USER6907,New York,20-10-2024,16-02-2025,Business,Car,3,3887.89,1
TRIP10466,USER5417,Rome,11-11-2024,14-01-2025,Beach,Flight,4,3757.91,9
TRIP10467,USER5627,Rome,09-08-2024,15-08-2024,Cultural,Flight,3,3086.08,5
TRIP10468,USER3800,Sydney,11-07-2024,21-02-2025,Leisure,Car,1,2303.14,6
TRIP10469,USER1918,Rome,19-10-2024,09-01-2025,Family,Cruise,5,3241.7,2
TRIP10470,USER1810,Dubai,08-08-2024,22-03-2025,Cultural,Train,1,2646.69,7
TRIP10471,USER5560,Bangkok,28-03-2024,23-07-2024,Adventure,Bus,2,1486.97,5
TRIP10472,USER2769,Paris,12-11-2024,23-02-2025,Beach,Bus,1,2122.48,2
TRIP10473,USER2114,Rome,07-08-2024,30-03-2025,Leisure,Flight,3,1052.57,4
TRIP10474,USER4663,Dubai,31-12-2024,10-04-2025,Beach,Cruise,1,510.24,3
TRIP10475,USER7099,Dubai,05-02-2025,07-04-2025,Beach,Flight,3,1189.85,5
TRIP10476,USER5770,London,21-05-2024,28-06-2024,Business,Car,2,3622.09,6
TRIP10477,USER2606,Paris,17-01-2025,26-01-2025,Beach,Cruise,3,2740.21,9
TRIP10478,USER6515,Bangkok,27-06-2024,05-03-2025,Cultural,Train,5,4792.83,6
TRIP10479,USER5619,New York,22-04-2024,19-08-2024,Beach,Train,5,4964.95,2
TRIP10480,USER6538,London,31-10-2024,15-04-2025,Leisure,Cruise,5,942.05,6
TRIP10481,USER7307,Rome,19-04-2024,23-05-2024,Business,Car,1,4900.8,9
TRIP10482,USER5681,Tokyo,23-04-2024,19-10-2024,Family,Train,1,3916.5,8
TRIP10483,USER7894,London,08-02-2025,24-02-2025,Cultural,Train,2,4691.15,6
TRIP10484,USER1582,New York,11-05-2024,09-02-2025,Business,Bus,1,3099.07,10
TRIP10485,USER2759,Sydney,05-09-2024,29-01-2025,Cultural,Train,3,1439.46,6
TRIP10486,USER2649,Tokyo,02-04-2024,11-06-2024,Business,Flight,4,2038.15,1
TRIP10487,USER1276,Tokyo,31-01-2025,18-02-2025,Family,Cruise,1,1265.97,7
TRIP10488,USER2644,Dubai,13-07-2024,24-09-2024,Cultural,Flight,4,4701.54,8
TRIP10489,USER5950,Barcelona,06-07-2024,13-03-2025,Family,Cruise,1,802.95,4
TRIP10490,USER1719,Sydney,06-03-2025,12-04-2025,Leisure,Car,1,2397.99,1
TRIP10491,USER2438,Sydney,02-04-2024,02-06-2024,Leisure,Car,2,1625.6,8
TRIP10492,USER9470,Barcelona,18-11-2024,02-04-2025,Business,Flight,5,3747.98,2
TRIP10493,USER5464,London,08-08-2024,03-03-2025,Leisure,Cruise,5,4370.34,10
TRIP10494,USER1805,New York,20-06-2024,02-01-2025,Beach,Cruise,2,885.92,2
TRIP10495,USER2801,Sydney,12-11-2024,29-03-2025,Cultural,Cruise,3,2582.51,7
TRIP10496,USER5048,New York,01-12-2024,07-03-2025,Adventure,Flight,4,3058.41,10
TRIP10497,USER2364,Barcelona,14-11-2024,23-03-2025,Family,Car,2,2630.19,3
TRIP10498,USER2891,Rome,07-01-2025,11-02-2025,Leisure,Bus,1,2860,5
TRIP10500,USER1727,London,02-11-2024,23-11-2024,Beach,Train,5,1553.53,5
TRIP10501,USER4365,Barcelona,16-10-2024,09-11-2024,Family,Train,3,2548.6,8
TRIP10502,USER2790,Paris,16-07-2024,03-08-2024,Adventure,Cruise,1,1780.99,10
TRIP10503,USER7535,Dubai,25-04-2024,01-08-2024,Family,Flight,5,4137.27,9
TRIP10504,USER1868,Sydney,05-09-2024,11-12-2024,Business,Flight,1,2286.43,1
TRIP10505,USER7579,London,26-03-2024,22-06-2024,Cultural,Bus,3,4975.2,5
TRIP10506,USER1919,Paris,16-12-2024,27-02-2025,Leisure,Train,2,905.58,8
TRIP10507,USER9674,Barcelona,24-01-2025,05-04-2025,Family,Train,5,4671.18,4
TRIP10508,USER5493,London,26-04-2024,26-03-2025,Family,Flight,4,4315.6,5
TRIP10509,USER8002,Rome,23-12-2024,02-03-2025,Family,Train,3,1559.12,2
TRIP10510,USER1987,Istanbul,21-09-2024,24-01-2025,Family,Cruise,3,1901.5,3
TRIP10511,USER6955,Dubai,14-02-2025,14-04-2025,Business,Car,1,568.85,1
TRIP10512,USER1779,New York,29-04-2024,20-12-2024,Adventure,Car,5,3877.98,5
TRIP10513,USER3507,London,20-04-2024,21-01-2025,Adventure,Bus,1,4452.03,5
TRIP10514,USER4051,London,29-08-2024,01-10-2024,Cultural,Car,1,785.23,4
TRIP10515,USER8863,New York,20-08-2024,03-10-2024,Cultural,Cruise,1,2403.38,1
TRIP10516,USER3603,Tokyo,29-05-2024,15-09-2024,Family,Cruise,2,4868.64,8
TRIP10517,USER4705,Rome,12-03-2025,26-03-2025,Family,Train,4,1779.79,10
TRIP10518,USER4080,Barcelona,17-12-2024,14-02-2025,Family,Train,1,1878.32,8
TRIP10519,USER6626,Dubai,06-05-2024,23-11-2024,Leisure,Bus,1,3249.94,10
TRIP10520,USER1935,London,16-07-2024,16-07-2024,Cultural,Cruise,3,2238.41,9
TRIP10521,USER2205,Barcelona,27-01-2025,14-03-2025,Business,Cruise,3,4412.51,10
TRIP10522,USER6795,London,20-02-2025,31-03-2025,Business,Car,4,3484.44,6
TRIP10523,USER9459,Sydney,11-05-2024,06-02-2025,Business,Car,4,3429.24,1
TRIP10524,USER9127,Bangkok,19-07-2024,28-12-2024,Leisure,Cruise,1,3610.85,10
TRIP10525,USER3465,Rome,06-02-2025,09-03-2025,Leisure,Flight,1,690.09,9
TRIP10526,USER8173,Istanbul,28-08-2024,02-09-2024,Family,Flight,2,1417.43,1
TRIP10527,USER3330,Paris,09-12-2024,13-01-2025,Business,Cruise,1,3365.16,2
TRIP10528,USER9786,Dubai,01-12-2024,31-12-2024,Family,Cruise,5,2874.87,10
TRIP10529,USER3419,London,24-01-2025,02-02-2025,Beach,Flight,3,4198.97,5
TRIP10530,USER9144,London,31-07-2024,07-11-2024,Adventure,Flight,2,1775.7,1
TRIP10531,USER9084,Istanbul,18-10-2024,25-02-2025,Leisure,Cruise,5,1162.77,7
TRIP10532,USER7216,London,06-02-2025,14-03-2025,Leisure,Train,2,2151.9,2
TRIP10533,USER6706,Paris,22-10-2024,27-03-2025,Beach,Flight,3,4263.88,8
TRIP10534,USER8499,Tokyo,18-11-2024,18-01-2025,Beach,Flight,2,4060.08,8
TRIP10535,USER2002,Istanbul,30-04-2024,26-03-2025,Business,Flight,3,4985.39,7
TRIP10536,USER2815,Tokyo,22-11-2024,09-03-2025,Family,Flight,5,2991.12,10
TRIP10537,USER9998,Dubai,07-05-2024,30-12-2024,Family,Train,5,4300.59,2
TRIP10538,USER1844,Tokyo,29-08-2024,08-09-2024,Family,Bus,4,2624.38,7
TRIP10539,USER5705,Dubai,18-01-2025,16-03-2025,Family,Car,5,1269.91,1
TRIP10540,USER1424,Paris,15-05-2024,25-03-2025,Leisure,Flight,3,2494.87,2
TRIP10541,USER2942,Tokyo,03-07-2024,29-07-2024,Family,Flight,1,3256.6,10
TRIP10542,USER8630,Dubai,04-06-2024,28-09-2024,Beach,Car,4,3974.83,1
TRIP10543,USER9260,Dubai,20-12-2024,03-02-2025,Leisure,Car,5,1010.85,4
TRIP10544,USER7014,Sydney,25-01-2025,24-03-2025,Cultural,Flight,1,1166.85,9
TRIP10545,USER6784,New York,20-07-2024,05-10-2024,Business,Train,3,2233.61,9
TRIP10546,USER2247,Sydney,15-08-2024,15-10-2024,Adventure,Flight,3,3944.24,3
TRIP10547,USER1404,New York,29-09-2024,02-01-2025,Business,Train,1,1330.73,6
TRIP10548,USER5328,Dubai,23-12-2024,20-01-2025,Beach,Car,4,4884.3,2
TRIP10549,USER4216,New York,13-01-2025,14-01-2025,Leisure,Car,4,2670.26,1
TRIP10550,USER7067,Barcelona,25-02-2025,05-03-2025,Family,Bus,1,1749.12,7
TRIP10551,USER3048,Dubai,12-03-2025,13-03-2025,Beach,Flight,1,2067.36,3
TRIP10552,USER2741,Barcelona,18-11-2024,10-04-2025,Leisure,Bus,1,4661.09,10
TRIP10553,USER1168,Bangkok,01-07-2024,05-12-2024,Business,Flight,4,3347.01,3
TRIP10554,USER5379,Tokyo,12-04-2024,25-06-2024,Business,Train,4,516.76,5
TRIP10555,USER2232,Tokyo,06-02-2025,20-02-2025,Beach,Cruise,3,1788.8,7
TRIP10556,USER3076,Sydney,10-07-2024,26-10-2024,Leisure,Cruise,2,1413.89,7
TRIP10557,USER7669,London,16-12-2024,20-02-2025,Adventure,Cruise,2,2444.58,3
TRIP10558,USER1625,New York,07-07-2024,09-10-2024,Business,Flight,1,763.58,8
TRIP10559,USER7442,Bangkok,30-04-2024,04-02-2025,Leisure,Cruise,3,2290.92,1
TRIP10560,USER8860,Sydney,05-03-2025,31-03-2025,Family,Car,2,565.28,9
TRIP10561,USER4140,Barcelona,15-01-2025,10-02-2025,Adventure,Car,2,4744.67,10
TRIP10562,USER1201,London,20-02-2025,10-03-2025,Adventure,Bus,3,1500.76,7
TRIP10563,USER6695,Dubai,29-05-2024,25-07-2024,Leisure,Flight,4,2654.05,8
TRIP10564,USER4809,Istanbul,25-02-2025,06-03-2025,Leisure,Car,3,2739.61,9
TRIP10565,USER8090,Barcelona,22-08-2024,28-08-2024,Leisure,Cruise,2,4215.36,2
TRIP10566,USER9077,Istanbul,01-04-2024,19-12-2024,Leisure,Flight,5,1444.19,8
TRIP10567,USER9158,Dubai,02-05-2024,09-10-2024,Business,Train,4,3292.64,1
TRIP10568,USER6209,Rome,19-11-2024,14-02-2025,Beach,Bus,1,809.68,1
TRIP10569,USER5129,Istanbul,22-02-2025,23-02-2025,Cultural,Cruise,1,1231.66,6
TRIP10570,USER3579,Barcelona,17-07-2024,25-07-2024,Leisure,Cruise,4,4295.68,2
TRIP10571,USER9609,Istanbul,04-05-2024,27-12-2024,Business,Flight,1,4599.48,8
TRIP10572,USER5268,Tokyo,05-11-2024,06-12-2024,Beach,Car,1,4398.24,1
TRIP10573,USER2258,Sydney,11-02-2025,02-04-2025,Cultural,Bus,4,1136.99,8
TRIP10574,USER9023,London,20-01-2025,15-02-2025,Leisure,Bus,4,3955.89,4
TRIP10575,USER7268,Sydney,07-09-2024,14-12-2024,Family,Flight,1,2153.73,2
TRIP10576,USER6756,London,20-12-2024,21-01-2025,Leisure,Cruise,3,2309.66,7
TRIP10577,USER1122,London,01-11-2024,17-11-2024,Family,Cruise,2,2825.76,2
TRIP10578,USER2133,Paris,04-09-2024,01-11-2024,Business,Bus,5,2134.01,9
TRIP10579,USER5220,Paris,11-05-2024,16-03-2025,Cultural,Car,3,957.25,8
TRIP10580,USER4209,London,04-12-2024,04-12-2024,Beach,Cruise,5,2207.84,2
TRIP10581,USER9150,Paris,28-04-2024,31-07-2024,Business,Bus,4,4349.68,1
TRIP10582,USER8928,Rome,05-08-2024,18-11-2024,Beach,Cruise,1,588.92,4
TRIP10583,USER4629,Dubai,15-01-2025,12-03-2025,Adventure,Cruise,5,3323.82,7
TRIP10584,USER5135,Bangkok,11-12-2024,17-03-2025,Beach,Train,5,3993.64,5
TRIP10585,USER2090,New York,09-11-2024,07-03-2025,Beach,Cruise,2,2416.69,9
TRIP10586,USER4766,Paris,31-12-2024,26-02-2025,Beach,Car,4,2957.36,2
TRIP10587,USER4290,New York,01-06-2024,01-09-2024,Leisure,Train,1,969.81,1
TRIP10588,USER9610,New York,23-10-2024,25-03-2025,Leisure,Bus,2,3221.79,8
TRIP10589,USER6937,Istanbul,18-12-2024,02-01-2025,Beach,Train,5,3451.17,2
TRIP10590,USER5968,Istanbul,17-06-2024,19-03-2025,Beach,Cruise,4,3508.55,1
TRIP10591,USER4898,Paris,22-09-2024,04-04-2025,Cultural,Cruise,1,2646.94,7
TRIP10592,USER2039,Barcelona,06-07-2024,29-09-2024,Cultural,Car,4,3882.72,2
TRIP10593,USER6936,Bangkok,22-10-2024,17-12-2024,Family,Cruise,4,4928.86,3
TRIP10594,USER4802,Rome,25-10-2024,09-04-2025,Beach,Train,1,4676.59,6
TRIP10595,USER1867,Rome,30-07-2024,14-12-2024,Family,Cruise,2,4522.42,10
TRIP10596,USER9233,Dubai,20-12-2024,11-01-2025,Beach,Cruise,3,2409.33,9
TRIP10597,USER3760,Sydney,28-12-2024,29-12-2024,Beach,Bus,4,1728.5,7
TRIP10598,USER1233,London,09-12-2024,11-02-2025,Beach,Bus,1,4192.24,2
TRIP10599,USER5565,Tokyo,20-05-2024,08-02-2025,Family,Car,2,740.15,9
TRIP10600,USER2681,Bangkok,03-06-2024,08-10-2024,Adventure,Cruise,3,584.34,3
TRIP10601,USER2915,Rome,14-10-2024,26-03-2025,Adventure,Flight,4,3492.04,9
TRIP10602,USER4630,Paris,19-10-2024,12-01-2025,Business,Train,3,3269.28,8
TRIP10603,USER8553,London,15-03-2025,13-04-2025,Leisure,Car,4,3370.1,4
TRIP10604,USER5704,Dubai,11-07-2024,23-08-2024,Beach,Car,3,4954.53,3
TRIP10605,USER4198,Bangkok,12-09-2024,25-09-2024,Leisure,Flight,1,4889.65,9
TRIP10606,USER2338,Paris,02-02-2025,05-03-2025,Business,Car,4,4345.16,3
TRIP10607,USER6153,Tokyo,07-09-2024,05-04-2025,Adventure,Car,4,4320.02,10
TRIP10608,USER6089,Rome,26-12-2024,15-03-2025,Beach,Flight,4,2395.13,8
TRIP10609,USER8114,New York,08-12-2024,31-12-2024,Business,Cruise,5,2646.15,4
TRIP10610,USER9391,Istanbul,05-02-2025,01-04-2025,Cultural,Bus,1,781.49,5
TRIP10611,USER6717,Barcelona,26-08-2024,05-01-2025,Leisure,Flight,4,2676.45,1
TRIP10612,USER7105,Sydney,23-01-2025,30-03-2025,Beach,Flight,4,3076.57,2
TRIP10613,USER8850,Bangkok,15-01-2025,19-03-2025,Beach,Flight,1,2535.49,1
TRIP10614,USER1102,New York,30-01-2025,13-04-2025,Leisure,Cruise,5,2247.12,9
TRIP10615,USER1514,Dubai,21-03-2024,20-03-2025,Adventure,Cruise,4,1931.22,9
TRIP10616,USER3533,New York,25-12-2024,11-03-2025,Leisure,Cruise,1,1289.69,6
TRIP10617,USER8983,Bangkok,24-09-2024,31-03-2025,Cultural,Train,2,4920.08,6
TRIP10618,USER1719,Tokyo,07-02-2025,19-03-2025,Beach,Car,3,3229.8,10
TRIP10619,USER3417,Bangkok,24-10-2024,11-02-2025,Business,Bus,4,3793.99,10
TRIP10620,USER5793,Sydney,08-10-2024,07-01-2025,Business,Bus,4,3129.2,3
TRIP10621,USER1977,Rome,16-09-2024,18-12-2024,Adventure,Flight,5,1855.79,9
TRIP10622,USER1765,Dubai,18-09-2024,21-12-2024,Cultural,Train,1,4873.4,10
TRIP10623,USER4395,Bangkok,08-07-2024,08-10-2024,Beach,Car,4,4661.33,2
TRIP10624,USER3835,Bangkok,24-10-2024,03-11-2024,Family,Train,5,1904.14,10
TRIP10625,USER1727,Paris,07-05-2024,24-02-2025,Cultural,Cruise,5,2466.57,10
TRIP10626,USER3242,New York,28-09-2024,18-12-2024,Business,Train,4,4968.63,9
TRIP10627,USER3975,Paris,25-03-2024,02-03-2025,Family,Train,4,1782.93,9
TRIP10628,USER6530,Istanbul,08-01-2025,26-02-2025,Cultural,Flight,3,870.34,8
TRIP10629,USER1802,Rome,11-09-2024,31-03-2025,Business,Train,3,1531.13,2
TRIP10630,USER9351,Dubai,21-12-2024,23-01-2025,Adventure,Flight,3,3698.31,4
TRIP10631,USER3295,Paris,22-10-2024,20-11-2024,Family,Bus,5,3678.86,4
TRIP10632,USER7072,London,27-07-2024,14-03-2025,Beach,Flight,1,3433.44,5
TRIP10633,USER8781,Bangkok,02-02-2025,05-04-2025,Adventure,Bus,1,1158.14,8
TRIP10634,USER8538,New York,23-11-2024,02-04-2025,Leisure,Cruise,2,3250.45,1
TRIP10635,USER6693,Paris,19-05-2024,29-09-2024,Adventure,Train,2,2863.06,1
TRIP10636,USER2903,Paris,11-01-2025,28-03-2025,Family,Cruise,2,657.52,1
TRIP10637,USER1135,Bangkok,10-10-2024,31-01-2025,Business,Bus,2,2291.98,7
TRIP10638,USER4267,Bangkok,20-10-2024,24-01-2025,Family,Car,1,1218.93,6
TRIP10639,USER8318,Paris,01-06-2024,17-12-2024,Family,Cruise,3,4026.04,1
TRIP10640,USER1511,Sydney,12-07-2024,18-11-2024,Family,Flight,1,2022.81,2
TRIP10641,USER5964,New York,13-06-2024,17-01-2025,Cultural,Cruise,3,3362.24,9
TRIP10642,USER2547,London,09-03-2025,18-03-2025,Adventure,Train,3,3041.75,5
TRIP10643,USER1165,Rome,07-03-2025,21-03-2025,Beach,Flight,2,739.19,9
TRIP10644,USER2189,Istanbul,26-08-2024,05-09-2024,Leisure,Cruise,1,4021.76,3
TRIP10645,USER1898,Tokyo,26-09-2024,05-01-2025,Family,Train,4,3957.14,9
TRIP10646,USER5434,Barcelona,16-09-2024,29-11-2024,Adventure,Cruise,4,4899.89,7
TRIP10647,USER1303,Istanbul,06-09-2024,26-09-2024,Beach,Bus,5,840.98,5
TRIP10648,USER2621,Paris,03-06-2024,17-06-2024,Leisure,Bus,4,2961.04,9
TRIP10650,USER8490,Rome,23-07-2024,07-01-2025,Adventure,Train,4,3677.96,2
TRIP10652,USER7676,Bangkok,05-01-2025,12-04-2025,Cultural,Train,2,3986.67,1
TRIP10653,USER9255,London,21-04-2024,13-08-2024,Leisure,Flight,3,2026.19,10
TRIP10654,USER2657,Bangkok,11-03-2025,03-04-2025,Business,Train,3,2285.24,8
TRIP10655,USER3669,New York,31-10-2024,07-11-2024,Family,Flight,4,3433.29,10
TRIP10656,USER5934,Bangkok,21-12-2024,03-04-2025,Beach,Cruise,1,2045.09,7
TRIP10657,USER4668,Paris,10-03-2025,12-04-2025,Cultural,Car,1,2275.74,4
TRIP10658,USER5061,Dubai,14-07-2024,21-11-2024,Adventure,Cruise,2,1531.15,10
TRIP10659,USER8898,Rome,02-06-2024,11-04-2025,Adventure,Car,2,1053,1
TRIP10660,USER7324,Tokyo,21-11-2024,12-04-2025,Family,Car,2,4393.45,4
TRIP10661,USER8587,Dubai,02-01-2025,13-03-2025,Adventure,Cruise,3,1664.26,4
TRIP10662,USER3228,London,11-07-2024,03-11-2024,Family,Train,4,4346.5,3
TRIP10663,USER2557,Barcelona,29-07-2024,06-08-2024,Business,Bus,3,3211.12,3
TRIP10664,USER6423,Paris,22-08-2024,06-02-2025,Business,Flight,3,3682.61,6
TRIP10665,USER3013,Istanbul,25-07-2024,30-12-2024,Business,Flight,3,2817.21,4
TRIP10666,USER4497,Bangkok,18-10-2024,07-01-2025,Adventure,Flight,3,4017.24,9
TRIP10667,USER2307,Rome,28-09-2024,04-02-2025,Business,Bus,4,889.69,9
TRIP10668,USER4716,Bangkok,10-02-2025,21-03-2025,Cultural,Train,5,4858.67,3
TRIP10669,USER8080,Paris,11-09-2024,01-12-2024,Cultural,Cruise,5,1466.73,2
TRIP10670,USER8071,New York,19-06-2024,30-09-2024,Cultural,Flight,1,4265.55,5
TRIP10671,USER8512,Rome,28-05-2024,27-10-2024,Leisure,Cruise,5,3837.24,7
TRIP10672,USER4419,Barcelona,22-05-2024,28-08-2024,Business,Cruise,4,4573.15,9
TRIP10673,USER5905,Tokyo,03-07-2024,04-02-2025,Beach,Car,2,1556.4,1
TRIP10674,USER4850,Dubai,20-08-2024,19-09-2024,Family,Car,1,1745.9,4
TRIP10675,USER8463,London,13-11-2024,25-12-2024,Beach,Flight,3,3921.15,9
TRIP10676,USER9394,Paris,05-11-2024,15-02-2025,Beach,Cruise,5,744.14,2
TRIP10677,USER8316,Barcelona,06-09-2024,31-12-2024,Leisure,Cruise,3,1762.61,10
TRIP10678,USER6949,London,09-01-2025,15-04-2025,Beach,Flight,4,3295.42,3
TRIP10679,USER4456,Istanbul,11-04-2024,25-02-2025,Beach,Train,2,4403.77,9
TRIP10680,USER5608,Istanbul,07-06-2024,21-02-2025,Leisure,Train,3,1670.04,8
TRIP10681,USER1031,Rome,12-09-2024,23-09-2024,Family,Bus,3,4487.21,5
TRIP10682,USER1154,Rome,18-09-2024,27-03-2025,Leisure,Car,1,4186.81,9
TRIP10683,USER1391,Dubai,21-03-2024,16-09-2024,Cultural,Bus,4,1184.63,6
TRIP10684,USER1104,New York,27-09-2024,04-03-2025,Family,Car,3,1025.05,1
TRIP10685,USER5474,Paris,17-01-2025,26-03-2025,Cultural,Bus,4,1457.95,9
TRIP10686,USER7275,Sydney,31-12-2024,15-03-2025,Business,Flight,2,3806.06,5
TRIP10687,USER1595,Paris,07-08-2024,18-08-2024,Family,Bus,2,1194.5,6
TRIP10688,USER8378,New York,09-05-2024,26-03-2025,Family,Flight,2,4886.41,10
TRIP10689,USER7439,New York,26-09-2024,14-04-2025,Cultural,Cruise,5,3095.2,8
TRIP10690,USER7064,Barcelona,24-10-2024,02-11-2024,Leisure,Flight,2,4643.66,4
TRIP10691,USER6182,Rome,23-02-2025,02-04-2025,Adventure,Car,3,859.03,3
TRIP10692,USER8437,Bangkok,25-02-2025,10-03-2025,Family,Car,5,3094.25,8
TRIP10693,USER4518,Istanbul,16-02-2025,03-04-2025,Family,Flight,1,2443.95,3
TRIP10694,USER3817,Dubai,06-05-2024,03-03-2025,Adventure,Flight,4,2382.99,6
TRIP10695,USER3403,Paris,20-08-2024,24-03-2025,Leisure,Car,3,1460.28,5
TRIP10696,USER7773,Istanbul,01-06-2024,02-07-2024,Family,Cruise,4,2936.01,5
TRIP10697,USER9849,Rome,29-09-2024,20-10-2024,Cultural,Flight,2,4212.31,7
TRIP10698,USER3598,Rome,05-09-2024,29-03-2025,Adventure,Car,5,4137.64,8
TRIP10699,USER6932,New York,10-02-2025,15-02-2025,Cultural,Flight,1,739.77,9
TRIP10700,USER4920,Istanbul,21-11-2024,28-12-2024,Family,Train,2,1588.86,7
TRIP10701,USER3085,New York,11-03-2025,28-03-2025,Cultural,Car,3,3098.01,9
TRIP10702,USER8887,Sydney,18-10-2024,14-12-2024,Family,Car,5,2470.96,5
TRIP10703,USER5512,London,02-11-2024,20-12-2024,Business,Train,1,4662.63,3
TRIP10704,USER6378,Paris,09-01-2025,31-03-2025,Business,Car,2,4053.19,3
TRIP10705,USER1003,Istanbul,31-12-2024,10-02-2025,Family,Car,3,4670.72,3
TRIP10706,USER1848,Istanbul,02-02-2025,15-04-2025,Beach,Train,1,2625.62,6
TRIP10707,USER8660,Barcelona,08-01-2025,23-01-2025,Beach,Cruise,3,4837.99,8
TRIP10708,USER1607,Rome,20-10-2024,06-03-2025,Cultural,Car,3,4850.72,10
TRIP10709,USER3880,Paris,29-06-2024,05-03-2025,Beach,Cruise,3,2502.43,8
TRIP10710,USER3990,London,17-05-2024,04-01-2025,Business,Cruise,2,746.34,2
TRIP10711,USER5520,Paris,05-09-2024,22-11-2024,Beach,Train,4,3364.2,1
TRIP10712,USER7789,Rome,25-11-2024,28-02-2025,Adventure,Flight,3,2592.24,6
TRIP10713,USER9470,Sydney,12-06-2024,18-01-2025,Beach,Car,4,3881.66,1
TRIP10714,USER5046,Tokyo,05-08-2024,25-08-2024,Cultural,Car,1,2281.08,4
TRIP10715,USER3893,London,19-05-2024,14-03-2025,Business,Train,2,2322.13,4
TRIP10716,USER4612,Istanbul,29-04-2024,22-02-2025,Beach,Bus,2,1409.07,5
TRIP10717,USER2120,Sydney,10-05-2024,10-03-2025,Family,Cruise,2,4560.35,7
TRIP10718,USER5063,Bangkok,08-11-2024,01-12-2024,Business,Car,4,4524.93,3
TRIP10720,USER6499,Barcelona,09-03-2025,09-03-2025,Beach,Flight,5,1882.29,3
TRIP10721,USER3696,Istanbul,20-08-2024,30-10-2024,Cultural,Cruise,5,2526.73,10
TRIP10722,USER4323,New York,29-11-2024,13-12-2024,Leisure,Train,1,614.85,2
TRIP10723,USER8582,Sydney,17-06-2024,19-02-2025,Cultural,Car,2,4146.4,8
TRIP10724,USER8951,Paris,17-04-2024,25-06-2024,Business,Train,4,822.3,4
TRIP10725,USER4165,London,21-11-2024,10-02-2025,Cultural,Car,4,919.1,2
TRIP10726,USER1059,New York,26-10-2024,27-02-2025,Cultural,Car,3,1148.29,8
TRIP10727,USER4219,Paris,06-06-2024,01-08-2024,Cultural,Train,3,4511.5,7
TRIP10728,USER2058,New York,09-07-2024,24-12-2024,Adventure,Train,1,4678.27,7
TRIP10729,USER5739,Istanbul,24-10-2024,07-11-2024,Family,Flight,4,1640.61,7
TRIP10730,USER4988,Bangkok,14-10-2024,22-03-2025,Beach,Bus,5,2365.56,8
TRIP10731,USER5598,Tokyo,13-11-2024,07-02-2025,Leisure,Cruise,2,629.8,2
TRIP10732,USER7417,New York,30-04-2024,11-11-2024,Beach,Bus,5,3597.02,3
TRIP10733,USER9346,Barcelona,26-06-2024,05-02-2025,Cultural,Bus,1,1376.58,10
TRIP10734,USER6437,Istanbul,04-05-2024,04-10-2024,Leisure,Bus,3,847.03,4
TRIP10735,USER2373,Paris,10-11-2024,05-02-2025,Business,Cruise,1,2218.92,4
TRIP10736,USER2591,Tokyo,04-11-2024,29-11-2024,Adventure,Bus,5,4662.56,6
TRIP10737,USER4315,Rome,08-03-2025,10-04-2025,Beach,Car,1,3343.17,1
TRIP10738,USER2248,Istanbul,08-07-2024,10-02-2025,Beach,Train,2,2842.89,3
TRIP10739,USER6277,Sydney,16-04-2024,07-10-2024,Leisure,Car,3,3342.92,9
TRIP10740,USER2377,Sydney,05-10-2024,27-12-2024,Business,Flight,1,4631.93,6
TRIP10741,USER6699,Barcelona,22-04-2024,22-02-2025,Leisure,Car,5,1378.91,6
TRIP10742,USER4916,Rome,30-08-2024,21-02-2025,Family,Flight,4,4441.87,7
TRIP10744,USER8193,Rome,03-05-2024,12-03-2025,Cultural,Cruise,4,2652.34,2
TRIP10745,USER2831,Sydney,12-02-2025,12-04-2025,Business,Flight,4,929.1,5
TRIP10746,USER5411,London,11-10-2024,09-01-2025,Adventure,Train,4,3241.68,7
TRIP10747,USER6684,Sydney,21-03-2024,15-08-2024,Business,Car,4,3475.01,7
TRIP10748,USER5489,Rome,10-03-2025,01-04-2025,Leisure,Cruise,5,1936.33,9
TRIP10749,USER4714,Sydney,02-04-2024,09-06-2024,Family,Train,3,3098.4,3
TRIP10750,USER2176,Barcelona,09-12-2024,18-01-2025,Cultural,Cruise,1,2019.96,1
TRIP10751,USER2505,Rome,10-11-2024,17-02-2025,Cultural,Cruise,3,1282.19,5
TRIP10752,USER2004,Paris,15-08-2024,24-09-2024,Cultural,Car,3,3917.87,3
TRIP10753,USER7069,New York,14-07-2024,13-12-2024,Business,Train,5,4271.72,8
TRIP10754,USER3389,New York,29-12-2024,22-03-2025,Beach,Cruise,1,871.97,4
TRIP10755,USER1299,New York,28-01-2025,11-02-2025,Family,Flight,1,1424.72,8
TRIP10756,USER8060,Tokyo,12-06-2024,02-10-2024,Cultural,Bus,2,982.09,3
TRIP10757,USER5758,London,28-06-2024,11-09-2024,Beach,Flight,4,3922.48,3
TRIP10758,USER8817,Paris,04-02-2025,06-04-2025,Adventure,Flight,3,1059.43,7
TRIP10759,USER8075,Barcelona,16-07-2024,27-11-2024,Adventure,Flight,1,3559.81,2
TRIP10760,USER9934,Sydney,25-09-2024,20-10-2024,Cultural,Car,4,2632.25,4
TRIP10761,USER4688,Paris,21-11-2024,05-02-2025,Leisure,Bus,1,1476.36,9
TRIP10762,USER5358,Rome,21-04-2024,10-07-2024,Beach,Cruise,3,4280.96,3
TRIP10763,USER8945,Paris,24-09-2024,16-03-2025,Business,Train,4,4735.28,2
TRIP10764,USER5640,Tokyo,20-08-2024,23-12-2024,Leisure,Car,1,3132.04,1
TRIP10765,USER9290,Tokyo,21-02-2025,12-04-2025,Family,Train,4,3763.1,8
TRIP10766,USER1287,Istanbul,25-05-2024,19-08-2024,Leisure,Bus,2,4918.44,6
TRIP10767,USER2065,Barcelona,19-10-2024,10-02-2025,Leisure,Cruise,3,2112.02,1
TRIP10768,USER9538,Paris,20-02-2025,27-03-2025,Leisure,Flight,3,3044.61,6
TRIP10769,USER6969,London,17-09-2024,27-10-2024,Adventure,Bus,3,662.28,8
TRIP10770,USER8332,London,11-10-2024,19-11-2024,Beach,Bus,3,2413.63,5
TRIP10771,USER3925,Paris,27-11-2024,03-03-2025,Beach,Car,1,1133.92,7
TRIP10772,USER1080,Paris,10-02-2025,25-03-2025,Leisure,Bus,5,4492.4,4
TRIP10773,USER6291,London,04-01-2025,10-01-2025,Family,Car,3,4925.28,10
TRIP10774,USER9300,London,25-11-2024,07-01-2025,Beach,Bus,3,3954.11,1
TRIP10775,USER6929,Dubai,11-12-2024,13-03-2025,Beach,Bus,2,2748.85,7
TRIP10776,USER6876,Bangkok,16-03-2024,07-12-2024,Adventure,Car,2,2152.35,6
TRIP10777,USER3837,Dubai,18-02-2025,11-04-2025,Business,Car,1,2923.22,2
TRIP10778,USER3216,London,07-12-2024,28-03-2025,Beach,Bus,2,2884.45,10
TRIP10779,USER4144,Istanbul,05-12-2024,27-02-2025,Cultural,Cruise,1,1153.69,7
TRIP10780,USER2927,Bangkok,09-12-2024,02-04-2025,Adventure,Train,1,2175.18,8
TRIP10781,USER6496,Bangkok,31-12-2024,11-02-2025,Adventure,Flight,1,3427.65,7
TRIP10782,USER1363,Bangkok,11-10-2024,12-02-2025,Adventure,Bus,1,3073.64,8
TRIP10783,USER8629,Barcelona,01-04-2024,28-12-2024,Business,Cruise,4,1015.81,9
TRIP10784,USER7671,Paris,08-01-2025,14-02-2025,Business,Flight,5,3449.96,6
TRIP10785,USER9541,Istanbul,02-10-2024,20-01-2025,Adventure,Car,4,739.34,6
TRIP10786,USER9143,Barcelona,15-05-2024,14-12-2024,Beach,Train,5,4554.11,7
TRIP10787,USER1704,Sydney,09-06-2024,27-10-2024,Business,Cruise,4,3748.01,5
TRIP10788,USER2075,New York,04-12-2024,21-03-2025,Beach,Cruise,4,2163.84,4
TRIP10789,USER6526,Sydney,06-09-2024,11-09-2024,Adventure,Cruise,3,4294.04,7
TRIP10790,USER7938,Dubai,04-05-2024,08-08-2024,Cultural,Train,3,2535.78,1
TRIP10791,USER9147,Istanbul,03-11-2024,31-03-2025,Family,Bus,1,2167.21,3
TRIP10792,USER6376,Dubai,01-06-2024,20-01-2025,Cultural,Bus,2,1731.1,7
TRIP10793,USER2913,Istanbul,04-09-2024,20-10-2024,Business,Car,4,4435.41,3
TRIP10794,USER8591,Tokyo,09-08-2024,29-10-2024,Business,Flight,5,1302.89,4
TRIP10795,USER4597,Rome,25-03-2024,20-05-2024,Adventure,Cruise,3,4904.33,6
TRIP10796,USER3672,London,07-11-2024,13-04-2025,Adventure,Flight,4,4269.05,2
TRIP10797,USER3145,Barcelona,26-10-2024,16-01-2025,Beach,Bus,1,3761.96,10
TRIP10798,USER4453,London,01-10-2024,20-12-2024,Cultural,Train,4,4246.99,4
TRIP10799,USER5364,Tokyo,23-09-2024,19-03-2025,Leisure,Bus,5,1899.37,1
TRIP10800,USER1572,Sydney,22-01-2025,13-03-2025,Adventure,Train,5,4353.04,2
TRIP10801,USER7944,Dubai,10-03-2025,11-04-2025,Cultural,Bus,1,3406.47,6
TRIP10802,USER7332,Rome,17-01-2025,21-02-2025,Business,Cruise,4,3277.07,6
TRIP10803,USER2954,Bangkok,16-09-2024,02-03-2025,Business,Cruise,3,2427.26,2
TRIP10804,USER9209,Istanbul,01-03-2025,07-04-2025,Adventure,Train,3,1969.03,4
TRIP10805,USER3260,Tokyo,12-07-2024,13-12-2024,Leisure,Car,2,2264.27,5
TRIP10806,USER5409,Rome,02-05-2024,06-12-2024,Adventure,Cruise,5,1885.19,7
TRIP10807,USER9167,Rome,04-12-2024,10-03-2025,Beach,Car,2,4593.92,4
TRIP10808,USER4384,Sydney,17-02-2025,09-04-2025,Adventure,Cruise,3,2373.3,4
TRIP10809,USER5305,Dubai,29-09-2024,21-01-2025,Leisure,Train,4,2236.4,8
TRIP10810,USER8324,New York,06-08-2024,07-10-2024,Leisure,Flight,1,1522.44,4
TRIP10811,USER3672,Paris,10-07-2024,19-11-2024,Leisure,Train,1,2589.24,6
TRIP10812,USER4447,Paris,28-01-2025,20-03-2025,Business,Car,2,3551.68,1
TRIP10813,USER3577,Barcelona,10-11-2024,30-11-2024,Beach,Bus,5,1133.87,4
TRIP10814,USER6139,Rome,24-01-2025,17-03-2025,Leisure,Flight,4,3968.64,9
TRIP10815,USER4370,Barcelona,06-12-2024,15-02-2025,Business,Flight,3,898.79,2
TRIP10816,USER2805,Dubai,17-10-2024,21-03-2025,Adventure,Cruise,2,3565.26,1
TRIP10817,USER6327,Rome,22-09-2024,22-01-2025,Leisure,Bus,3,1096.58,7
TRIP10818,USER4484,Barcelona,27-02-2025,30-03-2025,Beach,Bus,5,4162.63,9
TRIP10819,USER9110,Istanbul,21-03-2024,24-02-2025,Family,Flight,3,3563.4,2
TRIP10820,USER8692,London,13-05-2024,26-12-2024,Beach,Bus,4,1226.13,6
TRIP10821,USER8956,Rome,12-02-2025,16-03-2025,Cultural,Train,1,888.2,8
TRIP10822,USER1986,Tokyo,23-05-2024,24-05-2024,Business,Bus,1,4304.58,7
TRIP10823,USER7300,Sydney,16-05-2024,30-10-2024,Leisure,Bus,5,1238.35,6
TRIP10824,USER3699,Tokyo,15-10-2024,10-03-2025,Business,Bus,3,698.08,9
TRIP10825,USER9861,Paris,16-10-2024,04-02-2025,Beach,Car,4,4320.02,8
TRIP10826,USER5621,Sydney,19-07-2024,19-10-2024,Beach,Flight,2,3857.51,2
TRIP10827,USER1943,London,21-01-2025,31-01-2025,Cultural,Bus,2,696.04,10
TRIP10828,USER6380,Sydney,04-12-2024,27-12-2024,Beach,Car,1,1921.19,4
TRIP10829,USER4119,Rome,21-08-2024,11-02-2025,Family,Train,2,2084.43,1
TRIP10830,USER6889,Istanbul,17-10-2024,20-10-2024,Adventure,Car,5,1685.41,5
TRIP10831,USER2581,Bangkok,02-06-2024,16-11-2024,Leisure,Flight,4,3438.47,3
TRIP10832,USER2961,Tokyo,08-01-2025,15-01-2025,Cultural,Bus,5,3520.19,8
TRIP10833,USER2971,Paris,24-10-2024,14-04-2025,Leisure,Bus,1,4398.93,5
TRIP10834,USER8724,Dubai,18-07-2024,17-08-2024,Family,Flight,1,2046.04,5
TRIP10835,USER7407,Dubai,16-12-2024,27-02-2025,Business,Car,3,3820.82,2
TRIP10836,USER3868,Tokyo,30-06-2024,24-09-2024,Leisure,Train,1,3941.84,8
TRIP10837,USER8968,London,26-12-2024,06-01-2025,Adventure,Car,1,3377.04,9
TRIP10838,USER1480,New York,30-05-2024,23-06-2024,Family,Car,4,1320.32,5
TRIP10839,USER8896,New York,31-12-2024,17-02-2025,Business,Cruise,3,4081.22,2
TRIP10840,USER5821,Sydney,26-04-2024,11-05-2024,Adventure,Train,3,2162.7,3
TRIP10841,USER6285,New York,14-12-2024,25-02-2025,Leisure,Car,1,1599.21,9
TRIP10842,USER5497,Dubai,01-09-2024,10-09-2024,Cultural,Bus,1,3987.01,8
TRIP10843,USER1951,Rome,29-07-2024,03-04-2025,Adventure,Car,3,2708.32,3
TRIP10844,USER1635,Paris,20-03-2024,15-08-2024,Cultural,Bus,3,4914.55,10
TRIP10845,USER8965,Rome,12-02-2025,18-03-2025,Cultural,Bus,1,3585.46,3
TRIP10846,USER6223,Paris,15-08-2024,07-10-2024,Leisure,Flight,5,1516.7,10
TRIP10847,USER1750,Dubai,11-03-2025,06-04-2025,Family,Car,3,2046.81,1
TRIP10848,USER7388,Bangkok,09-08-2024,11-09-2024,Adventure,Car,4,3149.34,6
TRIP10849,USER9380,Sydney,05-09-2024,20-02-2025,Leisure,Cruise,3,2546.86,8
TRIP10850,USER7957,Barcelona,23-02-2025,14-03-2025,Adventure,Car,5,1518.56,1
TRIP10851,USER8533,Tokyo,15-07-2024,20-07-2024,Cultural,Train,1,4112.61,2
TRIP10852,USER8058,Barcelona,01-10-2024,13-01-2025,Family,Train,5,3389.57,9
TRIP10853,USER3169,Paris,14-01-2025,25-02-2025,Family,Flight,2,567.35,2
TRIP10854,USER5703,Bangkok,02-11-2024,03-11-2024,Beach,Flight,5,1998.06,5
TRIP10855,USER2070,Bangkok,21-05-2024,02-04-2025,Cultural,Bus,2,3669.37,5
TRIP10856,USER8181,Barcelona,10-12-2024,19-03-2025,Adventure,Cruise,5,3058.59,3
TRIP10857,USER2115,Rome,01-10-2024,06-02-2025,Business,Bus,2,683.46,1
TRIP10858,USER3480,Tokyo,05-12-2024,18-02-2025,Family,Cruise,5,2393.89,2
TRIP10859,USER8228,Sydney,23-08-2024,06-11-2024,Cultural,Flight,3,1824.38,10
TRIP10860,USER1970,Paris,19-10-2024,14-02-2025,Beach,Train,4,4667.63,9
TRIP10861,USER3519,Bangkok,06-10-2024,07-04-2025,Adventure,Car,3,992.86,5
TRIP10862,USER3706,Sydney,23-04-2024,05-05-2024,Cultural,Bus,2,2465.59,7
TRIP10863,USER6031,London,25-06-2024,31-10-2024,Beach,Cruise,1,4545.31,2
TRIP10864,USER2741,Paris,01-10-2024,25-01-2025,Beach,Bus,4,1181.93,3
TRIP10865,USER7146,Istanbul,09-07-2024,17-10-2024,Business,Flight,3,516.31,3
TRIP10866,USER5646,Paris,28-10-2024,23-02-2025,Adventure,Car,5,3169,5
TRIP10867,USER4459,New York,18-11-2024,26-12-2024,Leisure,Flight,1,2136.68,6
TRIP10868,USER3373,Sydney,12-02-2025,04-04-2025,Beach,Cruise,5,2616.24,1
TRIP10869,USER8205,Dubai,26-06-2024,08-10-2024,Cultural,Flight,2,4864.6,10
TRIP10870,USER5893,Tokyo,01-04-2024,02-01-2025,Adventure,Car,3,3366.16,4
TRIP10871,USER8937,Dubai,27-03-2024,10-05-2024,Leisure,Flight,1,1408.97,7
TRIP10872,USER2290,Bangkok,02-02-2025,12-04-2025,Leisure,Cruise,1,3456.16,5
TRIP10873,USER4467,Istanbul,28-04-2024,09-06-2024,Adventure,Flight,4,1606.35,5
TRIP10874,USER3286,Dubai,17-06-2024,22-11-2024,Leisure,Cruise,3,1308.36,9
TRIP10875,USER9894,Sydney,10-04-2024,26-08-2024,Adventure,Flight,1,1927.81,5
TRIP10876,USER5957,Istanbul,17-02-2025,31-03-2025,Beach,Bus,4,2883.61,2
TRIP10877,USER1524,Istanbul,13-04-2024,02-12-2024,Cultural,Flight,2,3041.1,4
TRIP10878,USER9537,Barcelona,28-06-2024,30-09-2024,Cultural,Flight,5,3384.6,6
TRIP10879,USER6330,Bangkok,18-09-2024,08-04-2025,Cultural,Cruise,5,2251.16,5
TRIP10880,USER2193,Sydney,05-02-2025,30-03-2025,Adventure,Flight,4,3434.19,3
TRIP10881,USER7825,Barcelona,01-06-2024,27-09-2024,Business,Cruise,4,3649.96,3
TRIP10882,USER5480,Dubai,02-10-2024,20-11-2024,Beach,Bus,5,2507.66,10
TRIP10883,USER5997,Dubai,18-08-2024,11-01-2025,Beach,Train,3,1866.57,5
TRIP10884,USER8359,London,23-07-2024,13-12-2024,Beach,Train,1,3773.24,6
TRIP10885,USER1185,Bangkok,02-07-2024,12-12-2024,Adventure,Bus,2,2252.83,6
TRIP10886,USER7339,Tokyo,02-12-2024,04-04-2025,Family,Car,3,1873.22,6
TRIP10887,USER5619,New York,25-07-2024,06-02-2025,Adventure,Cruise,1,916.02,8
TRIP10888,USER6797,Paris,20-12-2024,11-01-2025,Cultural,Cruise,4,630.25,7
TRIP10889,USER6233,Paris,30-06-2024,27-07-2024,Leisure,Train,2,4963.61,2
TRIP10890,USER7191,Sydney,29-05-2024,26-11-2024,Adventure,Flight,4,1534.58,10
TRIP10891,USER2594,Istanbul,16-12-2024,02-04-2025,Business,Flight,5,3060.88,5
TRIP10892,USER2873,New York,30-04-2024,08-12-2024,Beach,Flight,5,4185.23,4
TRIP10893,USER9574,Tokyo,25-05-2024,26-03-2025,Family,Train,4,1373.47,3
TRIP10894,USER4891,Barcelona,01-12-2024,05-02-2025,Adventure,Car,5,4670.37,8
TRIP10895,USER3540,London,05-05-2024,11-05-2024,Leisure,Train,3,990.18,1
TRIP10896,USER4621,Barcelona,31-08-2024,19-02-2025,Cultural,Train,4,4864.51,2
TRIP10897,USER9036,Bangkok,20-11-2024,21-12-2024,Leisure,Flight,5,4771.09,4
TRIP10898,USER8734,London,05-06-2024,23-01-2025,Business,Cruise,4,4666.89,5
TRIP10899,USER4915,Barcelona,24-12-2024,30-01-2025,Cultural,Train,1,4947.74,3
TRIP10900,USER9034,London,10-07-2024,19-09-2024,Cultural,Car,1,2081.74,8
TRIP10901,USER6176,Paris,28-03-2024,26-09-2024,Adventure,Flight,5,3475.37,6
TRIP10902,USER4861,Tokyo,22-09-2024,07-01-2025,Cultural,Flight,1,3704.03,7
TRIP10903,USER5218,London,19-11-2024,25-03-2025,Adventure,Flight,3,3375.48,1
TRIP10904,USER2276,Barcelona,23-10-2024,30-01-2025,Cultural,Flight,2,3870.59,8
TRIP10905,USER8149,Rome,12-08-2024,10-11-2024,Family,Bus,1,1773.31,1
TRIP10906,USER9886,London,03-06-2024,26-09-2024,Cultural,Train,3,1134.17,4
TRIP10907,USER7910,Dubai,05-07-2024,10-02-2025,Cultural,Cruise,5,1070.27,1
TRIP10908,USER8874,Barcelona,22-05-2024,26-09-2024,Business,Car,5,1142.12,8
TRIP10909,USER1852,London,08-07-2024,15-03-2025,Business,Train,5,997.03,3
TRIP10910,USER8097,Istanbul,03-06-2024,03-02-2025,Business,Car,3,4424.95,9
TRIP10911,USER3072,Barcelona,04-11-2024,01-01-2025,Adventure,Cruise,1,2054.03,9
TRIP10912,USER8342,New York,18-03-2024,02-05-2024,Family,Train,4,3943.29,2
TRIP10913,USER7296,Dubai,10-09-2024,13-09-2024,Beach,Car,2,4784.61,1
TRIP10914,USER7195,Tokyo,08-12-2024,07-04-2025,Business,Car,5,2611.23,10
TRIP10915,USER1087,Rome,15-01-2025,07-03-2025,Beach,Car,3,2156.15,6
TRIP10916,USER2138,Paris,29-12-2024,01-01-2025,Cultural,Flight,2,1029.03,3
TRIP10917,USER2560,Barcelona,07-08-2024,12-03-2025,Business,Train,4,4577.17,9
TRIP10918,USER7571,Bangkok,16-03-2024,04-09-2024,Cultural,Train,3,3752.34,2
TRIP10919,USER5977,Tokyo,02-08-2024,15-02-2025,Cultural,Train,4,762.09,7
TRIP10920,USER2123,London,12-04-2024,31-07-2024,Cultural,Train,1,1890.05,3
TRIP10921,USER5071,Barcelona,15-01-2025,27-01-2025,Cultural,Cruise,3,2169.98,7
TRIP10922,USER1876,London,08-08-2024,30-12-2024,Business,Bus,4,4432.76,1
TRIP10923,USER2929,New York,19-06-2024,27-09-2024,Beach,Car,2,602.25,9
TRIP10924,USER9173,Barcelona,26-04-2024,05-08-2024,Leisure,Flight,4,3338.73,1
TRIP10925,USER3147,London,09-03-2025,03-04-2025,Cultural,Train,1,1801.13,4
TRIP10926,USER8951,Rome,06-06-2024,29-08-2024,Cultural,Train,1,1999.92,5
TRIP10927,USER7191,Bangkok,31-03-2024,10-08-2024,Adventure,Car,3,1485.12,1
TRIP10928,USER6191,Paris,04-08-2024,24-09-2024,Beach,Flight,2,829.16,1
TRIP10929,USER7928,Istanbul,28-02-2025,12-03-2025,Beach,Cruise,2,2206.15,2
TRIP10930,USER4205,Sydney,26-05-2024,04-04-2025,Cultural,Flight,2,1951.03,9
TRIP10931,USER6504,Paris,13-04-2024,31-08-2024,Business,Cruise,2,1834.15,3
TRIP10932,USER5174,Bangkok,29-04-2024,22-02-2025,Beach,Cruise,4,1677.21,4
TRIP10933,USER6274,Bangkok,30-07-2024,05-12-2024,Cultural,Flight,3,4250.44,3
TRIP10934,USER9537,London,15-11-2024,01-12-2024,Leisure,Cruise,1,2077.45,5
TRIP10935,USER3935,Tokyo,01-02-2025,05-04-2025,Cultural,Car,1,1406.41,3
TRIP10936,USER9094,Paris,02-09-2024,11-11-2024,Family,Flight,3,2588.08,10
TRIP10937,USER4780,Paris,21-10-2024,16-03-2025,Beach,Car,4,2074.08,4
TRIP10938,USER9079,Rome,18-07-2024,21-08-2024,Business,Car,3,2068.94,8
TRIP10939,USER2620,Sydney,06-09-2024,02-10-2024,Family,Cruise,4,3406.96,6
TRIP10940,USER1028,Istanbul,11-07-2024,18-10-2024,Adventure,Flight,5,4129.81,5
TRIP10941,USER5249,Bangkok,20-01-2025,24-01-2025,Beach,Cruise,4,1715.2,7
TRIP10942,USER2747,Sydney,05-09-2024,01-12-2024,Family,Flight,3,780.25,6
TRIP10943,USER5078,Barcelona,02-05-2024,14-04-2025,Adventure,Bus,2,3420.02,10
TRIP10944,USER2824,Rome,28-05-2024,24-12-2024,Beach,Bus,4,4091.51,9
TRIP10945,USER3494,Bangkok,21-02-2025,14-03-2025,Business,Flight,1,4796.51,1
TRIP10946,USER2510,Istanbul,19-03-2024,26-03-2025,Family,Train,3,3393.58,8
TRIP10947,USER4641,New York,10-05-2024,18-02-2025,Cultural,Flight,5,2418.06,7
TRIP10949,USER4839,Paris,28-02-2025,29-03-2025,Family,Bus,5,1731.06,7
TRIP10950,USER5069,Paris,19-12-2024,08-04-2025,Beach,Car,4,581.43,3
TRIP10951,USER7482,Paris,11-06-2024,15-11-2024,Cultural,Cruise,3,4733.35,9
TRIP10952,USER8549,Paris,04-05-2024,13-04-2025,Cultural,Flight,3,2315.01,6
TRIP10953,USER6849,New York,08-12-2024,18-02-2025,Adventure,Flight,1,3419.06,5
TRIP10954,USER8711,London,17-12-2024,30-12-2024,Business,Bus,1,2937.73,2
TRIP10955,USER2683,Rome,28-11-2024,29-03-2025,Family,Car,4,3976.85,3
TRIP10956,USER9982,London,06-09-2024,06-04-2025,Cultural,Bus,1,4275.51,4
TRIP10957,USER2051,Bangkok,26-07-2024,03-09-2024,Leisure,Bus,5,3483.09,1
TRIP10958,USER5480,Barcelona,25-02-2025,03-04-2025,Business,Train,2,4285.32,7
TRIP10959,USER8106,Dubai,23-09-2024,09-10-2024,Adventure,Bus,5,3951.12,9
TRIP10960,USER5336,Sydney,06-11-2024,27-01-2025,Cultural,Cruise,3,4597.21,10
TRIP10961,USER6989,Istanbul,04-09-2024,20-01-2025,Leisure,Cruise,4,1639.23,8
TRIP10962,USER9004,Istanbul,15-01-2025,22-03-2025,Leisure,Bus,2,747.9,3
TRIP10963,USER5713,Paris,15-12-2024,28-01-2025,Leisure,Car,2,2641.57,3
TRIP10964,USER7794,Tokyo,03-06-2024,17-09-2024,Leisure,Car,3,2361.79,2
TRIP10965,USER2916,New York,30-06-2024,27-09-2024,Cultural,Flight,5,3174.85,6
TRIP10966,USER3539,Barcelona,11-07-2024,03-12-2024,Cultural,Train,1,1084.91,3
TRIP10967,USER1649,Barcelona,12-09-2024,14-02-2025,Adventure,Train,4,2703.57,5
TRIP10968,USER8813,Istanbul,25-10-2024,01-11-2024,Adventure,Bus,2,4093.41,8
TRIP10969,USER1454,Istanbul,28-08-2024,20-10-2024,Business,Flight,3,3036.21,5
TRIP10970,USER3820,London,10-05-2024,06-01-2025,Leisure,Car,5,3969.22,6
TRIP10971,USER1525,Istanbul,03-12-2024,10-12-2024,Family,Car,2,3936.76,3
TRIP10972,USER1813,Dubai,02-11-2024,14-04-2025,Beach,Bus,3,4021.15,2
TRIP10973,USER9072,Sydney,11-07-2024,26-01-2025,Leisure,Flight,4,3571.35,6
TRIP10974,USER1958,Bangkok,02-11-2024,04-01-2025,Adventure,Flight,1,4798.94,4
TRIP10975,USER2700,Paris,26-09-2024,03-12-2024,Family,Flight,3,2943.9,9
TRIP10976,USER6853,Rome,27-04-2024,26-11-2024,Beach,Flight,4,4124.08,3
TRIP10977,USER7703,Dubai,04-06-2024,30-06-2024,Leisure,Cruise,3,4740.19,8
TRIP10978,USER6818,Tokyo,27-09-2024,17-02-2025,Business,Train,5,4658.98,1
TRIP10979,USER9502,Paris,26-10-2024,28-01-2025,Leisure,Flight,5,2634.46,6
TRIP10980,USER4459,Barcelona,07-02-2025,08-02-2025,Business,Cruise,4,743.57,6
TRIP10981,USER5297,Rome,28-01-2025,04-02-2025,Beach,Bus,4,2553.09,8
TRIP10982,USER6199,Bangkok,23-09-2024,24-03-2025,Family,Train,3,3419.59,7
TRIP10983,USER7802,Tokyo,07-10-2024,28-10-2024,Leisure,Cruise,4,676.49,7
TRIP10984,USER6032,Barcelona,06-10-2024,23-03-2025,Leisure,Train,4,4012.7,3
TRIP10985,USER9668,Bangkok,08-11-2024,03-02-2025,Adventure,Car,4,2918.69,7
TRIP10986,USER6917,Dubai,12-02-2025,26-02-2025,Adventure,Bus,3,4501.69,1
TRIP10987,USER8344,Istanbul,01-01-2025,14-03-2025,Family,Train,4,3236.47,1
TRIP10988,USER5264,Barcelona,14-03-2025,03-04-2025,Beach,Cruise,4,3402.25,3
TRIP10989,USER5295,London,29-08-2024,14-11-2024,Leisure,Car,1,4116.09,3
TRIP10990,USER4810,Istanbul,12-05-2024,06-10-2024,Business,Car,5,1897.42,3
TRIP10991,USER2524,Istanbul,01-04-2024,14-12-2024,Cultural,Cruise,3,872.68,6
TRIP10992,USER8415,Paris,26-07-2024,23-12-2024,Cultural,Cruise,2,831.67,8
TRIP10993,USER5167,Sydney,11-07-2024,05-04-2025,Family,Train,1,4492.28,2
TRIP10994,USER3848,Istanbul,11-05-2024,04-01-2025,Adventure,Train,5,4182.66,8
TRIP10995,USER3611,London,20-01-2025,12-02-2025,Cultural,Car,4,1276.86,2
TRIP10996,USER3193,London,15-11-2024,13-03-2025,Family,Flight,5,3698.25,4
TRIP10997,USER5635,Paris,08-11-2024,14-03-2025,Cultural,Bus,5,1841.84,9
TRIP10998,USER3381,Rome,21-06-2024,24-12-2024,Business,Bus,5,1337.57,1
TRIP10999,USER3889,Paris,25-01-2025,03-03-2025,Family,Flight,1,3717.27,7
TRIP11000,USER3740,London,05-10-2024,03-12-2024,Family,Flight,3,819.56,6
TRIP11001,USER8126,Istanbul,02-04-2024,13-03-2025,Business,Cruise,1,4861.43,9
TRIP11002,USER5414,Istanbul,30-06-2024,21-07-2024,Cultural,Flight,3,4596.86,9
TRIP11003,USER6583,Barcelona,17-06-2024,15-01-2025,Leisure,Cruise,3,1669.72,5
TRIP11004,USER7430,Sydney,05-03-2025,27-03-2025,Leisure,Car,5,2786.73,4
TRIP11005,USER7722,Bangkok,17-06-2024,12-11-2024,Beach,Cruise,1,2608.27,7
TRIP11006,USER1241,Paris,11-09-2024,31-01-2025,Business,Car,4,1485.14,2
TRIP11007,USER5339,Paris,10-06-2024,04-10-2024,Leisure,Car,1,4098.5,10
TRIP11008,USER2190,Tokyo,16-07-2024,11-02-2025,Cultural,Cruise,4,2100.9,6
TRIP11009,USER1706,New York,09-04-2024,07-04-2025,Leisure,Car,1,1131.64,1
TRIP11010,USER8273,Bangkok,04-04-2024,22-05-2024,Leisure,Flight,1,3528.74,2
TRIP11011,USER1984,Bangkok,11-01-2025,09-04-2025,Adventure,Train,5,2007.87,8
TRIP11012,USER2674,Istanbul,31-05-2024,12-01-2025,Leisure,Cruise,2,3991.76,10
TRIP11013,USER9159,Dubai,03-04-2024,01-03-2025,Cultural,Flight,5,581.14,10
TRIP11015,USER9139,Rome,18-01-2025,30-03-2025,Cultural,Train,4,1171.69,10
TRIP11016,USER3010,Paris,09-11-2024,29-01-2025,Adventure,Bus,1,820.28,6
TRIP11017,USER3256,Barcelona,15-05-2024,26-09-2024,Family,Flight,5,3597.69,8
TRIP11018,USER3237,Paris,04-09-2024,11-10-2024,Adventure,Cruise,3,2762.93,8
TRIP11019,USER7816,Barcelona,19-07-2024,29-09-2024,Business,Train,3,2834.68,2
TRIP11020,USER8952,Tokyo,25-05-2024,30-09-2024,Adventure,Bus,2,1655.14,3
TRIP11021,USER3110,Tokyo,23-06-2024,03-08-2024,Adventure,Flight,3,2871.68,6
TRIP11022,USER8535,London,13-10-2024,10-02-2025,Adventure,Bus,4,4852.16,8
TRIP11023,USER9074,Bangkok,20-11-2024,30-12-2024,Adventure,Car,5,540.78,5
TRIP11024,USER8546,Rome,17-11-2024,15-03-2025,Family,Flight,3,4192.67,4
TRIP11025,USER5063,Sydney,10-09-2024,13-10-2024,Cultural,Cruise,2,3416.62,8
TRIP11026,USER7057,Bangkok,13-11-2024,19-02-2025,Cultural,Bus,4,2466.28,3
TRIP11027,USER3987,New York,25-06-2024,17-02-2025,Adventure,Bus,5,2017.11,3
TRIP11028,USER4983,Sydney,09-02-2025,20-03-2025,Family,Cruise,4,4718.34,5
TRIP11029,USER3822,Paris,09-08-2024,25-02-2025,Adventure,Car,1,1283.48,2
TRIP11030,USER6485,Barcelona,06-09-2024,18-02-2025,Business,Bus,1,545.24,5
TRIP11031,USER4239,Bangkok,10-08-2024,08-02-2025,Leisure,Cruise,4,2096.23,10
TRIP11032,USER1035,Rome,16-09-2024,07-03-2025,Beach,Cruise,5,4164.71,3
TRIP11033,USER2474,Sydney,09-05-2024,24-07-2024,Beach,Train,5,657.51,1
TRIP11034,USER5877,Paris,25-05-2024,30-09-2024,Business,Car,2,1928.48,1
TRIP11035,USER9279,Istanbul,01-02-2025,10-03-2025,Cultural,Train,3,1001.33,2
TRIP11036,USER9424,New York,02-02-2025,26-02-2025,Leisure,Bus,5,2170.97,2
TRIP11037,USER6471,Dubai,28-03-2024,23-11-2024,Adventure,Bus,5,1711.6,8
TRIP11038,USER9690,Istanbul,04-10-2024,22-02-2025,Leisure,Car,2,3936.48,10
TRIP11039,USER4406,Barcelona,20-03-2024,13-04-2025,Cultural,Bus,2,4838.75,7
TRIP11040,USER4101,Bangkok,26-03-2024,03-10-2024,Family,Bus,5,1894.62,8
TRIP11041,USER5590,Sydney,07-08-2024,18-02-2025,Adventure,Car,1,1170.3,9
TRIP11042,USER4924,Paris,22-04-2024,27-12-2024,Cultural,Car,3,3884.37,4
TRIP11043,USER2699,Dubai,23-04-2024,17-06-2024,Business,Car,3,1087.56,1
TRIP11044,USER8494,New York,10-05-2024,19-11-2024,Adventure,Bus,1,3127.52,4
TRIP11045,USER2781,Istanbul,30-06-2024,17-11-2024,Business,Car,3,1528.5,7
TRIP11046,USER1568,London,06-08-2024,29-10-2024,Cultural,Bus,3,746.14,5
TRIP11047,USER8358,Dubai,17-05-2024,29-10-2024,Business,Train,4,697.17,5
TRIP11048,USER2490,Sydney,10-02-2025,09-03-2025,Adventure,Flight,2,4321.08,3
TRIP11049,USER5502,Bangkok,07-09-2024,07-10-2024,Beach,Car,1,1813.74,9
TRIP11050,USER8149,New York,04-04-2024,02-03-2025,Beach,Flight,4,2994.36,3
TRIP11051,USER6042,Bangkok,23-09-2024,24-12-2024,Leisure,Cruise,3,1737.59,7
TRIP11052,USER6548,Tokyo,07-01-2025,06-04-2025,Family,Cruise,5,1786.03,10
TRIP11053,USER6947,Dubai,19-08-2024,19-10-2024,Cultural,Flight,5,4518.69,7
TRIP11054,USER8747,Rome,20-01-2025,23-03-2025,Family,Cruise,1,4805.62,1
TRIP11055,USER2530,Sydney,09-01-2025,23-01-2025,Business,Bus,4,2741.05,5
TRIP11056,USER3261,Bangkok,11-05-2024,11-11-2024,Family,Train,4,1055.31,9
TRIP11057,USER7207,Dubai,30-10-2024,01-01-2025,Leisure,Train,5,1392.71,4
TRIP11058,USER6876,New York,22-04-2024,28-09-2024,Cultural,Bus,4,3020.39,8
TRIP11059,USER2810,Sydney,16-01-2025,06-04-2025,Family,Flight,3,2997.97,6
TRIP11060,USER6179,Sydney,29-04-2024,06-02-2025,Adventure,Train,4,3736.68,9
TRIP11061,USER2105,Sydney,17-06-2024,05-08-2024,Adventure,Flight,5,2342.44,3
TRIP11062,USER3255,Tokyo,20-09-2024,05-03-2025,Family,Car,1,945.66,8
TRIP11063,USER4506,Sydney,04-12-2024,26-02-2025,Family,Car,4,1417.16,2
TRIP11064,USER2881,Bangkok,04-10-2024,10-01-2025,Cultural,Cruise,1,2700.76,6
TRIP11065,USER3099,Sydney,11-07-2024,02-04-2025,Adventure,Car,2,1508.22,3
TRIP11066,USER2383,Paris,13-04-2024,17-05-2024,Leisure,Flight,4,3761.82,7
TRIP11067,USER4675,Dubai,10-09-2024,20-09-2024,Beach,Flight,1,1355.74,9
TRIP11068,USER8010,Sydney,18-05-2024,20-10-2024,Cultural,Car,5,1808.68,5
TRIP11069,USER1945,Istanbul,30-03-2024,29-07-2024,Business,Train,5,3236.78,7
TRIP11070,USER3868,New York,02-05-2024,01-03-2025,Beach,Cruise,5,3471.93,8
TRIP11071,USER5816,Tokyo,12-11-2024,29-03-2025,Business,Bus,4,4141.45,10
TRIP11072,USER9618,Barcelona,11-06-2024,04-11-2024,Leisure,Train,1,823.04,9
TRIP11074,USER5484,Tokyo,14-09-2024,23-11-2024,Beach,Train,3,1393.98,9
TRIP11075,USER5477,New York,19-06-2024,08-08-2024,Leisure,Cruise,5,1545.9,6
TRIP11076,USER3088,Istanbul,17-05-2024,26-08-2024,Leisure,Flight,3,675.17,7
TRIP11077,USER3691,Rome,30-05-2024,21-11-2024,Beach,Car,5,2147.69,4
TRIP11078,USER9338,Bangkok,08-07-2024,24-02-2025,Beach,Cruise,3,4676.8,6
TRIP11079,USER3792,Bangkok,14-10-2024,09-11-2024,Cultural,Bus,1,3045.7,6
TRIP11080,USER4004,Rome,15-08-2024,13-04-2025,Leisure,Train,3,4884.12,6
TRIP11081,USER9890,Istanbul,03-11-2024,26-11-2024,Family,Flight,3,4045.87,8
TRIP11082,USER1326,Istanbul,10-04-2024,18-05-2024,Adventure,Train,1,2608.5,1
TRIP11083,USER9031,New York,03-01-2025,17-01-2025,Adventure,Flight,1,3098.24,3
TRIP11084,USER5828,Tokyo,14-04-2024,02-09-2024,Beach,Flight,3,3317.49,5
TRIP11085,USER8447,Sydney,03-03-2025,14-04-2025,Beach,Train,2,2028.97,5
TRIP11086,USER2410,Paris,10-04-2024,15-04-2024,Beach,Flight,4,1895.76,8
TRIP11087,USER3511,Paris,14-10-2024,07-11-2024,Family,Flight,4,1523.3,10
TRIP11088,USER6162,Istanbul,11-12-2024,08-01-2025,Leisure,Flight,5,532.8,5
TRIP11089,USER8230,Tokyo,20-02-2025,10-04-2025,Beach,Train,2,3751.15,6
TRIP11090,USER6247,Paris,19-06-2024,12-07-2024,Cultural,Train,1,3243.22,3
TRIP11091,USER3938,Tokyo,03-02-2025,24-03-2025,Family,Flight,4,2966.18,8
TRIP11092,USER1177,Rome,02-02-2025,12-02-2025,Cultural,Train,1,4373.14,8
TRIP11093,USER2657,Paris,13-03-2025,01-04-2025,Adventure,Bus,1,4085.87,2
TRIP11094,USER3098,London,27-04-2024,18-06-2024,Adventure,Bus,1,4675.96,4
TRIP11095,USER7282,Istanbul,31-10-2024,26-01-2025,Leisure,Car,1,3359.77,5
TRIP11096,USER3793,New York,16-04-2024,04-05-2024,Beach,Car,2,4181.48,7
TRIP11097,USER5689,Rome,14-04-2024,10-08-2024,Adventure,Car,3,3193.98,5
TRIP11098,USER9509,Barcelona,30-10-2024,30-01-2025,Beach,Bus,1,3731.32,8
TRIP11099,USER3299,New York,11-07-2024,14-07-2024,Cultural,Flight,4,1643.35,1
TRIP11100,USER1465,Dubai,13-10-2024,12-04-2025,Beach,Car,1,3955.85,1
TRIP11101,USER4483,Paris,23-05-2024,08-04-2025,Beach,Cruise,2,1550.51,7
TRIP11102,USER1753,Bangkok,14-07-2024,09-09-2024,Cultural,Cruise,5,2756.29,9
TRIP11103,USER6701,Rome,30-06-2024,27-12-2024,Cultural,Car,4,3238.77,8
TRIP11104,USER8910,Istanbul,02-09-2024,30-12-2024,Leisure,Car,4,2458.09,9
TRIP11105,USER5226,Paris,14-10-2024,26-01-2025,Beach,Train,2,4577.74,9
TRIP11106,USER2748,Rome,07-05-2024,25-12-2024,Family,Cruise,4,2017.69,2
TRIP11107,USER7406,Rome,07-11-2024,13-03-2025,Leisure,Train,1,2507.47,9
TRIP11108,USER1600,Bangkok,25-05-2024,04-07-2024,Beach,Car,4,4539.52,8
TRIP11109,USER1070,Bangkok,09-07-2024,16-02-2025,Business,Bus,3,1293.1,6
TRIP11110,USER1367,Tokyo,07-07-2024,13-11-2024,Leisure,Bus,1,2055.11,5
TRIP11111,USER1532,Bangkok,07-04-2024,02-07-2024,Family,Car,4,1195.09,10
TRIP11112,USER1765,Tokyo,08-04-2024,19-05-2024,Cultural,Flight,2,1924.59,6
TRIP11113,USER2762,Tokyo,18-02-2025,06-03-2025,Business,Cruise,5,1234.9,6
TRIP11114,USER1100,Paris,05-02-2025,24-03-2025,Cultural,Car,1,2437.54,5
TRIP11115,USER2603,Barcelona,15-02-2025,22-03-2025,Business,Car,3,958.96,7
TRIP11116,USER2418,London,01-06-2024,16-02-2025,Leisure,Car,3,1567.53,9
TRIP11117,USER4981,Dubai,14-06-2024,17-10-2024,Family,Train,4,4396.1,9
TRIP11118,USER6251,Paris,13-03-2025,18-03-2025,Beach,Cruise,4,3593.73,2
TRIP11119,USER7920,Sydney,01-01-2025,16-03-2025,Leisure,Car,4,2248.86,1
TRIP11120,USER9363,Paris,20-06-2024,06-03-2025,Business,Train,2,765.36,8
TRIP11121,USER1959,Dubai,16-07-2024,22-01-2025,Business,Train,5,3408.33,10
TRIP11122,USER3657,Sydney,18-06-2024,29-10-2024,Family,Flight,2,1011.46,1
TRIP11123,USER9508,Paris,31-10-2024,22-02-2025,Beach,Cruise,3,584.88,7
TRIP11124,USER4724,Sydney,12-08-2024,21-11-2024,Leisure,Bus,5,2579.77,5
TRIP11125,USER2055,Barcelona,09-10-2024,05-11-2024,Beach,Bus,2,2033.62,6
TRIP11126,USER8965,Sydney,19-09-2024,29-11-2024,Family,Car,4,4204.58,3
TRIP11127,USER2514,New York,28-12-2024,29-01-2025,Family,Cruise,1,2141.57,5
TRIP11128,USER2367,Dubai,02-01-2025,06-04-2025,Beach,Train,5,1930.5,1
TRIP11129,USER5953,Tokyo,13-02-2025,04-04-2025,Leisure,Bus,5,838.28,5
TRIP11130,USER4327,Istanbul,29-09-2024,16-10-2024,Business,Cruise,2,1155.91,1
TRIP11131,USER6567,New York,18-03-2024,28-07-2024,Beach,Bus,4,896.95,7
TRIP11132,USER9388,Rome,06-11-2024,06-04-2025,Adventure,Bus,5,3794.5,3
TRIP11133,USER2150,Istanbul,24-09-2024,12-10-2024,Beach,Bus,5,4830,2
TRIP11134,USER7676,London,16-03-2025,27-03-2025,Beach,Flight,3,4588.03,6
TRIP11135,USER7115,Barcelona,30-09-2024,27-02-2025,Business,Train,4,3167.02,8
TRIP11136,USER1279,Tokyo,29-04-2024,25-01-2025,Family,Cruise,1,1895.86,7
TRIP11137,USER6609,Dubai,06-05-2024,03-11-2024,Cultural,Bus,4,1116.87,1
TRIP11138,USER9641,Barcelona,21-05-2024,17-09-2024,Cultural,Car,2,2489.22,10
TRIP11139,USER9742,Paris,10-11-2024,27-12-2024,Business,Cruise,1,1990.34,10
TRIP11140,USER3241,Sydney,22-05-2024,14-10-2024,Business,Cruise,2,4648.59,9
TRIP11141,USER3635,Bangkok,25-04-2024,21-05-2024,Business,Car,4,581.51,7
TRIP11142,USER6630,Paris,14-07-2024,02-04-2025,Leisure,Train,2,1907.78,8
TRIP11143,USER4232,Bangkok,04-01-2025,31-01-2025,Business,Bus,2,4085.21,10
TRIP11144,USER1782,Bangkok,05-09-2024,04-01-2025,Leisure,Cruise,3,4040.51,3
TRIP11145,USER7651,New York,21-06-2024,28-12-2024,Business,Bus,1,886.2,8
TRIP11146,USER4041,Istanbul,22-05-2024,18-09-2024,Adventure,Car,2,2006.52,3
TRIP11147,USER2684,Sydney,01-02-2025,26-03-2025,Business,Train,4,3636.09,7
TRIP11148,USER3716,Bangkok,03-01-2025,08-01-2025,Family,Cruise,2,3066.96,7
TRIP11149,USER6718,Paris,09-08-2024,02-03-2025,Leisure,Car,2,1167.65,5
TRIP11150,USER1741,Tokyo,27-09-2024,06-02-2025,Family,Train,2,4786.62,6
TRIP11151,USER8724,Paris,06-11-2024,05-03-2025,Business,Flight,3,4466.39,2
TRIP11152,USER8060,New York,03-02-2025,22-02-2025,Beach,Flight,2,4757.55,10
TRIP11153,USER2419,Paris,06-05-2024,21-01-2025,Family,Car,3,3464.58,3
TRIP11154,USER7023,Istanbul,26-03-2024,09-05-2024,Business,Bus,3,1116.83,1
TRIP11155,USER8528,Barcelona,26-03-2024,14-07-2024,Leisure,Car,4,3196.18,2
TRIP11156,USER5073,Dubai,21-07-2024,08-09-2024,Family,Cruise,4,2266.29,1
TRIP11157,USER3283,Bangkok,01-09-2024,06-09-2024,Leisure,Bus,2,1759.48,10
TRIP11158,USER2598,Bangkok,17-10-2024,20-11-2024,Business,Bus,3,3281.35,6
TRIP11159,USER4417,Istanbul,24-07-2024,20-11-2024,Leisure,Train,3,3487.81,1
TRIP11160,USER9022,Barcelona,31-01-2025,17-02-2025,Cultural,Flight,3,1573.12,2
TRIP11161,USER8088,Sydney,13-09-2024,30-10-2024,Leisure,Flight,3,1328.54,8
TRIP11162,USER2748,Bangkok,03-06-2024,10-11-2024,Family,Cruise,2,3457.28,10
TRIP11163,USER5375,London,28-04-2024,26-12-2024,Beach,Cruise,5,3530.41,8
TRIP11164,USER7050,Sydney,04-11-2024,12-01-2025,Beach,Flight,1,3616.38,6
TRIP11165,USER8666,Sydney,27-01-2025,10-04-2025,Beach,Bus,2,4126.21,1
TRIP11166,USER3534,Rome,18-01-2025,05-03-2025,Beach,Train,4,4065.76,6
TRIP11167,USER4995,Tokyo,08-10-2024,31-10-2024,Cultural,Train,4,2704.55,7
TRIP11168,USER6020,Sydney,01-04-2024,13-02-2025,Beach,Car,1,3951.12,7
TRIP11169,USER9890,Istanbul,15-03-2025,27-03-2025,Family,Train,5,3361.58,3
TRIP11170,USER8229,Bangkok,11-08-2024,04-02-2025,Beach,Cruise,2,3122.78,10
TRIP11171,USER7736,Istanbul,18-07-2024,22-07-2024,Business,Bus,5,3829.3,6
TRIP11172,USER6735,Paris,05-01-2025,27-01-2025,Beach,Flight,2,2835.97,5
TRIP11173,USER7480,Paris,10-03-2025,17-03-2025,Cultural,Train,3,2462.08,7
TRIP11174,USER5670,Paris,09-12-2024,17-02-2025,Beach,Car,3,661.68,7
TRIP11175,USER7482,Paris,27-09-2024,20-12-2024,Leisure,Train,4,651.48,2
TRIP11176,USER9891,Bangkok,28-01-2025,01-03-2025,Leisure,Car,1,4137.97,3
TRIP11177,USER1823,Bangkok,16-11-2024,27-01-2025,Family,Car,1,2134.12,4
TRIP11178,USER3372,Istanbul,07-05-2024,20-05-2024,Adventure,Train,2,3512.56,7
TRIP11179,USER1639,Paris,23-04-2024,07-05-2024,Leisure,Train,3,4826.54,7
TRIP11180,USER9313,Bangkok,13-05-2024,06-03-2025,Adventure,Car,1,2739.57,7
TRIP11181,USER6269,London,09-03-2025,03-04-2025,Adventure,Car,4,3258,1
TRIP11182,USER8658,London,08-07-2024,22-08-2024,Cultural,Cruise,4,3927.85,2
TRIP11183,USER9496,Bangkok,15-10-2024,21-11-2024,Business,Train,3,825.11,5
TRIP11184,USER8385,Bangkok,22-04-2024,09-11-2024,Business,Car,4,587.87,7
TRIP11185,USER9554,Rome,04-05-2024,09-03-2025,Beach,Train,1,4384.37,1
TRIP11186,USER9599,Istanbul,24-02-2025,08-04-2025,Cultural,Flight,4,1955.66,4
TRIP11187,USER6718,London,20-09-2024,08-03-2025,Family,Cruise,5,3515.4,3
TRIP11188,USER6034,Rome,21-10-2024,01-04-2025,Beach,Bus,5,2246.79,10
TRIP11189,USER2983,Sydney,16-03-2024,23-08-2024,Leisure,Bus,5,903.27,9
TRIP11190,USER3209,Istanbul,12-02-2025,14-02-2025,Business,Flight,1,1614.22,10
TRIP11191,USER8924,Dubai,03-11-2024,31-12-2024,Family,Cruise,3,2485.53,5
TRIP11192,USER5703,Dubai,17-02-2025,19-03-2025,Business,Bus,1,3851.89,10
TRIP11193,USER7436,London,30-01-2025,02-04-2025,Business,Flight,4,1876.18,5
TRIP11195,USER4850,Barcelona,13-02-2025,19-02-2025,Family,Cruise,3,4544.38,10
TRIP11196,USER4813,Barcelona,11-03-2025,05-04-2025,Cultural,Car,2,2723.23,8
TRIP11197,USER2720,Sydney,14-09-2024,26-12-2024,Leisure,Cruise,1,2541.75,1
TRIP11198,USER3749,Rome,29-08-2024,27-11-2024,Cultural,Bus,3,2582.13,3
TRIP11199,USER4299,London,09-04-2024,06-03-2025,Cultural,Flight,3,2544.72,4
TRIP11200,USER8505,London,17-01-2025,16-03-2025,Beach,Bus,4,1117.71,8
TRIP11201,USER6199,Paris,04-04-2024,20-07-2024,Beach,Bus,2,554.65,5
TRIP11202,USER9705,Sydney,13-12-2024,21-01-2025,Beach,Cruise,1,4702.91,8
TRIP11203,USER6418,Dubai,23-08-2024,25-10-2024,Business,Train,1,2636.18,4
TRIP11204,USER3170,Bangkok,06-08-2024,18-03-2025,Family,Flight,3,2797.91,9
TRIP11205,USER8710,London,12-11-2024,29-11-2024,Family,Train,3,3480.18,6
TRIP11206,USER7545,Tokyo,14-10-2024,31-12-2024,Family,Bus,2,3937.62,6
TRIP11207,USER8812,Barcelona,15-04-2024,15-10-2024,Adventure,Bus,3,3207.38,7
TRIP11208,USER7797,Paris,11-02-2025,13-04-2025,Beach,Train,5,4793.62,5
TRIP11209,USER7325,Sydney,07-01-2025,14-03-2025,Leisure,Bus,1,1206.83,1
TRIP11210,USER8666,Rome,14-12-2024,28-01-2025,Business,Bus,4,3288.8,5
TRIP11211,USER1729,Sydney,18-06-2024,28-12-2024,Leisure,Flight,4,3504.04,4
TRIP11212,USER9076,Bangkok,27-09-2024,10-12-2024,Adventure,Flight,5,1034.65,10
TRIP11213,USER1340,Tokyo,09-01-2025,26-02-2025,Leisure,Car,5,3993.46,10
TRIP11214,USER3260,Rome,09-06-2024,22-06-2024,Leisure,Flight,3,1910.06,5
TRIP11215,USER8971,Tokyo,31-01-2025,24-02-2025,Cultural,Car,1,2707.45,9
TRIP11216,USER9698,New York,22-08-2024,28-12-2024,Business,Bus,4,4281.92,1
TRIP11217,USER9132,Istanbul,29-10-2024,08-12-2024,Family,Bus,5,3757.29,7
TRIP11218,USER9310,New York,13-08-2024,14-08-2024,Cultural,Car,5,4598.68,10
TRIP11219,USER1167,Paris,16-03-2025,26-03-2025,Beach,Train,2,4532.96,10
TRIP11220,USER1862,Sydney,17-12-2024,12-01-2025,Business,Car,4,4071.12,2
TRIP11221,USER7820,Sydney,11-09-2024,21-11-2024,Business,Flight,3,4392.3,10
TRIP11222,USER5347,London,03-01-2025,10-01-2025,Business,Cruise,2,4288.91,6
TRIP11223,USER4847,Dubai,11-03-2025,30-03-2025,Beach,Bus,2,700.6,10
TRIP11224,USER4882,Istanbul,04-02-2025,01-03-2025,Leisure,Car,1,3547.44,2
TRIP11225,USER3991,Sydney,03-08-2024,04-04-2025,Beach,Cruise,1,3824.06,1
TRIP11226,USER4413,Dubai,19-07-2024,15-10-2024,Adventure,Bus,2,4218.83,3
TRIP11227,USER2398,Paris,13-03-2025,27-03-2025,Adventure,Car,3,2249.3,9
TRIP11228,USER4902,Paris,09-12-2024,11-01-2025,Leisure,Flight,3,3948.71,2
TRIP11229,USER6551,Rome,03-06-2024,12-08-2024,Family,Car,1,2889.15,4
TRIP11230,USER8003,Paris,06-03-2025,25-03-2025,Business,Train,2,3184.02,8
TRIP11231,USER3802,Paris,20-03-2024,02-04-2024,Cultural,Car,1,1002.37,3
TRIP11232,USER9258,New York,31-01-2025,09-04-2025,Business,Car,5,840.72,5
TRIP11233,USER7602,Dubai,23-04-2024,15-07-2024,Business,Bus,5,3878.73,4
TRIP11234,USER8936,Barcelona,19-09-2024,30-11-2024,Family,Car,5,2927.61,4
TRIP11235,USER9243,Dubai,08-05-2024,01-12-2024,Business,Train,1,3105.13,3
TRIP11236,USER4601,Istanbul,22-08-2024,02-01-2025,Cultural,Car,3,1757.31,9
TRIP11237,USER7535,London,16-09-2024,02-12-2024,Beach,Flight,1,2606.35,3
TRIP11238,USER9225,Istanbul,22-08-2024,09-11-2024,Adventure,Car,5,2149.88,5
TRIP11239,USER1660,Istanbul,21-08-2024,16-10-2024,Business,Bus,3,1350.72,7
TRIP11240,USER7081,Paris,17-10-2024,03-11-2024,Business,Flight,1,2990.14,9
TRIP11241,USER2896,London,22-01-2025,29-01-2025,Adventure,Train,1,4490.99,5
TRIP11242,USER6526,Bangkok,15-07-2024,07-12-2024,Beach,Car,5,2463.38,9
TRIP11243,USER1732,Bangkok,23-04-2024,30-09-2024,Family,Car,2,4349.6,4
TRIP11244,USER6867,London,30-08-2024,04-12-2024,Leisure,Bus,5,2651.14,1
TRIP11245,USER8290,Rome,07-01-2025,13-03-2025,Beach,Car,2,2137.83,10
TRIP11246,USER5818,Bangkok,21-09-2024,21-10-2024,Adventure,Cruise,1,2932.33,8
TRIP11247,USER8040,Istanbul,10-07-2024,14-11-2024,Cultural,Train,2,930.25,4
TRIP11248,USER7753,Istanbul,19-02-2025,11-03-2025,Leisure,Flight,4,3995.32,5
TRIP11249,USER6097,Rome,21-06-2024,22-10-2024,Cultural,Cruise,3,4233.9,2
TRIP11250,USER2346,Rome,22-07-2024,10-10-2024,Business,Bus,2,3505.75,8
TRIP11251,USER8007,Sydney,05-09-2024,22-11-2024,Adventure,Train,5,3210.61,5
TRIP11252,USER3447,Paris,28-01-2025,07-04-2025,Adventure,Flight,5,3197.95,3
TRIP11253,USER3133,Sydney,16-09-2024,05-02-2025,Cultural,Flight,3,538.88,10
TRIP11254,USER3792,Paris,15-07-2024,17-08-2024,Business,Flight,2,2614.38,6
TRIP11255,USER2472,London,30-04-2024,03-01-2025,Adventure,Cruise,3,1601.94,8
TRIP11256,USER7991,Bangkok,08-06-2024,28-02-2025,Cultural,Train,4,620.49,8
TRIP11257,USER9341,Sydney,29-03-2024,05-12-2024,Leisure,Cruise,4,3059.54,4
TRIP11258,USER3152,Tokyo,14-09-2024,14-09-2024,Leisure,Flight,1,2410.68,9
TRIP11259,USER3584,New York,20-09-2024,12-12-2024,Adventure,Bus,3,621.03,7
TRIP11260,USER6404,Rome,30-09-2024,05-10-2024,Beach,Car,4,2462.13,6
TRIP11261,USER4748,Paris,04-07-2024,02-02-2025,Business,Flight,4,2246,2
TRIP11262,USER4826,Paris,28-01-2025,15-03-2025,Business,Train,3,3722.61,6
TRIP11263,USER1269,Rome,16-10-2024,18-10-2024,Cultural,Flight,3,2861.01,2
TRIP11265,USER9745,Tokyo,02-10-2024,15-10-2024,Adventure,Flight,4,4468.86,6
TRIP11266,USER2155,Rome,23-05-2024,03-12-2024,Business,Car,2,3439.05,8
TRIP11267,USER4851,Paris,16-08-2024,25-08-2024,Business,Bus,3,860.62,8
TRIP11268,USER9851,Sydney,18-01-2025,05-02-2025,Leisure,Train,3,2565.19,4
TRIP11269,USER8514,Dubai,24-07-2024,06-08-2024,Beach,Cruise,3,1376.51,1
TRIP11270,USER5754,Istanbul,29-01-2025,30-03-2025,Business,Flight,2,2375.56,10
TRIP11271,USER5091,Bangkok,18-10-2024,22-12-2024,Beach,Train,1,4572.88,5
TRIP11272,USER4812,New York,09-03-2025,13-03-2025,Family,Train,3,1684.62,8
TRIP11273,USER9343,Tokyo,10-10-2024,06-04-2025,Leisure,Flight,2,3790.85,4
TRIP11274,USER8148,Barcelona,18-01-2025,24-03-2025,Cultural,Bus,5,1528.39,4
TRIP11275,USER4484,Bangkok,03-02-2025,06-04-2025,Cultural,Car,3,3270,5
TRIP11276,USER4142,New York,16-11-2024,10-03-2025,Cultural,Train,1,2103.24,5
TRIP11277,USER5523,Barcelona,21-08-2024,12-02-2025,Family,Cruise,5,4108.09,5
TRIP11278,USER8159,New York,21-08-2024,23-11-2024,Leisure,Train,3,1270.42,4
TRIP11279,USER6923,New York,24-03-2024,04-04-2025,Business,Cruise,3,1436.7,3
TRIP11280,USER5174,Tokyo,18-02-2025,07-03-2025,Cultural,Car,2,1341.65,9
TRIP11281,USER6043,Istanbul,22-12-2024,04-04-2025,Leisure,Car,5,2373.53,5
TRIP11282,USER4339,Bangkok,20-10-2024,21-10-2024,Family,Train,5,1797.8,7
TRIP11283,USER5684,Istanbul,16-01-2025,22-02-2025,Cultural,Flight,5,3184.16,10
TRIP11284,USER3310,Rome,29-06-2024,27-09-2024,Beach,Car,3,1483.07,3
TRIP11285,USER3369,Sydney,29-09-2024,21-01-2025,Cultural,Train,2,1110.43,9
TRIP11286,USER3688,Rome,24-06-2024,10-04-2025,Leisure,Bus,5,1249.43,4
TRIP11287,USER3121,Sydney,28-12-2024,28-03-2025,Beach,Flight,3,2602.13,4
TRIP11288,USER9407,London,10-06-2024,02-04-2025,Leisure,Bus,1,1955.4,7
TRIP11289,USER9756,London,23-03-2024,14-07-2024,Adventure,Train,5,3168.37,9
TRIP11290,USER4063,Paris,30-10-2024,27-02-2025,Adventure,Cruise,1,4160.58,10
TRIP11291,USER7838,Paris,26-08-2024,20-01-2025,Business,Cruise,2,3416.11,10
TRIP11292,USER9342,Tokyo,02-08-2024,18-10-2024,Business,Train,5,913.77,10
TRIP11293,USER2371,Istanbul,05-02-2025,13-03-2025,Cultural,Train,5,2815.67,1
TRIP11294,USER7547,Barcelona,12-08-2024,20-08-2024,Beach,Car,2,729.94,8
TRIP11295,USER1865,Sydney,20-05-2024,13-02-2025,Cultural,Train,2,4437.32,1
TRIP11296,USER4545,Rome,26-01-2025,31-01-2025,Adventure,Bus,3,2332.69,5
TRIP11297,USER7781,London,20-01-2025,15-04-2025,Leisure,Cruise,2,4731.7,10
TRIP11298,USER4269,Dubai,19-01-2025,20-03-2025,Adventure,Car,1,1075.55,8
TRIP11299,USER8603,Bangkok,25-06-2024,28-12-2024,Cultural,Car,5,3825.41,2
TRIP11300,USER5850,London,02-03-2025,17-03-2025,Adventure,Train,3,4189.79,7
TRIP11301,USER8030,New York,02-04-2024,09-06-2024,Leisure,Flight,4,2777.98,9
TRIP11302,USER6558,Sydney,30-12-2024,17-03-2025,Business,Car,2,3690.77,2
TRIP11303,USER1556,Sydney,14-03-2025,23-03-2025,Family,Cruise,3,2693.33,3
TRIP11304,USER5604,Bangkok,16-07-2024,28-10-2024,Leisure,Cruise,4,3141.33,1
TRIP11305,USER9168,Istanbul,30-10-2024,24-01-2025,Business,Bus,2,1863.8,2
TRIP11306,USER4372,Rome,07-08-2024,09-01-2025,Adventure,Flight,3,969.85,5
TRIP11307,USER4588,New York,24-12-2024,25-03-2025,Family,Cruise,2,3562.22,9
TRIP11308,USER9282,Paris,14-04-2024,01-04-2025,Cultural,Flight,1,4544.14,1
TRIP11309,USER3439,Bangkok,23-06-2024,24-10-2024,Adventure,Bus,5,2191.39,2
TRIP11310,USER9798,Sydney,19-03-2024,01-09-2024,Cultural,Cruise,4,4371.45,8
TRIP11311,USER9008,Bangkok,11-09-2024,19-03-2025,Adventure,Flight,4,1823.13,3
TRIP11312,USER3192,London,07-02-2025,25-03-2025,Cultural,Train,2,3547.48,1
TRIP11313,USER4989,New York,16-02-2025,22-03-2025,Leisure,Cruise,3,4166.88,5
TRIP11314,USER1442,Dubai,24-02-2025,24-03-2025,Family,Car,3,1308.92,2
TRIP11315,USER1698,Bangkok,07-10-2024,10-01-2025,Cultural,Train,5,2402.72,3
TRIP11316,USER4129,London,18-09-2024,04-04-2025,Beach,Cruise,1,3400.65,9
TRIP11317,USER4959,New York,08-03-2025,08-03-2025,Family,Cruise,3,2232.87,3
TRIP11318,USER2173,Tokyo,22-04-2024,26-01-2025,Family,Flight,2,2373.99,8
TRIP11319,USER5407,London,26-05-2024,24-11-2024,Beach,Bus,2,3348.35,9
TRIP11320,USER9398,Tokyo,02-11-2024,12-04-2025,Business,Train,5,3934.19,1
TRIP11321,USER9194,Sydney,18-09-2024,10-02-2025,Cultural,Car,1,500.91,3
TRIP11322,USER5042,Dubai,13-09-2024,29-12-2024,Adventure,Train,1,2344.8,2
TRIP11323,USER2529,Bangkok,28-11-2024,21-02-2025,Family,Flight,3,1401.41,10
TRIP11324,USER1708,Bangkok,29-03-2024,05-11-2024,Adventure,Bus,2,1173.33,5
TRIP11325,USER4006,Dubai,09-03-2025,14-03-2025,Beach,Train,1,3800.1,2
TRIP11326,USER4123,Rome,11-08-2024,13-11-2024,Beach,Cruise,1,3227.72,10
TRIP11327,USER1953,Bangkok,14-04-2024,21-04-2024,Cultural,Bus,4,2057.74,6
TRIP11328,USER6267,London,08-03-2025,15-04-2025,Cultural,Cruise,1,1064.62,2
TRIP11329,USER8304,Barcelona,25-09-2024,25-10-2024,Family,Cruise,4,3933.22,9
TRIP11330,USER9888,Dubai,26-11-2024,20-02-2025,Family,Cruise,4,4152,5
TRIP11331,USER3086,New York,26-12-2024,11-04-2025,Adventure,Cruise,5,4934.03,1
TRIP11332,USER3572,Barcelona,07-10-2024,02-02-2025,Business,Car,2,4978.47,3
TRIP11333,USER1358,Paris,29-06-2024,12-11-2024,Beach,Car,2,2534.27,7
TRIP11334,USER2957,London,28-11-2024,03-12-2024,Leisure,Car,5,973.5,2
TRIP11335,USER5208,London,12-06-2024,20-02-2025,Beach,Flight,5,4575.82,3
TRIP11336,USER6192,Tokyo,24-09-2024,22-01-2025,Family,Flight,5,778.76,9
TRIP11337,USER6865,Dubai,29-03-2024,30-05-2024,Adventure,Cruise,5,3461.79,3
TRIP11338,USER5972,Tokyo,06-03-2025,30-03-2025,Business,Bus,4,1481.29,7
TRIP11339,USER2635,Bangkok,07-12-2024,08-01-2025,Family,Bus,4,4604.61,2
TRIP11340,USER5955,Barcelona,30-04-2024,27-10-2024,Family,Flight,2,2546.93,2
TRIP11341,USER3350,Dubai,07-05-2024,19-10-2024,Business,Train,3,606.32,4
TRIP11342,USER8916,New York,08-10-2024,28-01-2025,Adventure,Train,2,2024.18,7
TRIP11343,USER4199,New York,27-02-2025,16-03-2025,Adventure,Bus,3,4138.56,5
TRIP11344,USER9889,Sydney,02-02-2025,11-04-2025,Business,Cruise,3,1844.24,4
TRIP11345,USER2052,Paris,05-11-2024,16-03-2025,Adventure,Bus,4,3131.85,2
TRIP11346,USER1818,Bangkok,31-08-2024,26-11-2024,Business,Flight,1,2677.38,10
TRIP11347,USER1111,London,31-01-2025,06-02-2025,Adventure,Cruise,4,1585.39,2
TRIP11348,USER6003,Bangkok,17-02-2025,19-03-2025,Adventure,Bus,4,3348.19,2
TRIP11349,USER7261,Rome,16-11-2024,18-12-2024,Adventure,Flight,3,825.3,5
TRIP11350,USER4753,Dubai,20-12-2024,21-03-2025,Adventure,Bus,2,1088.1,10
TRIP11351,USER3141,Paris,08-12-2024,04-02-2025,Family,Cruise,5,3442.1,6
TRIP11352,USER9133,Tokyo,20-02-2025,19-03-2025,Beach,Bus,5,1778.03,6
TRIP11353,USER4973,Paris,18-01-2025,13-02-2025,Business,Flight,2,2918.3,10
TRIP11354,USER9940,Paris,19-04-2024,28-02-2025,Cultural,Cruise,5,1576.73,6
TRIP11355,USER5025,New York,27-06-2024,14-01-2025,Cultural,Flight,5,4661.15,10
TRIP11356,USER6268,London,06-04-2024,04-07-2024,Business,Bus,5,2479.96,4
TRIP11357,USER5730,Istanbul,26-07-2024,19-12-2024,Cultural,Car,4,3296.53,8
TRIP11358,USER5436,Tokyo,01-03-2025,24-03-2025,Family,Cruise,1,3761.55,6
TRIP11359,USER3681,London,31-07-2024,03-12-2024,Business,Train,5,2188.79,1
TRIP11360,USER5569,Dubai,16-02-2025,24-02-2025,Cultural,Train,1,2748.23,3
TRIP11361,USER9560,Tokyo,31-10-2024,16-11-2024,Beach,Train,2,577.42,1
TRIP11362,USER8958,Dubai,01-10-2024,04-03-2025,Leisure,Bus,5,3209,4
TRIP11363,USER3365,Bangkok,07-02-2025,12-02-2025,Beach,Train,1,1966.84,1
TRIP11364,USER2700,Barcelona,24-05-2024,18-02-2025,Adventure,Flight,5,1211.64,8
TRIP11365,USER4264,Tokyo,01-09-2024,19-10-2024,Adventure,Bus,2,795.41,1
TRIP11366,USER3485,Bangkok,22-01-2025,14-02-2025,Cultural,Bus,4,4206.04,7
TRIP11367,USER7437,Dubai,05-07-2024,08-01-2025,Family,Flight,4,4743.39,10
TRIP11368,USER6683,Sydney,08-05-2024,25-07-2024,Beach,Flight,5,1254.13,7
TRIP11369,USER7067,Paris,04-04-2024,12-11-2024,Adventure,Train,4,3482.77,2
TRIP11370,USER5282,Istanbul,01-05-2024,30-05-2024,Leisure,Bus,4,4207.1,4
TRIP11371,USER7048,Istanbul,25-08-2024,22-03-2025,Leisure,Train,1,3157.35,5
TRIP11372,USER8941,Dubai,29-04-2024,24-09-2024,Cultural,Flight,1,1151.57,5
TRIP11373,USER5572,Paris,08-10-2024,13-04-2025,Business,Car,1,1141.24,8
TRIP11374,USER3297,Rome,25-02-2025,06-03-2025,Leisure,Car,2,2029.52,8
TRIP11375,USER6131,Tokyo,18-10-2024,09-02-2025,Business,Flight,2,4199.63,10
TRIP11376,USER3654,London,16-04-2024,09-09-2024,Leisure,Flight,5,4847.64,5
TRIP11377,USER7417,Barcelona,16-11-2024,11-12-2024,Leisure,Car,2,3138.99,1
TRIP11378,USER4366,London,25-03-2024,29-12-2024,Adventure,Bus,4,1188.12,2
TRIP11379,USER4101,Paris,12-01-2025,10-03-2025,Family,Bus,4,4558.84,10
TRIP11380,USER2804,Istanbul,20-06-2024,23-07-2024,Business,Train,4,2888.82,2
TRIP11381,USER7600,Paris,10-01-2025,12-03-2025,Beach,Car,2,1886.16,2
TRIP11382,USER9161,Paris,14-07-2024,14-01-2025,Cultural,Train,1,4804.49,7
TRIP11383,USER4186,Tokyo,14-01-2025,23-02-2025,Leisure,Car,5,2965.71,7
TRIP11384,USER7543,Tokyo,04-12-2024,11-04-2025,Adventure,Bus,1,708.5,3
TRIP11385,USER3221,Paris,07-05-2024,08-12-2024,Leisure,Bus,4,3855.69,6
TRIP11386,USER2473,Bangkok,01-06-2024,05-04-2025,Business,Flight,5,2549.24,4
TRIP11387,USER9192,New York,04-09-2024,05-11-2024,Beach,Cruise,4,1831.96,7
TRIP11388,USER1109,Bangkok,20-09-2024,12-10-2024,Business,Train,5,1501.68,1
TRIP11389,USER4655,London,27-01-2025,13-03-2025,Beach,Bus,4,4328.18,9
TRIP11390,USER3365,Tokyo,21-10-2024,28-03-2025,Adventure,Cruise,5,4749.5,1
TRIP11391,USER4467,Tokyo,06-01-2025,20-02-2025,Beach,Cruise,1,1445.54,8
TRIP11392,USER5571,Sydney,14-04-2024,20-10-2024,Adventure,Bus,5,1153.09,6
TRIP11393,USER9799,New York,21-05-2024,12-03-2025,Family,Car,3,3567.84,5
TRIP11394,USER4687,Istanbul,27-04-2024,07-06-2024,Adventure,Cruise,2,2784.32,10
TRIP11395,USER2115,Dubai,19-02-2025,22-03-2025,Leisure,Car,5,1193.7,5
TRIP11396,USER9890,Dubai,30-08-2024,02-03-2025,Beach,Train,1,1810.89,1
TRIP11397,USER9435,Dubai,10-05-2024,28-02-2025,Cultural,Bus,5,1667.1,5
TRIP11398,USER2284,Tokyo,16-03-2025,05-04-2025,Business,Flight,3,4047.83,6
TRIP11399,USER5606,Rome,30-01-2025,22-02-2025,Family,Bus,5,1369.68,10
TRIP11400,USER9544,London,13-05-2024,09-07-2024,Family,Bus,3,562.92,9
TRIP11401,USER3128,New York,24-06-2024,04-02-2025,Adventure,Bus,1,501.13,5
TRIP11402,USER7087,London,14-04-2024,13-01-2025,Adventure,Bus,1,4933.73,3
TRIP11403,USER2781,Dubai,12-09-2024,19-03-2025,Beach,Train,2,863.88,10
TRIP11404,USER8417,London,19-02-2025,07-03-2025,Family,Train,1,3756.03,7
TRIP11405,USER9534,Rome,20-12-2024,03-03-2025,Cultural,Car,3,3933.52,7
TRIP11406,USER2203,Barcelona,02-04-2024,02-04-2024,Beach,Cruise,1,1957.06,1
TRIP11407,USER8642,New York,25-09-2024,24-01-2025,Family,Flight,2,2353.46,10
TRIP11408,USER4383,London,15-03-2025,26-03-2025,Family,Cruise,4,3669.79,2
TRIP11409,USER5823,New York,23-07-2024,23-11-2024,Beach,Flight,5,2945.14,6
TRIP11410,USER7786,Rome,23-06-2024,08-10-2024,Family,Cruise,3,1196.17,6
TRIP11411,USER3525,Rome,03-11-2024,21-02-2025,Leisure,Train,1,781.47,1
TRIP11412,USER8540,Istanbul,08-02-2025,27-03-2025,Family,Cruise,4,780.01,4
TRIP11413,USER3864,New York,30-12-2024,11-04-2025,Family,Flight,4,3552.88,6
TRIP11414,USER7952,Dubai,31-10-2024,03-02-2025,Business,Flight,1,863.13,5
TRIP11415,USER4259,Bangkok,23-05-2024,13-02-2025,Beach,Bus,2,1989.6,1
TRIP11416,USER6487,Istanbul,25-06-2024,09-02-2025,Business,Car,1,624.6,9
TRIP11417,USER1266,Sydney,01-06-2024,14-02-2025,Adventure,Train,4,2838.92,3
TRIP11418,USER3882,New York,10-03-2025,12-03-2025,Cultural,Bus,3,1385.51,5
TRIP11419,USER9590,New York,12-05-2024,14-06-2024,Beach,Car,5,4967.85,1
TRIP11420,USER6074,Bangkok,12-03-2025,26-03-2025,Leisure,Cruise,3,4341,9
TRIP11421,USER4157,Sydney,02-09-2024,13-11-2024,Beach,Flight,2,1445.65,6
TRIP11422,USER9224,Paris,08-07-2024,20-01-2025,Family,Bus,3,2789.7,3
TRIP11423,USER7736,Paris,02-07-2024,13-01-2025,Beach,Train,3,3330.48,9
TRIP11424,USER5201,Paris,15-12-2024,15-02-2025,Leisure,Flight,4,1737.68,2
TRIP11425,USER2890,London,14-04-2024,19-02-2025,Beach,Cruise,4,4306.1,3
TRIP11426,USER8903,New York,28-09-2024,10-02-2025,Leisure,Cruise,1,3734.47,8
TRIP11427,USER6450,Tokyo,12-06-2024,15-06-2024,Business,Cruise,3,1149.49,8
TRIP11428,USER5855,Sydney,17-07-2024,24-02-2025,Cultural,Train,4,4205.79,2
TRIP11429,USER6192,Rome,21-09-2024,11-10-2024,Cultural,Car,3,4106.56,5
TRIP11430,USER9206,New York,19-12-2024,28-02-2025,Leisure,Flight,5,4195.28,5
TRIP11431,USER1280,London,27-05-2024,21-10-2024,Beach,Car,5,2345.3,10
TRIP11432,USER4364,Bangkok,04-02-2025,06-02-2025,Adventure,Bus,1,4839.03,8
TRIP11433,USER1897,Tokyo,25-05-2024,19-03-2025,Cultural,Car,1,1253.55,3
TRIP11434,USER8691,Sydney,18-04-2024,22-01-2025,Cultural,Bus,4,4909.05,2
TRIP11435,USER8497,Barcelona,10-10-2024,09-03-2025,Adventure,Train,5,2489.03,10
TRIP11436,USER9390,Barcelona,04-04-2024,05-06-2024,Leisure,Bus,3,3581.77,3
TRIP11437,USER7749,Bangkok,14-05-2024,21-06-2024,Family,Flight,1,3571.58,8
TRIP11438,USER4725,Bangkok,13-03-2025,22-03-2025,Family,Car,3,1452.59,4
TRIP11439,USER6184,New York,20-04-2024,17-08-2024,Beach,Flight,5,4759.44,8
TRIP11440,USER2664,Tokyo,18-01-2025,02-02-2025,Cultural,Cruise,2,3582.19,1
TRIP11441,USER6942,Sydney,28-04-2024,31-03-2025,Leisure,Flight,5,4005.28,3
TRIP11442,USER7269,London,11-10-2024,10-03-2025,Family,Car,4,4084.23,8
TRIP11443,USER8585,Dubai,16-09-2024,31-12-2024,Leisure,Car,3,1705.33,4
TRIP11445,USER6897,Istanbul,01-08-2024,14-08-2024,Beach,Bus,4,1146.14,4
TRIP11446,USER5098,New York,07-06-2024,10-06-2024,Beach,Train,2,1090.53,1
TRIP11447,USER8302,Paris,08-06-2024,15-08-2024,Adventure,Car,3,4205.15,9
TRIP11448,USER7078,Paris,23-09-2024,15-12-2024,Cultural,Flight,2,4296.38,10
TRIP11449,USER1170,London,17-08-2024,04-01-2025,Cultural,Train,4,1190,6
TRIP11450,USER9647,Paris,08-11-2024,08-12-2024,Beach,Car,3,2100.72,10
TRIP11451,USER4121,Bangkok,19-12-2024,09-04-2025,Cultural,Cruise,1,3478.13,1
TRIP11452,USER9731,Sydney,17-01-2025,29-03-2025,Cultural,Cruise,5,2527.51,9
TRIP11453,USER2746,Tokyo,05-09-2024,14-09-2024,Business,Car,3,4585.85,6
TRIP11454,USER9026,Dubai,02-07-2024,22-01-2025,Family,Car,5,2223.27,9
TRIP11455,USER4318,Dubai,26-10-2024,02-11-2024,Beach,Car,2,4516.11,8
TRIP11456,USER6431,Bangkok,19-02-2025,15-04-2025,Beach,Train,1,3890.22,4
TRIP11457,USER9646,Sydney,19-04-2024,07-09-2024,Cultural,Flight,2,4510.54,8
TRIP11458,USER5674,Barcelona,22-12-2024,08-03-2025,Business,Bus,3,1198.76,10
TRIP11459,USER4881,Rome,02-10-2024,25-12-2024,Cultural,Cruise,3,924.82,7
TRIP11460,USER5579,Dubai,04-11-2024,08-01-2025,Leisure,Flight,1,1104.54,3
TRIP11461,USER3253,Paris,09-12-2024,30-03-2025,Beach,Bus,4,1877.77,5
TRIP11462,USER9158,London,01-06-2024,22-12-2024,Business,Bus,1,2172.22,6
TRIP11463,USER1124,Paris,30-01-2025,20-02-2025,Adventure,Bus,2,1128.51,3
TRIP11464,USER7960,Barcelona,24-09-2024,12-02-2025,Cultural,Bus,5,1051.67,7
TRIP11465,USER2559,Rome,12-08-2024,07-10-2024,Adventure,Flight,5,1888.18,1
TRIP11466,USER8093,Bangkok,05-08-2024,05-04-2025,Cultural,Car,1,2064.95,7
TRIP11467,USER6900,Bangkok,26-08-2024,09-02-2025,Cultural,Bus,4,1389.14,10
TRIP11468,USER4494,Barcelona,27-10-2024,25-12-2024,Business,Cruise,2,709.83,9
TRIP11469,USER7190,Tokyo,15-12-2024,01-02-2025,Beach,Flight,4,3806.19,6
TRIP11470,USER4463,Sydney,04-08-2024,08-01-2025,Leisure,Train,3,1120.42,3
TRIP11471,USER1110,Paris,03-01-2025,21-02-2025,Family,Train,5,1977.06,6
TRIP11472,USER1494,New York,07-08-2024,04-10-2024,Cultural,Flight,4,1512.79,9
TRIP11473,USER6867,Barcelona,13-05-2024,03-02-2025,Cultural,Flight,3,2030.92,10
TRIP11474,USER5627,New York,23-05-2024,03-08-2024,Family,Train,3,1418.25,7
TRIP11475,USER9858,Dubai,13-11-2024,28-11-2024,Adventure,Car,3,3282.68,8
TRIP11476,USER9227,Dubai,24-01-2025,11-03-2025,Leisure,Car,2,4836.55,1
TRIP11477,USER5926,Dubai,15-10-2024,06-11-2024,Leisure,Bus,1,3755.26,7
TRIP11478,USER4364,Rome,22-05-2024,31-07-2024,Business,Cruise,4,4089.94,10
TRIP11479,USER8201,Bangkok,10-03-2025,05-04-2025,Adventure,Flight,1,3608.88,6
TRIP11480,USER5923,London,12-02-2025,14-02-2025,Adventure,Bus,3,2061.71,6
TRIP11481,USER9357,Rome,05-02-2025,26-03-2025,Leisure,Car,3,3361.16,8
TRIP11482,USER2869,London,23-11-2024,06-03-2025,Cultural,Car,3,811.09,5
TRIP11483,USER5730,Sydney,31-12-2024,22-03-2025,Family,Flight,4,2913.86,2
TRIP11484,USER3594,New York,16-07-2024,26-02-2025,Leisure,Car,3,2154.74,5
TRIP11485,USER4332,Istanbul,21-10-2024,06-01-2025,Beach,Flight,2,3281.29,3
TRIP11486,USER1604,Sydney,18-05-2024,06-06-2024,Business,Car,5,4024.08,4
TRIP11487,USER7461,Bangkok,11-11-2024,07-03-2025,Adventure,Flight,1,648.77,9
TRIP11488,USER4275,Rome,13-08-2024,29-12-2024,Beach,Car,1,896.16,1
TRIP11489,USER7968,Dubai,22-07-2024,20-12-2024,Beach,Train,3,4850.44,2
TRIP11490,USER7449,Bangkok,07-01-2025,21-03-2025,Beach,Bus,3,2611.22,3
TRIP11491,USER8471,Tokyo,14-12-2024,26-02-2025,Leisure,Cruise,2,4284.16,6
TRIP11492,USER6588,Istanbul,20-08-2024,22-03-2025,Cultural,Flight,2,516.26,6
TRIP11493,USER5148,New York,06-06-2024,08-09-2024,Beach,Car,4,1538.1,9
TRIP11494,USER1046,Dubai,09-01-2025,23-01-2025,Leisure,Flight,2,803.67,10
TRIP11495,USER7540,Tokyo,11-11-2024,16-12-2024,Family,Flight,5,568.77,6
TRIP11496,USER8750,London,24-08-2024,19-09-2024,Business,Bus,2,3344.03,1
TRIP11497,USER8240,Paris,02-12-2024,25-02-2025,Beach,Car,1,4170.88,8
TRIP11498,USER6652,Istanbul,31-07-2024,11-04-2025,Leisure,Flight,5,2621.47,8
TRIP11499,USER4109,Paris,29-09-2024,13-03-2025,Beach,Cruise,4,3249.59,8
TRIP11500,USER5426,Dubai,02-03-2025,25-03-2025,Leisure,Train,3,2720.88,2
TRIP11501,USER9946,New York,15-04-2024,10-02-2025,Family,Bus,3,1859.17,10
TRIP11502,USER2538,Sydney,23-10-2024,06-12-2024,Leisure,Bus,5,3850.71,8
TRIP11503,USER2336,New York,15-08-2024,27-02-2025,Adventure,Train,5,3497.55,3
TRIP11504,USER9822,Paris,15-02-2025,13-03-2025,Adventure,Train,2,2102.01,7
TRIP11505,USER8447,Tokyo,19-11-2024,23-11-2024,Business,Bus,5,2639.34,5
TRIP11506,USER8498,Dubai,19-02-2025,07-04-2025,Cultural,Bus,3,4654.25,9
TRIP11507,USER4850,London,25-09-2024,31-03-2025,Beach,Flight,5,1068.86,3
TRIP11508,USER7211,Istanbul,21-04-2024,24-05-2024,Family,Train,3,2527.34,3
TRIP11509,USER5884,Barcelona,11-12-2024,15-04-2025,Family,Flight,4,2425.88,5
TRIP11510,USER1380,Dubai,27-04-2024,14-04-2025,Cultural,Car,2,4761.74,5
TRIP11511,USER9263,London,13-06-2024,17-11-2024,Adventure,Bus,3,4911.69,3
TRIP11512,USER5950,New York,28-10-2024,30-01-2025,Adventure,Bus,1,1979.92,6
TRIP11513,USER4566,New York,07-01-2025,18-01-2025,Family,Flight,2,4467.24,10
TRIP11514,USER2987,Paris,14-07-2024,06-11-2024,Adventure,Cruise,1,3389.32,4
TRIP11515,USER5255,London,18-05-2024,26-11-2024,Family,Flight,3,979.54,5
TRIP11516,USER6379,Istanbul,08-09-2024,01-02-2025,Family,Train,4,1939.3,3
TRIP11517,USER3086,Bangkok,01-07-2024,02-11-2024,Family,Flight,3,4686.63,10
TRIP11518,USER3094,Paris,07-08-2024,11-02-2025,Business,Train,2,1654.88,2
TRIP11520,USER1566,Istanbul,10-09-2024,24-03-2025,Business,Bus,1,1666.28,7
TRIP11521,USER4181,New York,18-06-2024,13-08-2024,Leisure,Bus,2,4752.02,9
TRIP11522,USER8676,Sydney,29-07-2024,02-11-2024,Adventure,Train,4,3433.44,1
TRIP11523,USER9142,Istanbul,02-07-2024,13-12-2024,Leisure,Bus,4,4285.65,9
TRIP11524,USER2527,Barcelona,05-06-2024,05-03-2025,Business,Train,1,1942.84,4
TRIP11525,USER6926,Rome,14-02-2025,22-03-2025,Family,Car,3,1395.27,7
TRIP11526,USER1671,Rome,20-08-2024,26-03-2025,Business,Train,4,788.35,1
TRIP11527,USER1388,Sydney,06-12-2024,13-12-2024,Adventure,Cruise,2,4418.73,6
TRIP11528,USER7382,Paris,18-12-2024,14-04-2025,Leisure,Car,5,4183.03,3
TRIP11529,USER6246,Rome,02-03-2025,29-03-2025,Business,Car,1,2128.74,7
TRIP11530,USER7586,New York,13-01-2025,09-02-2025,Family,Bus,5,4315.18,9
TRIP11531,USER5838,Barcelona,02-01-2025,28-02-2025,Business,Bus,2,2193.98,4
TRIP11532,USER6014,Rome,19-03-2024,19-07-2024,Business,Cruise,1,4406.12,1
TRIP11533,USER7510,Bangkok,19-08-2024,07-12-2024,Adventure,Car,1,4866.76,2
TRIP11534,USER4643,London,21-08-2024,06-11-2024,Business,Car,1,4338.56,8
TRIP11535,USER8548,Rome,11-08-2024,12-10-2024,Cultural,Car,2,858.5,10
TRIP11536,USER5795,Tokyo,14-05-2024,28-11-2024,Family,Flight,1,932.34,6
TRIP11537,USER9365,Istanbul,05-06-2024,25-03-2025,Business,Cruise,1,4961.91,7
TRIP11538,USER1808,London,02-10-2024,01-11-2024,Business,Car,1,2904.54,6
TRIP11539,USER9384,Paris,18-09-2024,12-04-2025,Leisure,Car,1,4895.69,2
TRIP11540,USER5429,Istanbul,25-12-2024,10-02-2025,Business,Train,3,4937.88,5
TRIP11541,USER7023,New York,19-06-2024,05-10-2024,Beach,Bus,5,2530.98,3
TRIP11542,USER3130,Paris,10-02-2025,01-03-2025,Cultural,Cruise,5,3343.49,10
TRIP11543,USER9771,Rome,22-01-2025,27-03-2025,Leisure,Flight,1,1948.55,2
TRIP11544,USER2156,Sydney,04-12-2024,17-02-2025,Family,Flight,4,2738.05,5
TRIP11545,USER3704,Dubai,10-11-2024,20-12-2024,Beach,Train,5,1052.15,2
TRIP11546,USER3981,Paris,16-11-2024,07-02-2025,Business,Train,1,2287.39,2
TRIP11547,USER3017,London,23-05-2024,29-12-2024,Beach,Car,3,3789.26,10
TRIP11548,USER4282,Dubai,19-04-2024,21-10-2024,Cultural,Train,3,2035.91,3
TRIP11550,USER7576,Rome,13-03-2025,26-03-2025,Business,Car,2,1660.13,2
TRIP11551,USER4051,New York,02-10-2024,24-12-2024,Leisure,Flight,3,3926.85,6
TRIP11552,USER3405,Paris,09-07-2024,10-08-2024,Business,Cruise,2,2696.81,4
TRIP11553,USER7744,Barcelona,14-08-2024,01-10-2024,Leisure,Bus,5,569.66,4
TRIP11554,USER9139,Bangkok,08-10-2024,26-12-2024,Business,Car,5,2990.43,10
TRIP11555,USER4559,Sydney,02-02-2025,17-03-2025,Family,Bus,2,4752.44,2
TRIP11556,USER7920,Paris,15-06-2024,08-04-2025,Beach,Cruise,2,2448.86,8
TRIP11557,USER7792,Rome,05-08-2024,18-10-2024,Cultural,Flight,5,4702.07,8
TRIP11558,USER7244,Istanbul,10-08-2024,01-02-2025,Adventure,Bus,5,3992.44,2
TRIP11559,USER8103,New York,03-03-2025,28-03-2025,Cultural,Flight,1,2764.29,4
TRIP11560,USER3634,Tokyo,26-02-2025,09-04-2025,Cultural,Train,4,4799.09,8
TRIP11561,USER2430,Dubai,13-10-2024,02-01-2025,Adventure,Cruise,3,3802.86,5
TRIP11562,USER7011,Bangkok,06-02-2025,11-04-2025,Adventure,Cruise,4,2488.8,9
TRIP11563,USER5818,Dubai,16-09-2024,04-02-2025,Adventure,Flight,4,2352.46,8
TRIP11564,USER9779,Bangkok,23-03-2024,24-04-2024,Business,Cruise,2,3219.26,6
TRIP11565,USER2418,Sydney,12-04-2024,24-12-2024,Adventure,Car,2,1829.03,6
TRIP11566,USER5906,Paris,02-03-2025,12-03-2025,Beach,Cruise,4,653.38,5
TRIP11567,USER6319,Istanbul,11-09-2024,07-12-2024,Adventure,Flight,2,2308.27,5
TRIP11568,USER4601,Istanbul,17-04-2024,22-05-2024,Beach,Train,1,4378.61,9
TRIP11569,USER9827,Barcelona,20-10-2024,10-03-2025,Cultural,Bus,2,2221.42,10
TRIP11570,USER6704,Rome,22-09-2024,23-02-2025,Adventure,Car,2,4852.97,8
TRIP11571,USER9924,Barcelona,15-03-2025,13-04-2025,Business,Cruise,5,615.05,5
TRIP11572,USER4713,Paris,14-07-2024,22-12-2024,Cultural,Flight,3,3843.34,5
TRIP11573,USER9389,London,19-10-2024,17-03-2025,Leisure,Cruise,2,700.71,8
TRIP11574,USER8933,Rome,24-07-2024,11-11-2024,Business,Bus,4,564.59,8
TRIP11575,USER9390,Barcelona,02-09-2024,20-03-2025,Leisure,Cruise,3,3838.83,9
TRIP11576,USER5761,Dubai,19-05-2024,29-10-2024,Cultural,Cruise,1,3150.57,3
TRIP11577,USER1666,Paris,30-12-2024,27-02-2025,Family,Bus,5,4576.82,10
TRIP11578,USER1441,Bangkok,04-05-2024,28-02-2025,Adventure,Bus,5,2261.01,10
TRIP11579,USER5114,Barcelona,19-03-2024,20-03-2025,Adventure,Flight,1,1603.18,7
TRIP11580,USER8940,London,03-02-2025,23-03-2025,Leisure,Car,1,2897.97,2
TRIP11581,USER5068,Istanbul,25-04-2024,05-04-2025,Cultural,Train,3,3064.59,2
TRIP11582,USER4219,Paris,03-11-2024,05-02-2025,Leisure,Bus,3,3775.73,1
TRIP11583,USER8230,Istanbul,03-06-2024,01-12-2024,Leisure,Car,1,3189.72,10
TRIP11584,USER5244,Bangkok,16-08-2024,15-01-2025,Beach,Flight,4,4047.78,8
TRIP11585,USER4118,Dubai,22-05-2024,09-01-2025,Leisure,Car,5,1725.95,3
TRIP11586,USER2680,London,04-10-2024,03-11-2024,Cultural,Flight,3,4602.51,2
TRIP11587,USER5104,Barcelona,25-03-2024,21-02-2025,Cultural,Bus,4,3323.58,4
TRIP11588,USER1357,Dubai,14-10-2024,27-01-2025,Beach,Cruise,3,2938.8,1
TRIP11589,USER1038,Barcelona,23-04-2024,10-11-2024,Cultural,Flight,4,4008.73,10
TRIP11590,USER5538,Istanbul,12-04-2024,31-12-2024,Family,Train,3,3227.61,7
TRIP11591,USER4077,Barcelona,14-04-2024,01-04-2025,Family,Train,4,4908.22,4
TRIP11592,USER7786,Bangkok,12-03-2025,02-04-2025,Family,Train,2,703.08,6
TRIP11593,USER1130,Paris,02-05-2024,13-07-2024,Adventure,Bus,4,2651.64,2
TRIP11594,USER3313,Bangkok,10-03-2025,11-04-2025,Adventure,Train,3,4521.44,1
TRIP11595,USER8375,Rome,23-02-2025,13-03-2025,Family,Flight,4,4520.43,10
TRIP11596,USER2192,Dubai,03-06-2024,27-12-2024,Leisure,Car,3,2428.64,1
TRIP11597,USER2379,Tokyo,21-10-2024,30-11-2024,Cultural,Flight,3,2236.12,1
TRIP11598,USER1393,Dubai,29-11-2024,15-04-2025,Beach,Train,2,3566.81,5
TRIP11599,USER4889,Dubai,25-09-2024,07-11-2024,Business,Car,4,3862.09,6
TRIP11600,USER8990,Barcelona,23-05-2024,12-01-2025,Business,Bus,3,2849.21,1
TRIP11601,USER4393,Dubai,12-03-2025,17-03-2025,Family,Train,3,799.28,3
TRIP11602,USER2680,London,28-12-2024,23-02-2025,Beach,Bus,3,2194.94,4
TRIP11603,USER4228,Barcelona,02-03-2025,30-03-2025,Family,Flight,2,3626.29,1
TRIP11604,USER7073,Dubai,07-05-2024,12-10-2024,Family,Cruise,1,1348.84,7
TRIP11605,USER8319,Paris,01-12-2024,21-12-2024,Cultural,Car,1,2073.63,10
TRIP11606,USER4654,Barcelona,06-08-2024,07-03-2025,Family,Car,2,4374.1,1
TRIP11607,USER7761,Bangkok,29-06-2024,19-08-2024,Beach,Flight,1,3548.69,6
TRIP11608,USER3014,Paris,28-05-2024,26-02-2025,Family,Flight,1,1192.41,6
TRIP11609,USER5410,Istanbul,09-09-2024,23-03-2025,Cultural,Cruise,1,1040.95,7
TRIP11610,USER6993,Tokyo,05-03-2025,10-03-2025,Family,Train,3,4243.92,3
TRIP11611,USER8152,London,24-08-2024,15-12-2024,Leisure,Train,2,2601,5
TRIP11612,USER4937,Paris,09-10-2024,28-01-2025,Family,Car,5,809.36,4
TRIP11613,USER2457,London,22-08-2024,09-03-2025,Family,Bus,3,901.15,2
TRIP11614,USER6508,Paris,20-07-2024,08-01-2025,Family,Flight,4,1328.29,6
TRIP11615,USER2856,Paris,12-05-2024,28-10-2024,Leisure,Train,3,4019.11,9
TRIP11616,USER4734,Dubai,10-12-2024,18-02-2025,Cultural,Cruise,1,3888.6,1
TRIP11617,USER4424,Bangkok,28-02-2025,20-03-2025,Beach,Car,3,1449.6,9
TRIP11618,USER2769,New York,18-09-2024,06-01-2025,Beach,Bus,4,545.76,6
TRIP11619,USER8827,Barcelona,28-12-2024,14-03-2025,Beach,Flight,3,1635.49,4
TRIP11620,USER7822,Dubai,14-07-2024,14-02-2025,Family,Cruise,5,2709.16,3
TRIP11621,USER5164,Rome,30-07-2024,07-02-2025,Family,Bus,3,2452.95,8
TRIP11622,USER5879,Paris,28-04-2024,06-03-2025,Adventure,Bus,3,2917.32,6
TRIP11623,USER2446,New York,12-03-2025,13-03-2025,Cultural,Train,4,3493.66,10
TRIP11624,USER4396,Barcelona,11-04-2024,04-03-2025,Beach,Train,4,3825,6
TRIP11625,USER4687,Tokyo,03-06-2024,16-12-2024,Business,Flight,3,4144.96,2
TRIP11626,USER1877,Sydney,16-05-2024,22-08-2024,Adventure,Car,5,736.27,7
TRIP11627,USER3461,Istanbul,14-07-2024,30-11-2024,Cultural,Car,5,1814.76,9
TRIP11628,USER4656,Paris,25-03-2024,21-02-2025,Beach,Train,5,1897.16,8
TRIP11629,USER1136,Paris,06-12-2024,28-01-2025,Leisure,Bus,5,1170.06,8
TRIP11630,USER2724,Bangkok,15-05-2024,25-09-2024,Family,Cruise,4,3684.65,3
TRIP11631,USER7644,Barcelona,14-08-2024,08-09-2024,Beach,Train,4,4945.33,2
TRIP11632,USER2100,Paris,16-10-2024,19-11-2024,Adventure,Flight,3,4852.58,3
TRIP11633,USER5775,Istanbul,22-06-2024,09-12-2024,Cultural,Bus,2,1272.68,5
TRIP11634,USER7187,Bangkok,02-03-2025,21-03-2025,Cultural,Car,1,4991.15,5
TRIP11635,USER7372,Paris,15-04-2024,16-02-2025,Family,Bus,1,3702.66,1
TRIP11636,USER1522,London,26-07-2024,09-03-2025,Cultural,Cruise,4,3123.43,6
TRIP11637,USER5925,Paris,12-02-2025,13-03-2025,Adventure,Car,2,3742.57,8
TRIP11638,USER3145,Dubai,07-02-2025,04-04-2025,Leisure,Bus,2,1389.63,2
TRIP11639,USER2038,Paris,19-05-2024,04-08-2024,Family,Train,2,2260.88,6
TRIP11640,USER2392,Istanbul,29-06-2024,13-04-2025,Beach,Flight,5,2918.36,10
TRIP11642,USER6713,Tokyo,08-05-2024,27-06-2024,Beach,Bus,3,3156.49,3
TRIP11643,USER3639,New York,23-06-2024,29-10-2024,Adventure,Flight,4,3896.19,8
TRIP11644,USER1140,Dubai,17-08-2024,11-02-2025,Business,Flight,4,4586.5,4
TRIP11645,USER6355,London,04-06-2024,10-04-2025,Family,Bus,5,1467.12,9
TRIP11646,USER8336,Rome,16-04-2024,17-06-2024,Leisure,Train,1,3439.57,6
TRIP11647,USER7286,Dubai,15-10-2024,17-03-2025,Family,Flight,2,3109.58,8
TRIP11648,USER4379,Bangkok,19-04-2024,21-09-2024,Adventure,Train,2,4526.13,2
TRIP11649,USER9930,London,29-11-2024,04-01-2025,Family,Cruise,4,888.71,8
TRIP11650,USER6955,Tokyo,02-01-2025,02-02-2025,Business,Flight,2,2763.5,10
TRIP11651,USER2409,Dubai,11-07-2024,25-10-2024,Family,Train,4,1136.46,5
TRIP11652,USER3126,Sydney,26-08-2024,02-09-2024,Beach,Bus,3,4903.47,5
TRIP11653,USER7357,Bangkok,11-04-2024,28-02-2025,Cultural,Cruise,4,3264.65,1
TRIP11654,USER7432,Rome,20-07-2024,28-10-2024,Cultural,Cruise,1,3868.84,3
TRIP11655,USER1597,Bangkok,20-12-2024,12-04-2025,Family,Bus,3,2027.66,10
TRIP11656,USER1401,Barcelona,08-05-2024,08-12-2024,Business,Cruise,3,2525.98,8
TRIP11657,USER9854,Bangkok,07-03-2025,02-04-2025,Family,Flight,1,904.32,1
TRIP11658,USER3606,Bangkok,15-11-2024,16-02-2025,Adventure,Cruise,4,1621.39,8
TRIP11659,USER8339,Barcelona,06-07-2024,22-07-2024,Beach,Car,4,3930.11,6
TRIP11660,USER2662,London,17-06-2024,03-02-2025,Family,Bus,5,3666.77,4
TRIP11661,USER8732,Istanbul,23-04-2024,25-09-2024,Family,Cruise,5,590.16,3
TRIP11662,USER3891,Barcelona,31-10-2024,27-01-2025,Adventure,Bus,4,515.9,4
TRIP11663,USER4038,Rome,11-07-2024,27-03-2025,Family,Train,2,3880.13,5
TRIP11664,USER1381,Rome,26-10-2024,07-01-2025,Leisure,Train,1,4784.22,7
TRIP11665,USER3719,London,27-07-2024,07-08-2024,Cultural,Cruise,4,2468.44,10
TRIP11666,USER3750,Dubai,03-07-2024,15-01-2025,Adventure,Train,4,2962.05,8
TRIP11667,USER7543,New York,27-05-2024,17-06-2024,Business,Flight,4,606.45,2
TRIP11668,USER2312,London,20-04-2024,22-09-2024,Business,Flight,3,2459.57,8
TRIP11669,USER2833,London,23-02-2025,03-03-2025,Cultural,Flight,4,4063.6,1
TRIP11670,USER9345,Istanbul,27-03-2024,22-10-2024,Adventure,Bus,1,4205.99,3
TRIP11671,USER6441,Rome,17-09-2024,25-09-2024,Family,Cruise,1,4180.65,6
TRIP11672,USER9599,Rome,25-02-2025,17-03-2025,Business,Bus,5,2886.14,3
TRIP11673,USER6045,Bangkok,09-01-2025,01-02-2025,Adventure,Bus,3,4471.26,4
TRIP11674,USER9989,Rome,23-08-2024,16-11-2024,Adventure,Bus,4,2428.36,1
TRIP11675,USER9660,London,24-02-2025,04-03-2025,Adventure,Flight,4,3686.99,9
TRIP11676,USER4583,Rome,27-05-2024,30-01-2025,Leisure,Flight,4,3601.61,5
TRIP11677,USER7542,Paris,30-01-2025,19-03-2025,Leisure,Cruise,2,711.27,5
TRIP11678,USER9488,London,17-12-2024,27-02-2025,Adventure,Bus,5,4135.75,2
TRIP11679,USER1697,Paris,10-12-2024,13-01-2025,Beach,Train,4,3626.94,5
TRIP11680,USER4529,Rome,19-05-2024,13-07-2024,Adventure,Bus,4,2503.37,4
TRIP11681,USER8135,Paris,08-09-2024,30-03-2025,Family,Car,3,1499.26,9
TRIP11682,USER8090,Istanbul,10-02-2025,10-04-2025,Cultural,Flight,3,3457.22,3
TRIP11683,USER8532,New York,23-12-2024,02-01-2025,Beach,Train,3,4628.72,4
TRIP11684,USER9770,Dubai,23-04-2024,16-05-2024,Family,Cruise,4,3756.29,9
TRIP11685,USER8570,New York,01-08-2024,16-10-2024,Beach,Flight,5,4843.67,5
TRIP11686,USER1605,Sydney,19-08-2024,07-02-2025,Leisure,Car,4,727.3,10
TRIP11687,USER6340,Paris,29-10-2024,11-02-2025,Leisure,Cruise,1,1367.25,7
TRIP11688,USER4279,Barcelona,09-07-2024,28-09-2024,Adventure,Cruise,5,3642.42,3
TRIP11689,USER5843,New York,21-01-2025,05-04-2025,Business,Train,5,3567.88,10
TRIP11690,USER9335,Tokyo,16-04-2024,24-01-2025,Business,Bus,3,1189.29,4
TRIP11691,USER3031,Tokyo,04-02-2025,11-02-2025,Beach,Flight,2,1820.98,5
TRIP11692,USER1576,Istanbul,01-12-2024,18-02-2025,Business,Train,5,1542.63,1
TRIP11693,USER4248,Bangkok,28-04-2024,21-09-2024,Business,Flight,1,1209.62,2
TRIP11694,USER1666,Rome,26-12-2024,21-01-2025,Cultural,Bus,4,3596.29,4
TRIP11695,USER1947,Barcelona,28-07-2024,14-10-2024,Leisure,Bus,3,1824.3,7
TRIP11696,USER8691,Bangkok,11-06-2024,29-08-2024,Beach,Train,1,1896.14,3
TRIP11697,USER6277,Tokyo,10-07-2024,11-03-2025,Adventure,Flight,4,3981.72,6
TRIP11698,USER1712,Dubai,15-10-2024,29-10-2024,Leisure,Train,4,2442.46,2
TRIP11699,USER7606,Paris,19-10-2024,22-12-2024,Beach,Flight,5,4238.36,3
TRIP11700,USER9702,Barcelona,26-08-2024,18-01-2025,Adventure,Car,2,4718.91,1
TRIP11701,USER9062,New York,21-09-2024,21-03-2025,Beach,Flight,5,3059.85,3
TRIP11702,USER5158,New York,05-03-2025,08-04-2025,Leisure,Flight,3,3990.33,10
TRIP11703,USER2117,Barcelona,18-12-2024,12-04-2025,Family,Car,1,3363.24,2
TRIP11704,USER2615,Tokyo,25-10-2024,10-02-2025,Family,Cruise,1,3352.31,5
TRIP11705,USER4616,Sydney,11-01-2025,08-02-2025,Adventure,Flight,5,4254.63,1
TRIP11706,USER1082,London,11-05-2024,29-12-2024,Family,Train,3,2696.41,5
TRIP11707,USER3373,Bangkok,05-01-2025,02-03-2025,Adventure,Cruise,3,2098.27,2
TRIP11708,USER3363,Istanbul,09-05-2024,15-01-2025,Family,Car,2,3766.94,7
TRIP11709,USER5535,Rome,28-05-2024,06-07-2024,Adventure,Bus,1,3971.13,4
TRIP11710,USER5531,Paris,02-02-2025,30-03-2025,Business,Car,3,3262,3
TRIP11711,USER2062,Dubai,07-02-2025,16-03-2025,Leisure,Cruise,4,1369.66,7
TRIP11712,USER4092,Barcelona,07-05-2024,29-09-2024,Adventure,Bus,1,1890.88,7
TRIP11713,USER4945,New York,02-04-2024,03-02-2025,Family,Cruise,2,2667.8,4
TRIP11714,USER4444,Bangkok,20-10-2024,22-03-2025,Family,Bus,5,980.9,7
TRIP11715,USER4260,Istanbul,23-04-2024,13-01-2025,Leisure,Cruise,3,2640.12,1
TRIP11716,USER1659,London,30-11-2024,01-03-2025,Family,Cruise,3,4398,7
TRIP11717,USER7787,Rome,22-07-2024,22-10-2024,Leisure,Train,4,3378.81,9
TRIP11718,USER9963,Bangkok,16-03-2025,14-04-2025,Beach,Cruise,4,934.99,1
TRIP11719,USER8764,Paris,30-08-2024,29-12-2024,Leisure,Flight,3,1507.54,4
TRIP11720,USER5760,Barcelona,29-01-2025,08-02-2025,Family,Flight,4,4115.72,3
TRIP11721,USER7079,Tokyo,21-10-2024,23-10-2024,Adventure,Car,1,1672.27,4
TRIP11722,USER6878,New York,12-04-2024,10-11-2024,Leisure,Train,3,3904.53,10
TRIP11723,USER2977,Istanbul,19-10-2024,19-01-2025,Adventure,Cruise,2,3639.44,8
TRIP11724,USER5031,Tokyo,03-12-2024,23-02-2025,Leisure,Cruise,4,4412.1,1
TRIP11725,USER2789,Barcelona,20-08-2024,04-09-2024,Business,Bus,3,2911,3
TRIP11726,USER5569,Bangkok,06-04-2024,13-08-2024,Cultural,Car,4,3737.12,5
TRIP11727,USER1709,Istanbul,05-12-2024,05-02-2025,Leisure,Bus,1,4973.39,1
TRIP11728,USER2805,Barcelona,04-07-2024,27-01-2025,Cultural,Cruise,3,3547.55,7
TRIP11729,USER1897,Paris,24-09-2024,28-10-2024,Cultural,Flight,3,3956.13,5
TRIP11730,USER9557,Istanbul,20-10-2024,26-12-2024,Business,Car,1,3684.81,2
TRIP11731,USER4012,New York,03-05-2024,20-09-2024,Beach,Cruise,1,1464.23,8
TRIP11732,USER8728,Tokyo,04-06-2024,23-11-2024,Family,Bus,1,4081.58,10
TRIP11733,USER6432,Paris,14-08-2024,29-08-2024,Business,Flight,2,2161.61,7
TRIP11734,USER8674,Dubai,12-10-2024,24-02-2025,Leisure,Flight,2,2606.48,7
TRIP11735,USER7867,Rome,15-12-2024,30-01-2025,Adventure,Train,5,2670.1,4
TRIP11736,USER4649,Sydney,10-03-2025,27-03-2025,Beach,Car,5,1089.3,6
TRIP11737,USER1095,Bangkok,02-08-2024,02-10-2024,Family,Cruise,2,2797.96,9
TRIP11738,USER2319,Istanbul,01-04-2024,04-07-2024,Adventure,Bus,5,4755.55,10
TRIP11739,USER3599,London,18-08-2024,14-03-2025,Adventure,Train,4,2508.48,8
TRIP11740,USER8452,Barcelona,10-12-2024,08-03-2025,Family,Car,2,4906.25,4
TRIP11741,USER2587,London,28-07-2024,05-08-2024,Business,Bus,1,1475.4,3
TRIP11742,USER7823,Dubai,28-01-2025,21-02-2025,Business,Train,3,4963.15,6
TRIP11743,USER8469,Paris,23-04-2024,22-08-2024,Cultural,Car,5,3840.27,2
TRIP11744,USER3408,Barcelona,20-11-2024,05-01-2025,Beach,Flight,1,3271.26,2
TRIP11745,USER1210,Bangkok,09-10-2024,21-10-2024,Leisure,Cruise,1,2567.31,3
TRIP11746,USER9007,Tokyo,22-10-2024,07-04-2025,Business,Car,3,4406.45,5
TRIP11747,USER6943,Rome,28-12-2024,02-04-2025,Leisure,Flight,1,4441.11,7
TRIP11748,USER2531,Sydney,30-05-2024,23-02-2025,Leisure,Bus,2,1657.53,4
TRIP11749,USER5146,Paris,08-10-2024,16-10-2024,Leisure,Cruise,3,4126.93,5
TRIP11750,USER7815,Dubai,02-11-2024,01-02-2025,Business,Cruise,1,793.81,10
TRIP11751,USER3996,London,14-05-2024,12-03-2025,Cultural,Bus,4,3005.69,8
TRIP11752,USER4138,Bangkok,02-09-2024,14-02-2025,Business,Train,4,1085.59,1
TRIP11753,USER8413,Sydney,03-04-2024,27-09-2024,Adventure,Car,3,669.51,5
TRIP11754,USER9317,London,29-11-2024,11-01-2025,Leisure,Bus,5,1188.16,1
TRIP11755,USER4003,Bangkok,20-04-2024,02-05-2024,Business,Train,2,2019.66,10
TRIP11756,USER6992,London,25-10-2024,23-03-2025,Leisure,Cruise,4,1956.21,8
TRIP11757,USER5762,Dubai,13-05-2024,09-02-2025,Beach,Car,5,1560.76,10
TRIP11758,USER2195,Dubai,25-11-2024,09-01-2025,Adventure,Cruise,5,4579.63,7
TRIP11759,USER7065,Istanbul,28-07-2024,01-03-2025,Cultural,Cruise,1,3004,1
TRIP11760,USER9837,Sydney,03-02-2025,17-03-2025,Adventure,Flight,4,3464.47,2
TRIP11761,USER5570,Tokyo,21-02-2025,06-03-2025,Leisure,Cruise,3,2109.82,4
TRIP11762,USER6076,New York,02-10-2024,14-04-2025,Family,Car,1,4985.5,7
TRIP11763,USER5673,Rome,09-07-2024,19-01-2025,Adventure,Cruise,2,1420.13,6
TRIP11764,USER6068,Tokyo,06-09-2024,03-02-2025,Beach,Flight,2,3453.91,6
TRIP11765,USER7299,Dubai,28-11-2024,26-02-2025,Family,Train,2,2122.74,8
TRIP11766,USER3979,Rome,12-09-2024,07-10-2024,Adventure,Cruise,3,4004.26,9
TRIP11767,USER6440,Barcelona,16-08-2024,30-03-2025,Cultural,Bus,5,4472.88,1
TRIP11768,USER4291,Rome,01-01-2025,12-04-2025,Beach,Cruise,2,4847.5,7
TRIP11769,USER7629,Barcelona,09-03-2025,07-04-2025,Beach,Bus,2,2394.16,9
TRIP11770,USER6956,Bangkok,11-10-2024,20-03-2025,Beach,Car,4,561.85,3
TRIP11771,USER1672,Barcelona,27-11-2024,12-12-2024,Business,Cruise,1,2443.98,6
TRIP11772,USER8759,New York,18-01-2025,08-02-2025,Leisure,Bus,5,3408.16,7
TRIP11773,USER3401,Sydney,07-05-2024,26-03-2025,Adventure,Cruise,1,3688.02,6
TRIP11774,USER4437,Bangkok,03-02-2025,20-02-2025,Beach,Flight,4,2627,2
TRIP11775,USER5131,Rome,20-05-2024,04-10-2024,Leisure,Car,3,827,3
TRIP11776,USER2803,London,01-08-2024,01-08-2024,Beach,Flight,4,4303.02,3
TRIP11777,USER1127,Rome,10-02-2025,11-04-2025,Cultural,Train,1,4976.34,6
TRIP11778,USER7067,Istanbul,13-04-2024,28-03-2025,Family,Cruise,4,3219.85,2
TRIP11779,USER7017,Bangkok,13-05-2024,26-12-2024,Beach,Car,2,2737.66,9
TRIP11780,USER1270,Sydney,21-03-2024,14-02-2025,Family,Flight,2,1929.41,1
TRIP11781,USER3220,Rome,26-12-2024,01-01-2025,Family,Bus,3,4780.9,2
TRIP11782,USER6521,Tokyo,19-09-2024,13-10-2024,Cultural,Car,3,2606.13,3
TRIP11783,USER8770,Sydney,26-10-2024,14-02-2025,Beach,Car,3,2341.77,1
TRIP11784,USER9588,Bangkok,07-01-2025,11-03-2025,Family,Train,2,2575.96,2
TRIP11785,USER1700,London,13-04-2024,08-04-2025,Business,Bus,3,3255.17,7
TRIP11786,USER4702,Barcelona,11-04-2024,23-09-2024,Beach,Car,4,846.29,3
TRIP11787,USER6818,New York,02-06-2024,14-01-2025,Beach,Bus,3,4564.26,5
TRIP11788,USER8079,Paris,11-04-2024,24-12-2024,Business,Train,4,1371.65,9
TRIP11789,USER4041,Dubai,23-11-2024,29-11-2024,Business,Flight,4,4610.23,10
TRIP11790,USER3101,Sydney,28-10-2024,24-01-2025,Cultural,Train,2,2148.36,9
TRIP11791,USER3506,Rome,05-06-2024,11-09-2024,Beach,Cruise,2,3753.51,4
TRIP11792,USER2250,London,07-02-2025,05-04-2025,Cultural,Car,3,1346.83,10
TRIP11793,USER7834,Rome,02-07-2024,28-01-2025,Leisure,Bus,3,4570.72,8
TRIP11794,USER5174,London,07-04-2024,28-08-2024,Family,Car,1,1645.6,10
TRIP11795,USER4868,Bangkok,12-01-2025,27-01-2025,Family,Car,5,3802.3,7
TRIP11796,USER1601,Rome,29-05-2024,08-01-2025,Beach,Cruise,2,1318.3,8
TRIP11797,USER7890,London,15-01-2025,01-04-2025,Beach,Car,1,3825.06,4
TRIP11798,USER3633,Sydney,12-06-2024,13-11-2024,Family,Car,5,768.57,6
TRIP11799,USER5715,Istanbul,01-03-2025,22-03-2025,Beach,Car,3,1487.12,2
TRIP11800,USER4543,Paris,01-11-2024,09-11-2024,Family,Bus,4,895.14,3
TRIP11801,USER9336,London,30-10-2024,14-11-2024,Cultural,Bus,5,3423.2,4
TRIP11802,USER9056,New York,29-03-2024,14-08-2024,Family,Flight,2,1066.81,8
TRIP11803,USER4578,Barcelona,27-05-2024,23-07-2024,Leisure,Car,5,2246.73,3
TRIP11804,USER3283,Paris,17-12-2024,17-12-2024,Beach,Car,3,2808.02,10
TRIP11805,USER8448,London,29-03-2024,08-01-2025,Cultural,Train,2,2878.4,7
TRIP11806,USER4969,London,21-12-2024,27-03-2025,Family,Bus,2,4512.75,10
TRIP11807,USER5649,Dubai,30-12-2024,03-03-2025,Family,Cruise,4,2704.81,9
TRIP11808,USER3873,Dubai,01-01-2025,07-04-2025,Cultural,Bus,4,815.75,4
TRIP11809,USER3160,Tokyo,11-11-2024,13-02-2025,Beach,Car,2,3233.56,2
TRIP11810,USER7463,Paris,02-07-2024,15-02-2025,Business,Flight,3,2283.5,4
TRIP11811,USER5469,Dubai,19-10-2024,15-04-2025,Business,Flight,4,775.22,2
TRIP11812,USER8791,Bangkok,16-12-2024,19-12-2024,Cultural,Train,3,2628.27,2
TRIP11813,USER7567,Istanbul,24-11-2024,07-12-2024,Adventure,Cruise,3,4837.76,6
TRIP11814,USER4105,Bangkok,03-12-2024,11-12-2024,Family,Flight,5,1661.85,6
TRIP11815,USER3088,London,30-07-2024,14-04-2025,Beach,Flight,2,4939.72,2
TRIP11816,USER1411,Tokyo,05-11-2024,01-04-2025,Leisure,Flight,1,4341.52,4
TRIP11817,USER2929,Barcelona,28-11-2024,07-03-2025,Family,Flight,5,3457.09,1
TRIP11818,USER3154,Rome,29-06-2024,24-02-2025,Adventure,Flight,3,4939.3,1
TRIP11819,USER3905,Bangkok,30-03-2024,25-10-2024,Business,Bus,5,1027.27,5
TRIP11820,USER6690,Paris,11-06-2024,14-12-2024,Cultural,Bus,3,2611.38,7
TRIP11821,USER3726,New York,19-07-2024,26-12-2024,Business,Cruise,2,3228.74,5
TRIP11822,USER1134,Rome,10-07-2024,31-10-2024,Business,Train,4,4346.08,3
TRIP11823,USER6479,New York,22-06-2024,04-12-2024,Family,Bus,4,1358.75,7
TRIP11824,USER1082,Paris,29-11-2024,29-11-2024,Leisure,Bus,3,1774.28,4
TRIP11825,USER2090,London,15-07-2024,08-12-2024,Adventure,Flight,2,3762.61,4
TRIP11826,USER8943,Bangkok,07-11-2024,13-02-2025,Cultural,Train,2,1456.94,10
TRIP11827,USER1483,Sydney,15-03-2025,18-03-2025,Cultural,Train,5,3599.57,10
TRIP11828,USER5835,Tokyo,02-05-2024,20-11-2024,Beach,Car,3,1868.18,6
TRIP11829,USER8946,Sydney,08-01-2025,07-02-2025,Business,Car,1,857.03,5
TRIP11830,USER2797,Dubai,08-08-2024,03-12-2024,Adventure,Flight,5,3040.74,7
TRIP11831,USER4587,Dubai,04-03-2025,20-03-2025,Adventure,Bus,1,557.21,8
TRIP11832,USER9854,Dubai,04-01-2025,09-02-2025,Leisure,Cruise,5,4089.41,4
TRIP11833,USER3368,Istanbul,12-05-2024,17-07-2024,Adventure,Flight,4,3033.15,8
TRIP11834,USER7324,Paris,02-09-2024,25-12-2024,Family,Bus,4,4687.35,1
TRIP11835,USER5101,Barcelona,09-06-2024,07-11-2024,Cultural,Flight,4,4092.1,5
TRIP11836,USER9044,Istanbul,09-10-2024,07-03-2025,Beach,Cruise,4,972.14,3
TRIP11837,USER7108,Bangkok,07-01-2025,15-04-2025,Adventure,Car,4,1164.36,1
TRIP11838,USER1540,Istanbul,04-09-2024,25-09-2024,Business,Car,2,4244.2,1
TRIP11839,USER3649,New York,19-11-2024,01-04-2025,Leisure,Car,4,1515.22,1
TRIP11840,USER1434,Sydney,12-02-2025,30-03-2025,Beach,Bus,1,529.95,2
TRIP11841,USER2176,Barcelona,10-12-2024,31-03-2025,Leisure,Train,4,2328.04,7
TRIP11842,USER6563,Paris,03-08-2024,10-09-2024,Family,Flight,2,3210.49,2
TRIP11843,USER3568,London,01-03-2025,25-03-2025,Business,Car,2,3358.63,7
TRIP11844,USER8839,Dubai,24-03-2024,27-05-2024,Beach,Bus,2,3216.54,6
TRIP11845,USER1793,Barcelona,16-09-2024,25-02-2025,Cultural,Bus,2,1427.67,3
TRIP11846,USER6002,Paris,19-10-2024,24-10-2024,Family,Car,4,2441.07,4
TRIP11847,USER4970,Paris,01-02-2025,16-02-2025,Adventure,Bus,2,2851.54,9
TRIP11848,USER5686,London,06-08-2024,14-10-2024,Adventure,Bus,3,4744.54,9
TRIP11849,USER9274,Barcelona,17-04-2024,22-03-2025,Beach,Flight,3,3984.24,9
TRIP11850,USER4496,Rome,31-10-2024,02-02-2025,Beach,Bus,1,791.14,2
TRIP11851,USER2936,Dubai,07-07-2024,31-03-2025,Cultural,Train,1,4378.76,4
TRIP11852,USER5076,Bangkok,19-07-2024,17-08-2024,Adventure,Cruise,3,2565.47,9
TRIP11853,USER4814,Dubai,23-11-2024,28-02-2025,Business,Cruise,5,4440.09,1
TRIP11854,USER2873,Dubai,06-08-2024,16-08-2024,Beach,Car,1,2358.29,3
TRIP11855,USER9726,London,09-01-2025,02-04-2025,Business,Car,3,2997.27,10
TRIP11856,USER2499,Dubai,03-08-2024,12-09-2024,Beach,Train,3,4055.37,4
TRIP11857,USER5190,Tokyo,31-03-2024,16-10-2024,Adventure,Train,5,1545.85,4
TRIP11858,USER6508,Rome,02-03-2025,04-03-2025,Family,Cruise,4,4682.84,5
TRIP11859,USER7405,Dubai,14-02-2025,19-02-2025,Family,Cruise,5,4866.43,1
TRIP11860,USER7432,Dubai,24-05-2024,01-04-2025,Beach,Car,2,531.2,8
TRIP11861,USER4501,Dubai,22-04-2024,24-03-2025,Adventure,Flight,1,4966.15,9
TRIP11862,USER4781,London,07-07-2024,14-04-2025,Leisure,Flight,5,3762.63,2
TRIP11863,USER3300,Istanbul,09-04-2024,28-10-2024,Family,Cruise,2,3227.14,6
TRIP11864,USER5065,Barcelona,01-07-2024,17-10-2024,Cultural,Bus,5,2008.99,10
TRIP11865,USER9583,London,02-06-2024,24-08-2024,Beach,Train,4,4774.85,5
TRIP11866,USER1559,Bangkok,03-11-2024,02-04-2025,Adventure,Train,4,1771.22,9
TRIP11867,USER1810,New York,17-06-2024,10-04-2025,Family,Car,1,3553.28,5
TRIP11868,USER5973,New York,14-05-2024,22-02-2025,Business,Train,1,1543.07,10
TRIP11869,USER4551,Paris,14-08-2024,25-02-2025,Cultural,Bus,1,1843.22,10
TRIP11870,USER1636,Barcelona,12-05-2024,18-07-2024,Adventure,Train,5,2359.86,7
TRIP11871,USER6217,Dubai,09-10-2024,21-02-2025,Business,Train,4,3218.25,9
TRIP11872,USER6469,Sydney,29-06-2024,05-02-2025,Beach,Cruise,2,1859.53,5
TRIP11873,USER8884,Sydney,21-10-2024,15-12-2024,Family,Bus,4,3766,4
TRIP11874,USER1808,Paris,28-10-2024,28-12-2024,Family,Flight,5,2059.56,9
TRIP11875,USER6616,Paris,25-07-2024,26-01-2025,Business,Train,2,2155.66,8
TRIP11876,USER4660,London,06-11-2024,04-03-2025,Adventure,Car,2,4857.63,1
TRIP11877,USER8040,Tokyo,27-12-2024,31-01-2025,Adventure,Cruise,5,778.92,9
TRIP11878,USER3344,Bangkok,01-08-2024,27-09-2024,Cultural,Train,3,2267.54,2
TRIP11879,USER3546,New York,10-04-2024,20-08-2024,Family,Flight,3,4843.4,1
TRIP11880,USER9184,New York,31-10-2024,07-11-2024,Family,Bus,4,4688.55,2
TRIP11881,USER6745,New York,24-02-2025,05-04-2025,Business,Car,4,926.55,1
TRIP11882,USER6199,London,17-05-2024,31-07-2024,Leisure,Flight,4,4271.12,8
TRIP11883,USER2399,Istanbul,26-03-2024,03-03-2025,Business,Cruise,2,3372.42,2
TRIP11884,USER5033,Barcelona,29-05-2024,19-02-2025,Business,Bus,1,4418.41,2
TRIP11885,USER1742,Istanbul,12-04-2024,19-01-2025,Adventure,Car,3,1583.32,10
TRIP11886,USER6881,Barcelona,17-04-2024,11-05-2024,Beach,Car,3,1834.63,9
TRIP11887,USER5220,Rome,20-04-2024,27-04-2024,Business,Flight,4,4386.13,1
TRIP11888,USER1507,New York,11-05-2024,17-05-2024,Leisure,Bus,5,4795.08,8
TRIP11889,USER2643,Barcelona,10-01-2025,26-02-2025,Family,Bus,5,4879.67,10
TRIP11890,USER9009,Paris,19-02-2025,29-03-2025,Adventure,Cruise,3,3196.69,7
TRIP11891,USER8395,Dubai,25-02-2025,27-02-2025,Cultural,Bus,5,2482.67,5
TRIP11892,USER8797,Tokyo,14-12-2024,06-04-2025,Business,Flight,5,2578.89,3
TRIP11893,USER8039,New York,30-05-2024,06-02-2025,Business,Flight,2,3053.42,2
TRIP11894,USER2155,Dubai,15-07-2024,03-02-2025,Leisure,Train,5,3239.39,10
TRIP11895,USER9302,London,02-01-2025,01-04-2025,Business,Cruise,5,2984.6,3
TRIP11896,USER3218,London,20-02-2025,26-03-2025,Cultural,Car,1,615.02,9
TRIP11897,USER7012,Istanbul,08-03-2025,01-04-2025,Leisure,Car,1,3915.51,8
TRIP11898,USER2957,Rome,24-06-2024,28-12-2024,Leisure,Car,3,3040.7,1
TRIP11899,USER1103,Dubai,11-10-2024,24-12-2024,Leisure,Bus,1,4124.85,8
TRIP11900,USER7180,Sydney,02-11-2024,07-02-2025,Business,Car,2,2351.95,9
TRIP11901,USER5698,Paris,18-01-2025,27-01-2025,Leisure,Bus,2,4913.43,10
TRIP11902,USER6542,Bangkok,14-06-2024,19-09-2024,Beach,Cruise,1,930.35,1
TRIP11903,USER3472,Istanbul,30-03-2024,08-03-2025,Business,Car,2,4811.84,2
TRIP11904,USER2908,Dubai,02-08-2024,14-09-2024,Adventure,Flight,3,774.37,1
TRIP11905,USER2907,Barcelona,20-01-2025,10-04-2025,Family,Train,5,1829.99,8
TRIP11906,USER7794,Tokyo,04-08-2024,22-12-2024,Adventure,Bus,5,4900.5,2
TRIP11907,USER6266,Istanbul,06-08-2024,03-11-2024,Leisure,Car,4,1087.13,5
TRIP11908,USER6060,Tokyo,14-04-2024,02-11-2024,Leisure,Bus,4,4910.27,10
TRIP11909,USER5972,Istanbul,11-05-2024,27-05-2024,Beach,Flight,1,1893.48,1
TRIP11910,USER4686,Bangkok,21-07-2024,31-01-2025,Leisure,Flight,2,1142.99,4
TRIP11911,USER6837,Paris,03-10-2024,29-12-2024,Business,Cruise,2,732.07,7
TRIP11912,USER4403,Barcelona,18-10-2024,29-10-2024,Family,Car,4,4006.58,1
TRIP11913,USER2262,New York,27-04-2024,24-12-2024,Beach,Cruise,3,2342.48,4
TRIP11914,USER8682,Paris,25-01-2025,06-04-2025,Business,Train,5,2350.1,5
TRIP11915,USER2895,Bangkok,05-02-2025,08-02-2025,Adventure,Cruise,3,705.21,5
TRIP11916,USER5684,Dubai,20-07-2024,12-11-2024,Business,Cruise,5,2672.39,1
TRIP11917,USER3902,London,13-08-2024,13-10-2024,Family,Cruise,4,1381.09,10
TRIP11918,USER9426,Bangkok,14-11-2024,12-12-2024,Leisure,Flight,1,3217.14,3
TRIP11919,USER7312,Sydney,13-09-2024,28-10-2024,Family,Car,3,1349.11,9
TRIP11920,USER8058,Sydney,06-02-2025,15-02-2025,Leisure,Bus,2,1406.93,10
TRIP11921,USER4886,Tokyo,05-12-2024,20-02-2025,Business,Cruise,1,1342.41,5
TRIP11922,USER1155,Tokyo,05-07-2024,13-07-2024,Beach,Car,3,1317.77,6
TRIP11923,USER3918,Sydney,30-07-2024,22-09-2024,Adventure,Car,4,4878.37,10
TRIP11924,USER8326,Bangkok,26-06-2024,06-01-2025,Beach,Car,3,1437.35,7
TRIP11925,USER2444,Tokyo,09-03-2025,27-03-2025,Business,Train,1,4554.54,7
TRIP11926,USER9036,New York,06-10-2024,07-02-2025,Business,Bus,4,3806.25,6
TRIP11927,USER4683,London,26-07-2024,06-08-2024,Cultural,Car,1,4945.31,6
TRIP11928,USER9846,Barcelona,10-05-2024,05-11-2024,Cultural,Car,2,4045.92,1
TRIP11929,USER3139,Dubai,16-06-2024,04-04-2025,Cultural,Cruise,2,1878.5,10
TRIP11930,USER8306,Sydney,31-03-2024,24-03-2025,Business,Train,5,3857.77,10
TRIP11931,USER5877,Istanbul,29-09-2024,17-11-2024,Business,Cruise,2,802.79,3
TRIP11932,USER9820,Bangkok,11-12-2024,17-02-2025,Family,Car,4,4945.39,1
TRIP11933,USER2407,London,12-07-2024,09-02-2025,Business,Flight,1,1386.49,5
TRIP11934,USER7080,Dubai,07-11-2024,09-01-2025,Family,Train,3,4205.02,9
TRIP11935,USER7612,Paris,13-12-2024,17-01-2025,Leisure,Car,4,1016.5,6
TRIP11936,USER4098,Bangkok,18-07-2024,23-02-2025,Cultural,Train,2,1575.35,6
TRIP11937,USER3747,Dubai,29-07-2024,05-12-2024,Cultural,Flight,4,4358.96,9
TRIP11938,USER2719,Istanbul,18-06-2024,24-01-2025,Adventure,Car,2,1694.34,8
TRIP11939,USER1693,Dubai,23-06-2024,22-01-2025,Cultural,Train,3,2472.23,6
TRIP11940,USER5719,Tokyo,21-05-2024,11-08-2024,Cultural,Flight,3,1731.58,6
TRIP11941,USER3316,Dubai,23-12-2024,15-03-2025,Cultural,Cruise,3,1207.06,7
TRIP11942,USER5194,New York,15-11-2024,02-02-2025,Adventure,Bus,5,2084.04,10
TRIP11943,USER3984,Barcelona,25-04-2024,16-05-2024,Beach,Car,1,1241.5,9
TRIP11944,USER5231,Bangkok,03-08-2024,20-11-2024,Family,Train,1,4340.04,4
TRIP11945,USER3074,Sydney,28-02-2025,13-04-2025,Business,Cruise,1,3042.39,10
TRIP11946,USER2654,Rome,23-02-2025,17-03-2025,Beach,Flight,3,3830.79,9
TRIP11947,USER1838,Tokyo,27-07-2024,22-09-2024,Business,Bus,4,2556.79,10
TRIP11948,USER3502,Rome,19-08-2024,29-11-2024,Leisure,Train,1,1354.29,1
TRIP11949,USER2183,Barcelona,09-07-2024,11-07-2024,Adventure,Flight,2,4556.98,8
TRIP11950,USER2983,Sydney,25-01-2025,31-01-2025,Leisure,Bus,2,2438.03,5
TRIP11951,USER8984,Rome,18-06-2024,07-01-2025,Leisure,Bus,4,3537.77,10
TRIP11952,USER5192,Rome,12-02-2025,26-02-2025,Beach,Train,3,612.72,2
TRIP11953,USER4579,Dubai,29-01-2025,18-02-2025,Business,Flight,1,1477.66,8
TRIP11954,USER5653,New York,09-03-2025,01-04-2025,Family,Car,1,4153.81,10
TRIP11955,USER3192,Barcelona,29-04-2024,14-08-2024,Business,Flight,3,1326.54,1
TRIP11956,USER1448,Dubai,22-08-2024,27-11-2024,Adventure,Bus,4,3472.3,6
TRIP11957,USER9306,Istanbul,27-11-2024,21-12-2024,Adventure,Cruise,2,2098.59,3
TRIP11958,USER6948,London,02-08-2024,14-03-2025,Beach,Car,2,2070.58,2
TRIP11959,USER6552,Barcelona,19-11-2024,14-02-2025,Cultural,Bus,4,1781.65,8
TRIP11960,USER8835,London,12-01-2025,04-03-2025,Leisure,Train,5,1275.03,7
TRIP11961,USER2991,Dubai,19-05-2024,19-02-2025,Beach,Train,5,4035.4,10
TRIP11962,USER3031,Barcelona,25-10-2024,03-11-2024,Beach,Train,5,3970.57,6
TRIP11963,USER8744,Barcelona,01-08-2024,04-11-2024,Cultural,Car,2,4214.67,7
TRIP11965,USER2852,London,24-07-2024,04-03-2025,Cultural,Car,5,4142.1,3
TRIP11967,USER6960,Istanbul,06-11-2024,10-11-2024,Leisure,Bus,3,4025.6,6
TRIP11968,USER8109,Sydney,28-01-2025,01-02-2025,Cultural,Flight,2,1222.94,9
TRIP11969,USER5314,Tokyo,20-07-2024,27-09-2024,Business,Car,4,4083.97,7
TRIP11970,USER9498,Sydney,29-11-2024,26-02-2025,Business,Flight,1,3916.9,6
TRIP11971,USER1158,London,17-09-2024,10-01-2025,Adventure,Flight,5,2295.02,4
TRIP11972,USER1460,Rome,08-11-2024,28-01-2025,Family,Flight,1,4534.08,9
TRIP11973,USER7386,Bangkok,28-04-2024,18-09-2024,Adventure,Bus,5,4646.77,7
TRIP11974,USER7130,Paris,16-04-2024,04-02-2025,Cultural,Train,5,4263.02,3
TRIP11975,USER6899,Rome,14-12-2024,25-03-2025,Adventure,Cruise,4,1077.66,2
TRIP11976,USER1083,Paris,27-06-2024,12-09-2024,Family,Train,1,1458.59,10
TRIP11977,USER9120,Dubai,09-05-2024,13-10-2024,Cultural,Train,5,1387.81,5
TRIP11978,USER3317,Sydney,04-11-2024,19-01-2025,Adventure,Car,3,4175.07,10
TRIP11979,USER1658,Sydney,13-10-2024,21-03-2025,Beach,Flight,2,3067.47,1
TRIP11980,USER9110,Sydney,15-03-2025,29-03-2025,Family,Train,4,579.48,9
TRIP11981,USER5169,Paris,11-04-2024,07-09-2024,Cultural,Flight,5,4845.93,5
TRIP11982,USER8111,Barcelona,28-02-2025,10-04-2025,Adventure,Train,4,1709.72,3
TRIP11983,USER3324,Tokyo,18-06-2024,09-11-2024,Leisure,Train,5,2501.64,3
TRIP11984,USER9305,New York,09-06-2024,13-02-2025,Beach,Car,3,652.59,7
TRIP11985,USER1933,Sydney,30-01-2025,26-02-2025,Family,Train,1,4769.22,7
TRIP11986,USER5693,Tokyo,07-11-2024,28-11-2024,Cultural,Flight,5,2851.46,1
TRIP11987,USER5755,Barcelona,24-11-2024,23-12-2024,Family,Car,3,3106.36,7
TRIP11988,USER1509,Bangkok,18-12-2024,12-03-2025,Family,Cruise,2,1791.88,10
TRIP11989,USER7701,Paris,04-01-2025,11-02-2025,Cultural,Bus,4,4304.88,3
TRIP11990,USER3030,Barcelona,10-07-2024,27-03-2025,Beach,Train,3,1200.19,4
TRIP11991,USER9686,Sydney,25-04-2024,22-09-2024,Leisure,Flight,5,2669.12,9
TRIP11992,USER3145,New York,18-04-2024,05-09-2024,Leisure,Cruise,5,3091.69,10
TRIP11993,USER8742,New York,08-10-2024,20-11-2024,Cultural,Flight,1,4368.69,9
TRIP11994,USER1884,Dubai,29-12-2024,10-04-2025,Leisure,Car,5,4804.76,1
TRIP11995,USER2161,Paris,19-01-2025,06-04-2025,Family,Flight,3,905.07,7
TRIP11996,USER6631,Sydney,21-11-2024,06-02-2025,Beach,Car,2,3404.73,10
TRIP11997,USER5324,Sydney,25-05-2024,11-04-2025,Leisure,Flight,2,1215,8
TRIP11998,USER7200,Tokyo,23-03-2024,16-01-2025,Cultural,Bus,3,2426.98,7
TRIP11999,USER8297,Istanbul,27-04-2024,18-07-2024,Cultural,Car,3,4517.36,9
TRIP12000,USER8933,Istanbul,19-02-2025,21-02-2025,Business,Car,4,1037.17,8
TRIP12001,USER5269,Rome,07-04-2024,23-04-2024,Business,Flight,1,2702.01,3
TRIP12002,USER6589,New York,20-03-2024,04-04-2024,Family,Train,3,4279.01,3
TRIP12003,USER6912,Bangkok,25-01-2025,30-01-2025,Cultural,Cruise,5,1693.31,6
TRIP12004,USER7541,Rome,02-10-2024,18-03-2025,Adventure,Bus,3,3352.35,9
TRIP12005,USER9632,London,19-07-2024,30-07-2024,Leisure,Car,4,4830.76,7
TRIP12006,USER7443,New York,14-08-2024,26-12-2024,Beach,Flight,2,875.59,10
TRIP12007,USER1003,New York,28-04-2024,29-12-2024,Beach,Bus,1,1499.44,3
TRIP12008,USER5440,Dubai,07-03-2025,13-04-2025,Adventure,Flight,5,4425.75,7
TRIP12009,USER4483,Istanbul,14-07-2024,12-08-2024,Cultural,Train,3,4661.59,6
TRIP12010,USER1873,Sydney,08-08-2024,03-11-2024,Beach,Car,5,3216.06,7
TRIP12011,USER4422,Dubai,22-04-2024,23-02-2025,Business,Car,5,565.58,3
TRIP12012,USER4509,New York,16-07-2024,20-11-2024,Business,Car,4,4258.18,1
TRIP12013,USER6641,Barcelona,11-10-2024,17-02-2025,Adventure,Bus,2,4814.25,2
TRIP12014,USER7998,Sydney,02-05-2024,04-02-2025,Family,Car,5,3796.12,5
TRIP12016,USER5431,Istanbul,20-11-2024,03-12-2024,Cultural,Flight,4,1196.11,6
TRIP12017,USER6717,Dubai,07-08-2024,27-08-2024,Family,Flight,4,4545.32,3
TRIP12018,USER3815,Istanbul,15-02-2025,09-03-2025,Family,Cruise,3,650.91,9
TRIP12019,USER8375,Dubai,08-11-2024,10-11-2024,Beach,Flight,5,1146.16,8
TRIP12020,USER8802,Tokyo,25-02-2025,26-03-2025,Family,Train,5,1133.94,10
TRIP12021,USER2653,Istanbul,13-06-2024,21-07-2024,Cultural,Car,4,809.97,10
TRIP12022,USER7217,Sydney,09-10-2024,12-02-2025,Family,Cruise,2,2553.25,4
TRIP12024,USER7754,Barcelona,15-11-2024,13-04-2025,Family,Car,3,2690.88,7
TRIP12025,USER3846,Bangkok,26-10-2024,06-01-2025,Adventure,Car,4,3197.83,6
TRIP12026,USER8612,Bangkok,27-12-2024,30-12-2024,Cultural,Car,3,3855.72,10
TRIP12027,USER8752,Sydney,05-11-2024,05-11-2024,Leisure,Train,5,4654.55,1
TRIP12028,USER9530,Sydney,31-03-2024,19-02-2025,Cultural,Bus,5,2879.92,2
TRIP12029,USER2997,Paris,28-07-2024,24-09-2024,Leisure,Flight,4,2882.22,1
TRIP12030,USER5604,Bangkok,25-01-2025,21-03-2025,Business,Flight,4,1557.15,5
TRIP12031,USER6037,New York,02-11-2024,19-12-2024,Cultural,Car,1,4525.12,6
TRIP12032,USER1337,Sydney,17-07-2024,18-09-2024,Beach,Train,1,2919.22,4
TRIP12033,USER4329,Sydney,27-10-2024,13-12-2024,Adventure,Bus,5,503.9,9
TRIP12034,USER9533,London,28-09-2024,16-02-2025,Family,Car,4,1657.04,6
TRIP12035,USER9539,Bangkok,07-09-2024,12-04-2025,Adventure,Car,1,1957.08,4
TRIP12036,USER8424,Barcelona,22-10-2024,26-11-2024,Leisure,Train,5,3642.32,6
TRIP12037,USER5261,London,18-10-2024,24-02-2025,Beach,Car,1,4075.46,3
TRIP12038,USER3277,Dubai,11-06-2024,22-02-2025,Family,Car,4,2059.84,3
TRIP12039,USER1466,Istanbul,07-10-2024,24-10-2024,Cultural,Train,2,1919.31,9
TRIP12040,USER8017,Barcelona,07-06-2024,23-09-2024,Beach,Bus,4,4188.82,8
TRIP12041,USER2644,Dubai,15-12-2024,05-03-2025,Beach,Train,3,4542.95,1
TRIP12042,USER6560,Dubai,10-07-2024,18-01-2025,Family,Car,1,3521.91,7
TRIP12043,USER7966,Istanbul,07-07-2024,01-01-2025,Adventure,Car,4,4479.18,8
TRIP12044,USER3785,Bangkok,08-12-2024,12-04-2025,Cultural,Train,1,3193.66,7
TRIP12045,USER9725,Dubai,03-04-2024,15-03-2025,Family,Cruise,5,4745.63,2
TRIP12046,USER8479,Tokyo,18-07-2024,07-03-2025,Beach,Bus,4,2249.26,2
TRIP12047,USER8603,Sydney,13-02-2025,18-03-2025,Adventure,Flight,1,2508.54,9
TRIP12048,USER8854,Dubai,29-07-2024,10-10-2024,Family,Cruise,1,3251.01,3
TRIP12049,USER8641,Sydney,10-12-2024,13-04-2025,Adventure,Bus,4,4662.13,1
TRIP12050,USER4697,Tokyo,08-10-2024,31-10-2024,Adventure,Flight,4,2707.88,5
TRIP12051,USER8015,Istanbul,02-04-2024,16-12-2024,Cultural,Train,5,1850.24,8
TRIP12052,USER2085,London,24-01-2025,28-02-2025,Cultural,Bus,1,4723.75,3
TRIP12053,USER6186,Bangkok,08-05-2024,02-03-2025,Family,Cruise,4,3918.8,3
TRIP12054,USER9234,New York,12-01-2025,23-02-2025,Business,Cruise,3,1330.81,1
TRIP12055,USER3244,Bangkok,24-12-2024,17-03-2025,Leisure,Flight,2,3721.32,1
TRIP12056,USER6117,Rome,13-10-2024,02-01-2025,Adventure,Car,4,3886.4,7
TRIP12057,USER9247,Istanbul,18-02-2025,22-03-2025,Family,Bus,2,2720.05,4
TRIP12058,USER4821,Barcelona,01-07-2024,31-07-2024,Family,Train,4,1014.24,8
TRIP12059,USER3462,Dubai,01-09-2024,13-02-2025,Business,Bus,3,1488.02,4
TRIP12060,USER9857,New York,10-01-2025,01-04-2025,Adventure,Train,1,2403.16,5
TRIP12061,USER1559,Dubai,15-02-2025,14-04-2025,Adventure,Car,3,1310.04,4
TRIP12062,USER1372,Tokyo,21-10-2024,23-01-2025,Cultural,Cruise,3,1513.47,2
TRIP12063,USER9061,Tokyo,19-04-2024,16-10-2024,Beach,Car,2,1372.41,3
TRIP12064,USER3895,Dubai,07-11-2024,22-01-2025,Business,Flight,5,3396.98,5
TRIP12065,USER7232,Rome,27-03-2024,06-10-2024,Cultural,Cruise,5,4364.78,1
TRIP12066,USER8220,Bangkok,17-06-2024,29-11-2024,Business,Car,4,3130.06,5
TRIP12067,USER4723,Sydney,07-02-2025,07-04-2025,Family,Train,2,4843.37,2
TRIP12068,USER3971,Istanbul,05-08-2024,22-11-2024,Family,Cruise,1,2916.9,1
TRIP12069,USER7570,Barcelona,04-03-2025,01-04-2025,Family,Flight,5,2658.42,5
TRIP12070,USER5293,Istanbul,03-04-2024,17-08-2024,Business,Cruise,1,703.18,10
TRIP12071,USER4804,Barcelona,17-05-2024,14-09-2024,Family,Flight,4,3252.7,3
TRIP12072,USER4762,Istanbul,04-12-2024,22-01-2025,Beach,Car,3,3485.45,1
TRIP12073,USER7202,Rome,28-08-2024,17-09-2024,Leisure,Train,4,3706.84,5
TRIP12074,USER5455,Barcelona,30-12-2024,20-02-2025,Family,Flight,3,4035.32,1
TRIP12075,USER6780,Sydney,03-10-2024,04-12-2024,Beach,Car,1,4045.79,7
TRIP12076,USER1186,New York,09-04-2024,28-10-2024,Adventure,Car,2,2662.02,6
TRIP12077,USER2974,Bangkok,30-11-2024,01-03-2025,Leisure,Car,5,3511.99,8
TRIP12078,USER8846,London,13-03-2025,21-03-2025,Cultural,Bus,1,2984.82,9
TRIP12080,USER3399,Barcelona,26-03-2024,13-04-2025,Adventure,Flight,3,2387.4,7
TRIP12081,USER7624,Tokyo,06-12-2024,10-04-2025,Business,Train,3,3367.87,1
TRIP12082,USER1531,Bangkok,10-06-2024,31-12-2024,Family,Car,4,2315.9,1
TRIP12083,USER4067,New York,18-07-2024,13-09-2024,Leisure,Car,3,2558.99,7
TRIP12084,USER2516,Istanbul,02-12-2024,04-04-2025,Leisure,Flight,2,2454.5,6
TRIP12085,USER7244,New York,30-09-2024,30-12-2024,Business,Bus,5,4501.64,5
TRIP12086,USER6975,Bangkok,28-07-2024,10-01-2025,Beach,Flight,4,1764.14,1
TRIP12087,USER5085,Istanbul,17-07-2024,24-10-2024,Family,Bus,3,3611.4,3
TRIP12088,USER7189,Rome,05-09-2024,17-01-2025,Business,Cruise,4,3466.58,9
TRIP12089,USER7735,Tokyo,25-11-2024,09-02-2025,Leisure,Train,4,3019.78,1
TRIP12090,USER1707,Rome,28-05-2024,12-01-2025,Business,Train,5,2870.6,6
TRIP12091,USER8039,London,04-04-2024,07-10-2024,Adventure,Bus,3,3327.85,5
TRIP12092,USER7423,Rome,17-11-2024,19-03-2025,Cultural,Train,1,1275.7,8
TRIP12093,USER9654,Bangkok,03-05-2024,30-07-2024,Leisure,Cruise,3,2376.25,4
TRIP12094,USER6622,Bangkok,30-10-2024,22-01-2025,Leisure,Cruise,4,2420.39,2
TRIP12095,USER8064,Barcelona,06-08-2024,03-04-2025,Family,Flight,5,846.6,8
TRIP12096,USER7031,Rome,12-05-2024,10-11-2024,Beach,Car,1,4570.24,10
TRIP12097,USER6831,Barcelona,14-07-2024,01-08-2024,Cultural,Train,3,3686.56,7
TRIP12098,USER6039,Bangkok,11-04-2024,12-04-2024,Business,Cruise,1,1771.13,7
TRIP12099,USER1712,Tokyo,07-04-2024,08-05-2024,Family,Flight,5,4934.82,2
TRIP12100,USER6305,Rome,13-12-2024,05-02-2025,Business,Bus,2,4424.78,2
TRIP12101,USER9778,Rome,22-12-2024,13-02-2025,Leisure,Flight,3,2226.67,8
TRIP12102,USER1404,Paris,22-01-2025,02-04-2025,Beach,Flight,5,2540.04,3
TRIP12103,USER9084,Rome,21-11-2024,25-12-2024,Adventure,Bus,1,4368.56,7
TRIP12104,USER7849,London,07-07-2024,17-12-2024,Beach,Cruise,1,3114.72,6
TRIP12105,USER7227,Tokyo,14-02-2025,27-02-2025,Adventure,Flight,1,3019,1
TRIP12106,USER7247,Barcelona,02-04-2024,18-06-2024,Beach,Flight,3,2239.3,2
TRIP12107,USER8691,Sydney,02-09-2024,05-09-2024,Business,Flight,1,4779.38,3
TRIP12108,USER2928,Sydney,03-10-2024,09-11-2024,Business,Car,5,2501.24,10
TRIP12109,USER5061,London,23-08-2024,24-03-2025,Cultural,Bus,1,1492.28,10
TRIP12110,USER7747,Sydney,27-10-2024,08-11-2024,Business,Bus,2,4874.93,9
TRIP12111,USER9790,Rome,01-06-2024,16-12-2024,Beach,Train,1,1596.97,1
TRIP12112,USER1613,Tokyo,17-06-2024,13-01-2025,Beach,Flight,5,3359.63,9
TRIP12113,USER2522,Dubai,03-06-2024,19-08-2024,Leisure,Flight,5,1516.16,7
TRIP12114,USER7445,Barcelona,23-03-2024,22-12-2024,Family,Cruise,4,1954.57,8
TRIP12115,USER5599,Paris,03-03-2025,06-04-2025,Cultural,Flight,5,781.42,7
TRIP12116,USER4420,Barcelona,28-05-2024,14-11-2024,Family,Flight,5,1289.18,8
TRIP12117,USER8522,Tokyo,21-01-2025,17-03-2025,Leisure,Cruise,4,4989.2,3
TRIP12118,USER3723,Paris,09-12-2024,27-03-2025,Family,Cruise,3,596.39,6
TRIP12119,USER8922,Istanbul,26-10-2024,11-01-2025,Leisure,Cruise,1,1552.91,6
TRIP12120,USER5811,Rome,27-09-2024,06-12-2024,Leisure,Train,2,807.4,10
TRIP12121,USER4357,Sydney,15-12-2024,20-02-2025,Beach,Train,5,2999.59,5
TRIP12123,USER5856,Istanbul,27-03-2024,14-04-2025,Adventure,Car,3,1573.52,4
TRIP12124,USER9303,Istanbul,03-09-2024,28-01-2025,Family,Cruise,5,1553.2,3
TRIP12125,USER7429,Dubai,17-01-2025,10-02-2025,Beach,Flight,1,4188.56,6
TRIP12126,USER6215,Dubai,05-02-2025,18-02-2025,Leisure,Car,4,3874.13,1
TRIP12127,USER1071,New York,31-01-2025,02-03-2025,Cultural,Train,5,2005.77,9
TRIP12128,USER3586,London,24-11-2024,26-03-2025,Beach,Car,1,3274.46,9
TRIP12129,USER4716,Paris,17-02-2025,28-02-2025,Adventure,Flight,5,3222.6,5
TRIP12130,USER4648,Tokyo,08-01-2025,09-01-2025,Leisure,Car,4,575.59,3
TRIP12131,USER8512,Paris,12-09-2024,30-10-2024,Business,Cruise,1,736.88,10
TRIP12132,USER4950,Sydney,19-01-2025,15-02-2025,Cultural,Car,4,3311.69,3
TRIP12133,USER1753,Sydney,21-09-2024,15-12-2024,Cultural,Car,4,3381.14,3
TRIP12134,USER4281,Rome,18-09-2024,20-09-2024,Adventure,Cruise,3,650.34,1
TRIP12135,USER3812,Barcelona,29-11-2024,04-01-2025,Adventure,Train,1,4192.67,8
TRIP12136,USER4927,Paris,29-10-2024,09-01-2025,Adventure,Cruise,5,1673.82,3
TRIP12137,USER4673,Barcelona,17-12-2024,12-03-2025,Leisure,Cruise,2,890.52,8
TRIP12138,USER5057,Dubai,14-09-2024,23-10-2024,Business,Train,1,3138.36,7
TRIP12139,USER9104,Paris,27-01-2025,25-03-2025,Business,Train,4,1932.39,10
TRIP12140,USER9460,Paris,05-07-2024,12-08-2024,Leisure,Flight,5,558.4,2
TRIP12141,USER6549,Rome,26-06-2024,30-12-2024,Family,Flight,5,1879.93,8
TRIP12142,USER7395,Tokyo,26-03-2024,10-03-2025,Beach,Car,1,3819.31,9
TRIP12143,USER1047,Paris,19-09-2024,27-02-2025,Business,Bus,1,2702.4,2
TRIP12144,USER9426,Barcelona,01-08-2024,15-10-2024,Beach,Car,4,1709.23,6
TRIP12145,USER4864,Dubai,20-01-2025,25-02-2025,Family,Flight,4,3231.1,9
TRIP12146,USER8212,Rome,23-04-2024,28-07-2024,Adventure,Train,5,1381.58,1
TRIP12147,USER9314,Bangkok,20-03-2024,28-10-2024,Cultural,Bus,4,3942.74,8
TRIP12148,USER9580,Dubai,19-12-2024,15-02-2025,Beach,Cruise,5,2589.51,4
TRIP12149,USER1606,Barcelona,10-05-2024,04-04-2025,Family,Cruise,1,1236.67,3
TRIP12150,USER6704,Paris,11-10-2024,17-10-2024,Cultural,Cruise,5,4485.76,4
TRIP12151,USER4143,London,27-12-2024,31-01-2025,Leisure,Cruise,3,550.02,10
TRIP12152,USER9823,London,12-12-2024,16-03-2025,Adventure,Cruise,1,2558.63,5
TRIP12153,USER6268,London,14-12-2024,20-02-2025,Family,Flight,4,766.75,7
TRIP12154,USER2548,Paris,15-08-2024,03-09-2024,Family,Cruise,4,1098.9,7
TRIP12155,USER9737,Dubai,28-12-2024,30-03-2025,Adventure,Train,2,3574.3,9
TRIP12156,USER8614,London,15-11-2024,17-02-2025,Business,Flight,1,3284.95,5
TRIP12157,USER3144,Sydney,22-05-2024,27-12-2024,Leisure,Car,5,2877.8,9
TRIP12159,USER4581,Rome,14-03-2025,20-03-2025,Business,Train,2,3912.43,10
TRIP12160,USER2073,Paris,04-03-2025,01-04-2025,Family,Flight,4,3569.67,5
TRIP12161,USER5654,Tokyo,13-03-2025,13-04-2025,Business,Flight,4,4696.02,1
TRIP12162,USER6787,London,27-04-2024,23-11-2024,Adventure,Cruise,1,4905.98,6
TRIP12163,USER5451,Bangkok,11-08-2024,31-08-2024,Family,Cruise,5,4895.99,4
TRIP12164,USER9354,Paris,03-07-2024,02-03-2025,Cultural,Car,3,4661.78,9
TRIP12165,USER9993,Sydney,24-09-2024,02-03-2025,Leisure,Car,1,914,2
TRIP12166,USER3926,Istanbul,16-06-2024,29-07-2024,Cultural,Cruise,4,4529.42,2
TRIP12167,USER2207,Paris,16-06-2024,11-09-2024,Business,Bus,5,2537.35,9
TRIP12168,USER6676,New York,27-09-2024,29-11-2024,Leisure,Cruise,4,2181.54,7
TRIP12169,USER3616,London,10-05-2024,21-12-2024,Family,Car,1,4869.24,7
TRIP12170,USER4751,Paris,14-02-2025,05-04-2025,Cultural,Car,1,1144.08,5
TRIP12171,USER8573,Bangkok,31-12-2024,16-02-2025,Adventure,Car,3,2147.81,4
TRIP12172,USER9030,Barcelona,25-05-2024,17-06-2024,Business,Flight,2,1966.98,3
TRIP12173,USER7910,New York,21-01-2025,24-02-2025,Cultural,Cruise,5,3413.31,2
TRIP12174,USER8131,Bangkok,11-10-2024,03-01-2025,Adventure,Car,3,2257.67,8
TRIP12175,USER4172,London,14-06-2024,19-12-2024,Beach,Bus,3,969.67,4
TRIP12176,USER6908,Dubai,24-12-2024,27-12-2024,Cultural,Car,4,554.65,6
TRIP12177,USER1122,London,06-05-2024,20-08-2024,Business,Cruise,3,2663.89,2
TRIP12178,USER6415,Tokyo,26-01-2025,07-02-2025,Business,Train,2,1936.13,10
TRIP12179,USER2493,Bangkok,03-12-2024,06-04-2025,Adventure,Car,1,1284.11,2
TRIP12180,USER7444,Istanbul,11-08-2024,14-04-2025,Cultural,Car,1,4012.29,6
TRIP12181,USER6144,Sydney,15-07-2024,14-03-2025,Beach,Bus,4,1831.71,1
TRIP12182,USER3308,Sydney,26-07-2024,21-09-2024,Family,Train,1,809.74,8
TRIP12183,USER4839,Paris,25-10-2024,11-01-2025,Beach,Bus,1,3277.71,9
TRIP12184,USER2782,New York,19-09-2024,11-10-2024,Leisure,Bus,3,1447.04,1
TRIP12185,USER5530,Istanbul,09-05-2024,06-04-2025,Family,Bus,1,3412.3,2
TRIP12186,USER7794,Barcelona,03-10-2024,18-11-2024,Beach,Car,5,4446.79,5
TRIP12188,USER4198,New York,02-07-2024,15-02-2025,Adventure,Car,2,1211.21,8
TRIP12189,USER7939,Rome,19-11-2024,13-01-2025,Adventure,Train,1,1061.19,7
TRIP12190,USER1457,Bangkok,19-12-2024,16-01-2025,Adventure,Flight,1,2272.36,7
TRIP12191,USER4182,London,28-06-2024,10-01-2025,Family,Flight,2,1845.45,10
TRIP12192,USER1840,Paris,20-09-2024,18-10-2024,Adventure,Cruise,5,861.43,1
TRIP12193,USER9971,Dubai,11-03-2025,05-04-2025,Leisure,Train,5,2019.14,7
TRIP12194,USER8274,Rome,12-06-2024,28-09-2024,Family,Bus,2,4735.08,10
TRIP12195,USER6625,Paris,07-05-2024,03-01-2025,Adventure,Cruise,3,1199.6,6
TRIP12196,USER1665,Istanbul,27-02-2025,12-04-2025,Beach,Flight,3,3628.85,6
TRIP12197,USER4621,Sydney,24-10-2024,09-11-2024,Family,Cruise,3,2776.06,7
TRIP12198,USER5148,Bangkok,16-09-2024,29-09-2024,Business,Car,4,1688.66,1
TRIP12199,USER7925,Paris,14-12-2024,20-01-2025,Leisure,Cruise,2,1778.96,3
TRIP12200,USER9447,Rome,07-04-2024,21-07-2024,Adventure,Flight,4,731.86,5
TRIP12201,USER4782,London,15-08-2024,03-02-2025,Beach,Cruise,3,4195.51,4
TRIP12202,USER3510,Sydney,01-02-2025,21-02-2025,Leisure,Car,1,507.39,5
TRIP12203,USER6512,New York,10-04-2024,20-06-2024,Leisure,Car,4,3706.13,4
TRIP12204,USER9689,Bangkok,29-07-2024,19-09-2024,Beach,Car,1,3119.09,8
TRIP12205,USER8764,Barcelona,26-08-2024,11-03-2025,Family,Train,5,3137.32,2
TRIP12206,USER4776,Tokyo,27-05-2024,01-10-2024,Business,Bus,5,845.99,5
TRIP12207,USER4801,Bangkok,26-09-2024,31-10-2024,Business,Car,4,1996.89,2
TRIP12208,USER1824,Sydney,12-06-2024,25-08-2024,Leisure,Flight,4,3807.08,2
TRIP12209,USER1221,Paris,05-01-2025,27-03-2025,Beach,Cruise,4,718.67,10
TRIP12210,USER8839,Paris,29-03-2024,30-10-2024,Leisure,Train,2,697.16,10
TRIP12211,USER2858,Paris,16-06-2024,23-03-2025,Leisure,Car,4,1341.21,4
TRIP12212,USER3466,Barcelona,27-12-2024,10-04-2025,Leisure,Cruise,4,1828.28,3
TRIP12213,USER8636,Rome,20-08-2024,23-02-2025,Leisure,Train,5,510.44,1
TRIP12214,USER3214,Dubai,30-10-2024,02-01-2025,Cultural,Train,5,4214.91,5
TRIP12215,USER6797,Istanbul,16-05-2024,03-09-2024,Family,Bus,3,2910.51,4
TRIP12216,USER6992,Dubai,27-01-2025,15-03-2025,Cultural,Bus,4,3893.01,7
TRIP12217,USER6511,Sydney,18-03-2024,16-08-2024,Adventure,Flight,2,666.45,6
TRIP12218,USER2849,Barcelona,02-09-2024,02-04-2025,Family,Bus,2,3511.74,3
TRIP12219,USER5364,Barcelona,29-03-2024,02-03-2025,Leisure,Train,4,2360.31,4
TRIP12220,USER3176,Bangkok,01-05-2024,10-01-2025,Leisure,Train,2,3170.78,9
TRIP12221,USER1231,Sydney,28-02-2025,04-04-2025,Cultural,Car,2,2583.78,3
TRIP12222,USER5158,Barcelona,12-09-2024,04-03-2025,Business,Cruise,5,3642.7,6
TRIP12223,USER6063,Dubai,11-01-2025,24-03-2025,Beach,Train,1,2613.77,8
TRIP12224,USER9208,Tokyo,17-03-2024,02-07-2024,Beach,Cruise,1,4940.8,10
TRIP12225,USER7460,London,05-06-2024,05-07-2024,Adventure,Train,1,3881.51,2
TRIP12226,USER4927,Rome,06-12-2024,21-01-2025,Leisure,Flight,5,1130.7,3
TRIP12227,USER5073,London,23-05-2024,20-09-2024,Family,Train,4,508.31,5
TRIP12228,USER7812,Paris,09-11-2024,29-01-2025,Beach,Cruise,1,3068.76,10
TRIP12229,USER6622,Sydney,21-02-2025,15-03-2025,Business,Train,5,1544.04,7
TRIP12230,USER8932,New York,15-04-2024,17-01-2025,Business,Cruise,5,4635.41,8
TRIP12231,USER9726,Bangkok,05-04-2024,11-04-2024,Adventure,Cruise,4,3823.54,1
TRIP12232,USER2340,Rome,29-08-2024,22-11-2024,Adventure,Bus,5,3965.61,4
TRIP12233,USER2463,London,28-08-2024,27-02-2025,Family,Train,5,3640.85,1
TRIP12234,USER9259,Sydney,23-10-2024,12-03-2025,Business,Cruise,1,2089.69,9
TRIP12235,USER7180,Rome,17-09-2024,20-09-2024,Family,Bus,5,1711.55,1
TRIP12236,USER2272,Rome,21-11-2024,26-12-2024,Adventure,Bus,1,2049.05,6
TRIP12237,USER7119,Tokyo,09-05-2024,14-02-2025,Adventure,Cruise,1,1800.97,6
TRIP12238,USER8327,Istanbul,10-08-2024,20-11-2024,Family,Flight,5,1602.97,9
TRIP12239,USER8382,Tokyo,14-12-2024,03-04-2025,Business,Flight,4,1026.96,9
TRIP12240,USER6028,Paris,27-06-2024,02-08-2024,Leisure,Train,4,1179.26,2
TRIP12241,USER8137,Paris,18-04-2024,31-03-2025,Family,Cruise,3,750.96,10
TRIP12242,USER7104,Paris,04-11-2024,14-03-2025,Leisure,Train,5,3508.15,3
TRIP12243,USER9932,Barcelona,02-04-2024,05-03-2025,Cultural,Flight,2,4758.62,4
TRIP12244,USER8702,Paris,24-06-2024,06-08-2024,Family,Cruise,3,4357.69,9
TRIP12245,USER8688,Bangkok,29-04-2024,02-08-2024,Cultural,Train,1,4196.62,1
TRIP12246,USER6357,Bangkok,09-07-2024,11-07-2024,Family,Train,2,2969.5,6
TRIP12247,USER6614,Barcelona,04-11-2024,07-01-2025,Cultural,Flight,5,2624.67,6
TRIP12248,USER4753,Tokyo,25-03-2024,06-04-2024,Business,Cruise,5,3576,8
TRIP12249,USER3442,London,14-12-2024,01-02-2025,Adventure,Bus,3,3551.31,3
TRIP12250,USER3524,Barcelona,05-02-2025,07-04-2025,Cultural,Flight,3,2588.52,6
TRIP12251,USER4721,Bangkok,16-07-2024,05-03-2025,Business,Flight,5,4855.52,7
TRIP12252,USER9553,London,14-01-2025,03-03-2025,Adventure,Cruise,5,1767.8,8
TRIP12253,USER4447,Sydney,28-04-2024,15-01-2025,Beach,Bus,2,4689.63,3
TRIP12254,USER7760,London,11-03-2025,01-04-2025,Leisure,Bus,1,4497.7,4
TRIP12255,USER3817,London,01-06-2024,18-02-2025,Family,Bus,5,4238.54,4
TRIP12256,USER6295,Istanbul,03-08-2024,05-12-2024,Business,Flight,1,3171.06,7
TRIP12257,USER6804,Dubai,19-08-2024,17-02-2025,Cultural,Flight,1,4939.56,1
TRIP12258,USER5563,London,24-02-2025,07-04-2025,Beach,Car,4,2988.84,8
TRIP12259,USER4796,Istanbul,25-04-2024,03-11-2024,Cultural,Cruise,2,3657.48,1
TRIP12260,USER9621,Sydney,10-10-2024,04-12-2024,Business,Car,2,3997.99,2
TRIP12261,USER8216,Bangkok,31-10-2024,14-04-2025,Beach,Train,5,2477.66,2
TRIP12262,USER9918,Rome,09-01-2025,12-02-2025,Cultural,Cruise,5,2805.24,7
TRIP12263,USER7527,Dubai,28-07-2024,25-09-2024,Adventure,Cruise,1,4923.18,9
TRIP12264,USER9644,Sydney,18-08-2024,21-02-2025,Family,Train,1,4080.53,2
TRIP12265,USER8974,Rome,22-09-2024,03-12-2024,Cultural,Bus,4,1699.03,6
TRIP12266,USER4272,Barcelona,27-12-2024,05-03-2025,Adventure,Car,1,4894.91,2
TRIP12267,USER4852,Bangkok,22-05-2024,28-11-2024,Leisure,Train,5,2419.87,9
TRIP12268,USER8742,Dubai,30-05-2024,07-10-2024,Adventure,Cruise,3,2687.87,9
TRIP12269,USER4644,Istanbul,04-10-2024,27-12-2024,Business,Bus,5,4610.35,10
TRIP12270,USER4323,Rome,29-09-2024,02-04-2025,Family,Bus,4,1820.15,2
TRIP12271,USER4491,Barcelona,17-02-2025,26-02-2025,Business,Train,1,1913.46,5
TRIP12272,USER8946,Barcelona,22-06-2024,27-07-2024,Beach,Bus,4,1270.29,2
TRIP12273,USER3116,Istanbul,16-07-2024,16-12-2024,Cultural,Cruise,2,2101.68,9
TRIP12274,USER2791,Tokyo,17-10-2024,13-01-2025,Leisure,Flight,1,2379.66,9
TRIP12275,USER6349,Bangkok,24-04-2024,05-03-2025,Adventure,Bus,2,3431.98,8
TRIP12276,USER6623,Rome,27-11-2024,10-03-2025,Cultural,Flight,2,4486.05,2
TRIP12277,USER3127,Rome,03-03-2025,25-03-2025,Family,Cruise,1,4739,1
TRIP12278,USER3440,Barcelona,17-02-2025,28-02-2025,Cultural,Bus,5,3319.96,1
TRIP12279,USER2097,London,17-01-2025,16-02-2025,Beach,Train,2,939.32,9
TRIP12280,USER6159,Istanbul,07-06-2024,21-07-2024,Family,Flight,2,2920.07,1
TRIP12281,USER4558,Paris,18-05-2024,03-03-2025,Adventure,Cruise,4,2698.41,8
TRIP12282,USER1610,Istanbul,26-03-2024,17-01-2025,Business,Bus,1,1917.54,4
TRIP12283,USER3095,Istanbul,06-07-2024,21-09-2024,Beach,Flight,4,2707.18,7
TRIP12284,USER6456,Bangkok,11-07-2024,25-11-2024,Leisure,Bus,3,4715.07,2
TRIP12285,USER3928,Istanbul,02-03-2025,08-04-2025,Adventure,Train,2,2276.61,10
TRIP12286,USER9559,Tokyo,12-09-2024,04-03-2025,Cultural,Bus,1,4744.08,2
TRIP12287,USER5197,Bangkok,22-07-2024,22-03-2025,Cultural,Cruise,5,1078.29,2
TRIP12288,USER5225,Istanbul,26-04-2024,20-09-2024,Adventure,Cruise,3,1638.56,4
TRIP12289,USER9666,Barcelona,02-02-2025,11-04-2025,Beach,Cruise,1,2330.79,1
TRIP12290,USER4886,Istanbul,18-11-2024,14-12-2024,Adventure,Bus,5,2244.54,5
TRIP12291,USER8329,Barcelona,27-09-2024,29-10-2024,Business,Car,4,4211.29,8
TRIP12292,USER3401,Dubai,17-02-2025,03-04-2025,Business,Flight,2,1983.89,9
TRIP12293,USER6059,Dubai,02-02-2025,04-03-2025,Adventure,Bus,1,1315.42,6
TRIP12294,USER8461,London,07-01-2025,08-01-2025,Cultural,Train,1,1012.09,4
TRIP12295,USER9259,Bangkok,24-09-2024,11-03-2025,Cultural,Cruise,5,1275,2
TRIP12296,USER9963,London,30-11-2024,27-12-2024,Adventure,Bus,5,2880.02,5
TRIP12297,USER8361,New York,16-12-2024,02-04-2025,Adventure,Car,2,2835.86,3
TRIP12298,USER4082,Dubai,13-10-2024,10-12-2024,Beach,Car,5,2834.83,9
TRIP12299,USER2647,Sydney,12-06-2024,28-10-2024,Business,Bus,4,1996.72,9
TRIP12300,USER1899,Dubai,09-05-2024,11-03-2025,Leisure,Flight,1,4858.9,7
TRIP12301,USER3341,Istanbul,07-02-2025,04-04-2025,Leisure,Bus,4,4723.44,10
TRIP12302,USER1523,Tokyo,16-11-2024,17-02-2025,Adventure,Car,1,3461.5,8
TRIP12303,USER8977,Barcelona,25-01-2025,18-02-2025,Leisure,Bus,3,4964.9,4
TRIP12304,USER8025,London,28-06-2024,12-12-2024,Adventure,Bus,2,4973.59,5
TRIP12305,USER1080,Dubai,09-02-2025,10-02-2025,Family,Car,3,3730.98,10
TRIP12306,USER6302,New York,16-01-2025,15-04-2025,Cultural,Bus,5,4500.97,9
TRIP12307,USER5866,Dubai,02-11-2024,22-12-2024,Leisure,Bus,1,1490.09,6
TRIP12308,USER8696,Dubai,11-05-2024,05-03-2025,Adventure,Car,4,717.4,3
TRIP12309,USER2127,Istanbul,12-03-2025,19-03-2025,Family,Bus,4,2572.75,5
TRIP12310,USER1524,Barcelona,01-07-2024,25-09-2024,Family,Train,3,2640.39,2
TRIP12311,USER6237,London,11-08-2024,26-08-2024,Leisure,Cruise,2,3143.64,7
TRIP12312,USER5420,Istanbul,09-05-2024,03-11-2024,Beach,Flight,5,1475.1,6
TRIP12313,USER4845,Rome,09-05-2024,19-09-2024,Adventure,Flight,4,910.81,10
TRIP12314,USER1336,Barcelona,19-03-2024,08-01-2025,Adventure,Cruise,3,1097.22,6
TRIP12315,USER1363,Tokyo,11-12-2024,01-04-2025,Business,Flight,2,2153.38,8
TRIP12316,USER3058,Istanbul,04-07-2024,23-11-2024,Adventure,Car,2,4124.45,7
TRIP12317,USER9777,Barcelona,04-03-2025,06-03-2025,Family,Train,5,1930.52,10
TRIP12318,USER2741,London,05-03-2025,10-04-2025,Adventure,Flight,2,2063.44,8
TRIP12319,USER2088,Rome,28-10-2024,26-01-2025,Family,Flight,5,2334.84,9
TRIP12320,USER8202,New York,18-03-2024,08-01-2025,Adventure,Flight,5,1631.26,9
TRIP12321,USER2413,London,11-03-2025,04-04-2025,Family,Train,3,2457.18,4
TRIP12322,USER2255,Bangkok,05-07-2024,26-03-2025,Family,Train,1,1473.38,6
TRIP12323,USER5109,Dubai,15-01-2025,09-02-2025,Business,Bus,1,3541.49,6
TRIP12324,USER9865,Istanbul,05-01-2025,07-04-2025,Family,Flight,4,4982.12,2
TRIP12325,USER9133,Paris,06-12-2024,16-02-2025,Beach,Train,5,2828.72,2
TRIP12326,USER8657,London,16-10-2024,11-04-2025,Adventure,Cruise,4,1578.29,9
TRIP12327,USER4023,Paris,04-04-2024,02-03-2025,Family,Train,3,3069.31,8
TRIP12328,USER8747,Bangkok,17-12-2024,25-02-2025,Family,Cruise,4,4897.93,2
TRIP12329,USER4808,Rome,24-01-2025,04-02-2025,Cultural,Car,4,2119.7,4
TRIP12330,USER6312,London,25-07-2024,02-08-2024,Adventure,Train,1,2473.79,2
TRIP12331,USER3716,Istanbul,23-09-2024,21-12-2024,Family,Train,1,4019.3,7
TRIP12332,USER5855,Tokyo,17-02-2025,11-04-2025,Cultural,Flight,5,4285.26,8
TRIP12333,USER3807,Sydney,03-06-2024,28-09-2024,Cultural,Train,2,3489.03,2
TRIP12334,USER4253,Barcelona,10-04-2024,30-11-2024,Cultural,Car,3,762.05,7
TRIP12335,USER5961,Rome,12-12-2024,22-03-2025,Cultural,Bus,3,2744.8,1
TRIP12336,USER2135,Istanbul,12-04-2024,12-04-2024,Beach,Train,1,1308.68,6
TRIP12337,USER3047,Bangkok,22-11-2024,23-02-2025,Business,Cruise,2,2840.22,5
TRIP12338,USER5304,Barcelona,30-10-2024,16-03-2025,Beach,Car,5,4980.45,7
TRIP12339,USER7462,Sydney,10-04-2024,06-01-2025,Adventure,Cruise,1,1157.91,9
TRIP12340,USER8550,Paris,07-12-2024,16-02-2025,Business,Car,4,3325.99,8
TRIP12341,USER1824,Dubai,11-07-2024,11-03-2025,Adventure,Bus,1,2496.6,5
TRIP12342,USER8374,Tokyo,30-04-2024,03-04-2025,Beach,Flight,1,2148.78,1
TRIP12343,USER8577,Dubai,14-03-2025,24-03-2025,Cultural,Cruise,3,1235.88,1
TRIP12344,USER1782,London,09-04-2024,03-06-2024,Family,Bus,5,2998.93,5
TRIP12346,USER7457,New York,27-08-2024,07-12-2024,Business,Train,2,1969.43,8
TRIP12347,USER8101,Bangkok,26-06-2024,10-07-2024,Beach,Cruise,3,2424.75,3
TRIP12348,USER5080,Rome,09-05-2024,03-10-2024,Cultural,Bus,4,533.47,6
TRIP12349,USER4550,London,14-05-2024,15-09-2024,Cultural,Bus,5,2631.32,4
TRIP12350,USER2971,London,03-12-2024,26-01-2025,Cultural,Bus,5,3381.47,7
TRIP12351,USER5359,London,17-01-2025,10-02-2025,Business,Bus,5,1898.22,4
TRIP12352,USER7390,Sydney,14-12-2024,13-02-2025,Cultural,Bus,1,2228.5,7
TRIP12353,USER1182,Sydney,19-07-2024,13-04-2025,Adventure,Bus,3,698.43,2
TRIP12354,USER3228,Tokyo,26-06-2024,22-01-2025,Business,Car,3,3448.54,7
TRIP12355,USER1482,Dubai,24-08-2024,06-11-2024,Beach,Flight,5,4290.56,5
TRIP12356,USER7578,Bangkok,09-04-2024,01-09-2024,Family,Bus,1,4783.92,4
TRIP12357,USER1147,Barcelona,23-07-2024,02-01-2025,Leisure,Cruise,3,2038.8,2
TRIP12358,USER9767,Istanbul,19-08-2024,05-02-2025,Family,Train,1,3848.58,3
TRIP12359,USER7778,Sydney,03-09-2024,08-04-2025,Cultural,Train,2,3281.35,6
TRIP12360,USER1565,Istanbul,23-08-2024,10-11-2024,Family,Car,4,4482.75,5
TRIP12361,USER6868,Istanbul,23-02-2025,15-04-2025,Leisure,Cruise,1,4224.58,1
TRIP12362,USER3590,Tokyo,13-05-2024,01-07-2024,Adventure,Flight,2,2903.38,1
TRIP12363,USER1023,Sydney,17-07-2024,31-12-2024,Business,Cruise,4,1200.12,1
TRIP12364,USER3453,Barcelona,27-05-2024,29-09-2024,Beach,Car,2,4025.92,3
TRIP12365,USER6401,Paris,18-02-2025,24-03-2025,Leisure,Car,2,1491.46,10
TRIP12366,USER1965,Rome,25-05-2024,20-02-2025,Business,Bus,2,4508.69,10
TRIP12368,USER4577,Dubai,03-02-2025,13-04-2025,Leisure,Cruise,2,833.67,6
TRIP12369,USER5009,Istanbul,13-12-2024,23-02-2025,Beach,Car,5,4685.73,5
TRIP12370,USER3526,Rome,26-06-2024,25-12-2024,Business,Train,1,2940.54,1
TRIP12371,USER4788,Sydney,29-04-2024,06-12-2024,Cultural,Cruise,4,2785.14,8
TRIP12372,USER7104,Barcelona,29-06-2024,09-08-2024,Cultural,Train,2,4816.44,10
TRIP12373,USER7799,Rome,29-06-2024,12-04-2025,Leisure,Cruise,4,1736.31,9
TRIP12374,USER7685,Istanbul,18-09-2024,17-11-2024,Adventure,Flight,2,4493.57,8
TRIP12375,USER5061,Sydney,14-08-2024,29-08-2024,Beach,Flight,5,4299.96,3
TRIP12376,USER3259,Rome,30-11-2024,23-01-2025,Family,Train,5,2159.99,4
TRIP12377,USER7513,Dubai,21-12-2024,16-02-2025,Adventure,Bus,4,1105.67,7
TRIP12378,USER2050,Sydney,28-04-2024,08-12-2024,Leisure,Flight,1,3059.78,8
TRIP12379,USER6964,Tokyo,26-11-2024,03-01-2025,Family,Car,2,2175.78,1
TRIP12380,USER1183,Sydney,28-08-2024,30-03-2025,Beach,Car,1,4159.98,2
TRIP12381,USER8402,Barcelona,30-05-2024,08-06-2024,Cultural,Car,2,2295.94,5
TRIP12382,USER1489,Tokyo,27-11-2024,01-03-2025,Leisure,Bus,4,547.63,9
TRIP12383,USER7913,Dubai,21-12-2024,20-01-2025,Business,Car,5,3654.14,8
TRIP12384,USER6383,London,08-09-2024,21-09-2024,Family,Car,4,4512.42,4
TRIP12385,USER8923,London,01-01-2025,23-01-2025,Beach,Car,1,1866.04,4
TRIP12386,USER4397,Paris,08-10-2024,06-02-2025,Adventure,Bus,5,3774.17,8
TRIP12387,USER1556,Bangkok,12-03-2025,18-03-2025,Beach,Cruise,2,4762.14,7
TRIP12388,USER6460,Sydney,22-11-2024,15-03-2025,Beach,Bus,5,3705.39,6
TRIP12389,USER6200,Rome,15-09-2024,27-01-2025,Cultural,Train,1,4456.4,6
TRIP12390,USER1952,Rome,29-04-2024,01-11-2024,Cultural,Car,4,2524.57,10
TRIP12391,USER6199,Rome,20-08-2024,29-08-2024,Leisure,Cruise,4,2990.14,6
TRIP12392,USER8757,Sydney,23-04-2024,21-09-2024,Leisure,Flight,2,521.57,4
TRIP12393,USER8016,Barcelona,02-02-2025,13-04-2025,Business,Car,5,3603.4,1
TRIP12394,USER6611,Tokyo,08-06-2024,20-10-2024,Business,Car,2,664.65,8
TRIP12395,USER5303,Sydney,24-04-2024,04-05-2024,Adventure,Cruise,2,4895.66,2
TRIP12396,USER9003,Tokyo,03-02-2025,16-02-2025,Cultural,Flight,4,2398.89,8
TRIP12397,USER7122,Istanbul,19-02-2025,27-03-2025,Family,Car,5,2824.69,6
TRIP12398,USER6316,Istanbul,16-03-2024,02-04-2024,Business,Car,5,985.44,6
TRIP12399,USER2413,Barcelona,07-05-2024,07-04-2025,Cultural,Flight,3,4711.99,10
TRIP12400,USER1657,Rome,03-10-2024,02-11-2024,Leisure,Car,4,3037.56,7
TRIP12401,USER7729,Sydney,24-06-2024,12-07-2024,Adventure,Car,5,1084.4,1
TRIP12402,USER4042,Rome,27-10-2024,09-01-2025,Cultural,Flight,2,3517.34,4
TRIP12403,USER9738,Tokyo,23-04-2024,08-03-2025,Adventure,Flight,4,4393.76,2
TRIP12404,USER2216,Bangkok,29-07-2024,25-11-2024,Adventure,Car,4,2805.54,7
TRIP12405,USER9842,Paris,06-11-2024,05-04-2025,Family,Train,5,2638.43,6
TRIP12406,USER1499,Istanbul,10-10-2024,01-02-2025,Family,Flight,5,4195.16,6
TRIP12407,USER4232,London,02-07-2024,02-10-2024,Business,Train,2,3039.31,8
TRIP12409,USER7423,New York,07-09-2024,06-10-2024,Cultural,Cruise,1,4493.24,4
TRIP12410,USER3456,Bangkok,11-02-2025,09-04-2025,Business,Flight,2,4731.02,5
TRIP12411,USER9488,Istanbul,02-10-2024,30-10-2024,Business,Flight,3,1633.99,10
TRIP12412,USER5381,London,15-06-2024,25-09-2024,Adventure,Train,5,3803.23,3
TRIP12413,USER9518,Rome,23-05-2024,03-06-2024,Adventure,Car,4,3895.86,10
TRIP12414,USER8796,Rome,29-06-2024,05-07-2024,Leisure,Train,4,1173.91,8
TRIP12415,USER1549,Tokyo,29-04-2024,07-10-2024,Leisure,Bus,1,746.75,6
TRIP12416,USER6435,Barcelona,13-07-2024,09-11-2024,Beach,Train,3,2069.72,5
TRIP12417,USER6260,Tokyo,17-07-2024,12-03-2025,Beach,Train,3,4353.03,7
TRIP12418,USER6474,Rome,17-02-2025,18-03-2025,Adventure,Bus,1,4019.31,1
TRIP12419,USER2821,Dubai,04-12-2024,02-04-2025,Family,Car,2,4237.04,3
TRIP12420,USER8079,London,01-03-2025,12-04-2025,Beach,Cruise,5,1586.56,3
TRIP12421,USER6829,London,24-04-2024,23-01-2025,Business,Car,1,4401.03,2
TRIP12422,USER5782,Rome,13-03-2025,31-03-2025,Business,Train,3,1175.89,9
TRIP12423,USER5548,Paris,04-01-2025,20-03-2025,Adventure,Car,3,3744.92,5
TRIP12424,USER7340,Rome,13-09-2024,24-10-2024,Leisure,Bus,3,2670.38,1
TRIP12425,USER6685,Istanbul,25-10-2024,29-03-2025,Family,Car,1,2707.19,5
TRIP12426,USER9295,Rome,08-09-2024,21-01-2025,Business,Car,3,4033.7,10
TRIP12427,USER9436,Bangkok,03-12-2024,03-12-2024,Adventure,Train,1,839.35,7
TRIP12428,USER2496,Istanbul,22-01-2025,05-02-2025,Leisure,Car,2,1453.57,5
TRIP12429,USER8452,Dubai,03-02-2025,25-02-2025,Leisure,Cruise,1,639.36,5
TRIP12430,USER4429,Bangkok,06-04-2024,02-01-2025,Cultural,Car,1,745.89,4
TRIP12431,USER6994,Istanbul,27-04-2024,25-11-2024,Adventure,Car,2,3920.78,8
TRIP12432,USER9838,Sydney,06-12-2024,31-03-2025,Leisure,Train,2,2867.72,10
TRIP12433,USER8218,New York,04-04-2024,26-12-2024,Business,Flight,1,1199.03,10
TRIP12434,USER1405,Tokyo,22-04-2024,06-01-2025,Business,Car,3,2375.16,3
TRIP12435,USER5196,Tokyo,14-09-2024,06-12-2024,Adventure,Flight,2,1696.11,4
TRIP12436,USER5550,Bangkok,07-09-2024,18-11-2024,Family,Flight,2,3287.14,9
TRIP12437,USER2783,Istanbul,10-09-2024,06-04-2025,Business,Flight,5,1926.15,4
TRIP12438,USER5669,London,16-05-2024,21-01-2025,Leisure,Cruise,5,2951.44,2
TRIP12439,USER5267,Bangkok,13-08-2024,25-02-2025,Family,Cruise,5,771.4,8
TRIP12440,USER9035,Tokyo,14-04-2024,08-04-2025,Business,Bus,5,4605.67,2
TRIP12441,USER4814,Dubai,15-11-2024,17-02-2025,Cultural,Bus,2,820.72,1
TRIP12442,USER6886,London,21-02-2025,01-03-2025,Leisure,Car,2,4730.83,6
TRIP12443,USER3434,Dubai,14-06-2024,22-02-2025,Business,Bus,4,4706.23,4
TRIP12444,USER1634,Istanbul,05-08-2024,02-04-2025,Beach,Bus,2,3914.88,5
TRIP12445,USER6055,New York,02-10-2024,05-03-2025,Adventure,Train,1,780.31,6
TRIP12446,USER9370,Barcelona,15-03-2025,09-04-2025,Leisure,Train,2,2316.11,3
TRIP12447,USER6017,Rome,30-05-2024,17-12-2024,Leisure,Flight,4,3900.64,9
TRIP12448,USER8622,New York,03-06-2024,18-03-2025,Leisure,Car,1,4025.86,3
TRIP12449,USER6815,Bangkok,11-02-2025,19-03-2025,Cultural,Car,3,706.95,1
TRIP12450,USER2867,Bangkok,28-02-2025,31-03-2025,Business,Flight,2,3146.1,5
TRIP12451,USER9404,New York,12-03-2025,17-03-2025,Cultural,Train,4,771.33,7
TRIP12452,USER2761,Dubai,05-07-2024,28-03-2025,Leisure,Cruise,3,2849.39,2
TRIP12453,USER5758,Tokyo,03-05-2024,02-04-2025,Beach,Car,5,1409.29,4
TRIP12454,USER9586,Rome,06-05-2024,13-11-2024,Cultural,Train,2,2530.13,2
TRIP12455,USER3368,Sydney,07-02-2025,01-03-2025,Beach,Car,1,951.07,10
TRIP12456,USER1931,London,23-08-2024,30-11-2024,Cultural,Flight,2,2949.58,8
TRIP12457,USER6478,Istanbul,30-01-2025,21-03-2025,Business,Cruise,4,2653.89,1
TRIP12458,USER8773,London,01-06-2024,03-11-2024,Family,Flight,2,4806.6,5
TRIP12459,USER5980,Paris,13-11-2024,17-03-2025,Beach,Flight,4,4074.54,3
TRIP12460,USER4240,Dubai,23-04-2024,14-10-2024,Beach,Flight,3,2557.14,9
TRIP12461,USER1415,Rome,26-11-2024,30-12-2024,Cultural,Flight,3,2569.52,10
TRIP12462,USER8208,Paris,06-01-2025,17-01-2025,Cultural,Bus,2,1227.27,4
TRIP12463,USER9676,Bangkok,16-03-2025,18-03-2025,Business,Car,4,3733.63,4
TRIP12464,USER3748,Istanbul,04-11-2024,13-11-2024,Cultural,Bus,5,1711.8,10
TRIP12465,USER3012,New York,15-01-2025,03-04-2025,Business,Bus,3,3310.42,4
TRIP12466,USER3652,Sydney,01-07-2024,02-11-2024,Leisure,Train,4,2194.21,8
TRIP12467,USER8163,Sydney,26-08-2024,01-04-2025,Cultural,Train,1,1148.22,5
TRIP12468,USER8789,Sydney,27-01-2025,06-02-2025,Cultural,Train,1,4903.17,9
TRIP12469,USER4229,Bangkok,21-10-2024,21-02-2025,Cultural,Flight,3,3172.78,5
TRIP12470,USER5536,New York,12-02-2025,09-03-2025,Cultural,Train,4,4143.58,5
TRIP12471,USER9714,Rome,28-10-2024,23-11-2024,Beach,Car,5,1263.6,5
TRIP12472,USER3950,Barcelona,06-07-2024,10-04-2025,Business,Train,2,1258.99,4
TRIP12473,USER9154,Istanbul,23-11-2024,30-11-2024,Adventure,Cruise,1,3571.13,8
TRIP12474,USER6432,Paris,04-03-2025,10-04-2025,Business,Cruise,3,2646.13,6
TRIP12475,USER9438,New York,12-10-2024,28-10-2024,Business,Bus,1,1997.27,1
TRIP12476,USER6996,Barcelona,18-01-2025,17-03-2025,Family,Car,4,1443.58,10
TRIP12477,USER8869,Sydney,26-01-2025,07-03-2025,Business,Bus,3,2532.04,10
TRIP12478,USER8056,Bangkok,30-12-2024,11-01-2025,Beach,Flight,2,4821.67,2
TRIP12479,USER8365,Dubai,01-04-2024,21-07-2024,Leisure,Flight,5,925.72,2
TRIP12480,USER2905,Bangkok,10-07-2024,27-09-2024,Beach,Flight,1,1243.45,5
TRIP12481,USER3450,Dubai,20-11-2024,20-12-2024,Beach,Flight,1,4466.17,7
TRIP12482,USER8608,New York,24-04-2024,15-09-2024,Cultural,Train,5,3268.14,4
TRIP12483,USER2638,Istanbul,09-10-2024,26-11-2024,Cultural,Bus,2,3153.58,2
TRIP12484,USER3637,New York,16-11-2024,07-04-2025,Business,Flight,1,2273.4,3
TRIP12485,USER1846,London,18-08-2024,09-03-2025,Adventure,Cruise,1,940.1,5
TRIP12486,USER5849,Sydney,27-05-2024,23-10-2024,Business,Train,1,2430.89,2
TRIP12487,USER6632,Dubai,31-10-2024,24-11-2024,Cultural,Train,3,3891.24,3
TRIP12488,USER5939,Istanbul,27-04-2024,26-03-2025,Cultural,Train,2,4727.2,3
TRIP12489,USER9661,Paris,09-11-2024,20-03-2025,Beach,Train,4,1931.38,2
TRIP12490,USER5277,Barcelona,25-07-2024,28-03-2025,Business,Bus,4,4166.09,10
TRIP12491,USER2907,Rome,16-10-2024,22-01-2025,Beach,Train,3,3176.92,3
TRIP12492,USER4077,Rome,15-01-2025,16-03-2025,Family,Car,2,3468.75,6
TRIP12493,USER3640,Sydney,16-03-2024,29-01-2025,Leisure,Train,2,1027.76,8
TRIP12494,USER7059,Bangkok,11-04-2024,26-04-2024,Beach,Train,5,1155.5,7
TRIP12495,USER4836,Sydney,30-01-2025,26-02-2025,Cultural,Flight,4,1769.78,5
TRIP12496,USER6516,London,04-11-2024,21-03-2025,Business,Flight,4,583.21,3
TRIP12497,USER5317,Bangkok,25-04-2024,03-10-2024,Beach,Flight,3,1746.44,8
TRIP12498,USER2150,Barcelona,05-04-2024,18-01-2025,Adventure,Car,3,820.3,10
TRIP12499,USER4171,Dubai,07-12-2024,25-01-2025,Family,Train,5,3999.78,7
TRIP12500,USER3413,Rome,24-03-2024,11-04-2024,Adventure,Flight,5,3946.35,10
TRIP12501,USER7658,Barcelona,01-12-2024,26-12-2024,Business,Flight,4,1774.53,3
TRIP12502,USER2143,Istanbul,05-08-2024,18-08-2024,Family,Cruise,1,2485.44,7
TRIP12503,USER9189,Istanbul,08-05-2024,26-06-2024,Cultural,Bus,2,2735.84,2
TRIP12504,USER2950,Dubai,16-06-2024,08-12-2024,Cultural,Car,5,2523.42,9
TRIP12505,USER7721,London,08-08-2024,07-12-2024,Cultural,Train,5,1323.53,7
TRIP12506,USER8168,London,21-01-2025,05-04-2025,Beach,Flight,5,1931.04,1
TRIP12507,USER5415,Sydney,06-06-2024,18-08-2024,Business,Flight,2,2780.6,2
TRIP12508,USER7687,Paris,11-09-2024,09-03-2025,Cultural,Train,2,2842.62,4
TRIP12509,USER7641,Bangkok,22-06-2024,14-03-2025,Leisure,Flight,2,3924.36,9
TRIP12510,USER5025,Sydney,11-07-2024,26-10-2024,Leisure,Flight,5,4210.46,2
TRIP12511,USER3487,Paris,07-01-2025,09-02-2025,Adventure,Cruise,4,2686.9,8
TRIP12512,USER1570,Dubai,29-04-2024,07-12-2024,Beach,Flight,1,3505.12,3
TRIP12513,USER9048,Rome,30-09-2024,04-02-2025,Adventure,Car,4,2402.59,6
TRIP12514,USER1166,London,22-01-2025,13-02-2025,Leisure,Bus,5,2992.61,5
TRIP12515,USER9473,London,06-01-2025,13-01-2025,Adventure,Car,4,1559.12,4
TRIP12516,USER2570,Sydney,26-01-2025,03-03-2025,Adventure,Car,4,2695.74,8
TRIP12517,USER1372,New York,09-07-2024,26-01-2025,Leisure,Car,2,1779.91,8
TRIP12518,USER7670,Paris,03-10-2024,12-11-2024,Beach,Car,4,4648.11,1
TRIP12519,USER6315,Bangkok,06-09-2024,02-04-2025,Beach,Flight,4,1295.1,3
TRIP12520,USER8714,Dubai,20-10-2024,06-02-2025,Adventure,Train,4,3480.07,2
TRIP12521,USER1195,Bangkok,10-12-2024,27-02-2025,Business,Cruise,4,3071.55,7
TRIP12522,USER4672,Barcelona,30-05-2024,13-11-2024,Business,Bus,3,3135.76,3
TRIP12523,USER9054,Barcelona,20-10-2024,08-11-2024,Adventure,Bus,3,1525.04,9
TRIP12524,USER9758,Tokyo,26-08-2024,08-12-2024,Adventure,Flight,2,4868.59,6
TRIP12525,USER4661,Bangkok,25-03-2024,19-03-2025,Beach,Train,2,4213.39,6
TRIP12526,USER8166,London,16-06-2024,26-07-2024,Cultural,Car,3,3515.35,2
TRIP12527,USER2534,Barcelona,12-01-2025,15-02-2025,Beach,Car,4,3289.21,10
TRIP12529,USER2082,New York,16-02-2025,21-02-2025,Business,Train,5,1426.45,6
TRIP12530,USER5364,Rome,23-08-2024,28-01-2025,Business,Flight,5,566.21,7
TRIP12531,USER7124,Barcelona,13-10-2024,04-04-2025,Family,Train,1,2877.36,10
TRIP12532,USER4551,Rome,31-08-2024,29-01-2025,Adventure,Bus,3,592.16,2
TRIP12533,USER4137,Dubai,23-06-2024,08-12-2024,Leisure,Flight,2,2200.46,9
TRIP12534,USER9802,Sydney,03-03-2025,15-03-2025,Beach,Train,5,2966.11,9
TRIP12535,USER7976,New York,23-11-2024,30-11-2024,Cultural,Bus,2,3526.87,5
TRIP12536,USER9700,Barcelona,30-11-2024,21-03-2025,Beach,Car,4,4516.6,9
TRIP12537,USER1850,Tokyo,15-07-2024,25-09-2024,Leisure,Train,1,784.67,9
TRIP12538,USER3295,Bangkok,28-01-2025,12-02-2025,Family,Cruise,4,1566.44,3
TRIP12539,USER7730,Paris,16-03-2024,01-07-2024,Leisure,Train,2,867.93,5
TRIP12540,USER8605,Tokyo,10-09-2024,02-11-2024,Cultural,Cruise,4,3763.14,2
TRIP12541,USER7110,Barcelona,21-08-2024,05-10-2024,Leisure,Bus,1,4470.24,3
TRIP12542,USER9105,Bangkok,13-01-2025,28-03-2025,Family,Flight,5,1442.24,1
TRIP12543,USER1603,Istanbul,28-05-2024,30-10-2024,Leisure,Train,2,1762.29,6
TRIP12544,USER1427,Tokyo,02-12-2024,14-02-2025,Family,Flight,1,3102.14,6
TRIP12545,USER4728,London,20-05-2024,25-01-2025,Cultural,Flight,1,1284.27,4
TRIP12546,USER4789,Tokyo,10-07-2024,14-12-2024,Business,Bus,5,4654.23,3
TRIP12547,USER5938,New York,09-12-2024,28-12-2024,Leisure,Bus,3,1789,7
TRIP12548,USER2114,Rome,04-03-2025,23-03-2025,Business,Train,4,2545.29,5
TRIP12549,USER3650,New York,14-08-2024,01-10-2024,Business,Train,3,4637.63,9
TRIP12550,USER8071,Dubai,27-03-2024,08-10-2024,Family,Train,4,2277.4,2
TRIP12551,USER3607,Dubai,12-03-2025,20-03-2025,Cultural,Train,3,2537.95,5
TRIP12552,USER1954,London,06-07-2024,25-11-2024,Cultural,Car,1,1823.63,9
TRIP12553,USER3879,Barcelona,15-06-2024,19-06-2024,Leisure,Flight,5,3874.92,8
TRIP12554,USER6436,Dubai,13-08-2024,26-12-2024,Beach,Train,4,4897.25,8
TRIP12555,USER3570,Rome,30-05-2024,07-01-2025,Family,Flight,3,2924.24,2
TRIP12556,USER6014,New York,26-01-2025,10-03-2025,Leisure,Bus,5,1930.27,1
TRIP12557,USER2007,Dubai,30-05-2024,24-11-2024,Beach,Car,2,983.87,5
TRIP12558,USER4281,Dubai,24-12-2024,17-01-2025,Business,Car,2,3251.23,4
TRIP12559,USER4565,Barcelona,15-02-2025,19-03-2025,Business,Bus,1,2828.44,10
TRIP12560,USER4787,Dubai,07-02-2025,13-03-2025,Family,Bus,4,4092.52,8
TRIP12561,USER3132,New York,06-08-2024,03-11-2024,Family,Train,2,630.95,6
TRIP12562,USER8137,London,03-07-2024,05-10-2024,Cultural,Flight,5,3625.27,1
TRIP12564,USER2614,Paris,28-06-2024,02-12-2024,Beach,Train,5,2239.67,8
TRIP12565,USER2378,New York,21-12-2024,04-04-2025,Family,Car,5,944.73,4
TRIP12566,USER2289,Sydney,05-03-2025,26-03-2025,Family,Cruise,5,4651.79,1
TRIP12568,USER6752,New York,08-07-2024,02-11-2024,Beach,Car,5,4424.48,1
TRIP12569,USER4647,Bangkok,23-12-2024,01-03-2025,Business,Bus,3,717.58,3
TRIP12570,USER9841,Dubai,06-09-2024,02-03-2025,Leisure,Cruise,1,914.48,1
TRIP12571,USER4227,London,25-07-2024,19-01-2025,Leisure,Flight,3,1438.8,2
TRIP12572,USER5891,Rome,21-07-2024,14-11-2024,Cultural,Train,4,2016.22,9
TRIP12573,USER5026,Bangkok,25-02-2025,08-04-2025,Business,Flight,2,684.58,3
TRIP12574,USER6681,Bangkok,27-01-2025,15-04-2025,Leisure,Car,3,3939.59,2
TRIP12575,USER5593,Rome,16-07-2024,11-12-2024,Business,Cruise,4,4850.53,1
TRIP12576,USER4029,London,09-05-2024,24-01-2025,Family,Cruise,5,1452.18,4
TRIP12577,USER5343,New York,24-01-2025,12-02-2025,Cultural,Flight,5,1081.51,9
TRIP12578,USER5362,Tokyo,13-10-2024,17-11-2024,Leisure,Train,5,2562.79,7
TRIP12579,USER4659,Sydney,08-12-2024,15-01-2025,Beach,Flight,4,4029.86,2
TRIP12580,USER1837,Bangkok,21-11-2024,12-12-2024,Business,Train,2,3849.61,8
TRIP12581,USER9220,Istanbul,13-06-2024,23-08-2024,Family,Cruise,4,745.27,10
TRIP12582,USER3742,London,17-10-2024,16-02-2025,Leisure,Flight,5,2760.17,9
TRIP12583,USER6723,Dubai,26-06-2024,11-08-2024,Leisure,Cruise,1,4784.69,3
TRIP12584,USER7400,Rome,03-08-2024,29-08-2024,Family,Car,2,2603.05,7
TRIP12585,USER1648,Rome,11-07-2024,07-08-2024,Business,Car,4,3663.49,10
TRIP12586,USER2514,New York,19-05-2024,24-09-2024,Leisure,Train,4,4918.39,7
TRIP12587,USER7192,Istanbul,30-11-2024,01-12-2024,Business,Train,3,2048.22,10
TRIP12588,USER4910,Sydney,08-06-2024,06-12-2024,Adventure,Cruise,2,1853.89,8
TRIP12589,USER7833,Tokyo,26-01-2025,27-03-2025,Adventure,Cruise,4,1388.88,5
TRIP12590,USER4382,Paris,04-02-2025,24-02-2025,Business,Train,4,3005.36,3
TRIP12591,USER9454,Rome,15-10-2024,20-02-2025,Business,Flight,3,2668.16,6
TRIP12592,USER1502,Istanbul,20-09-2024,19-01-2025,Leisure,Bus,1,4942.56,2
TRIP12593,USER1920,Bangkok,05-12-2024,24-03-2025,Cultural,Train,5,773.41,10
TRIP12594,USER5426,Paris,29-07-2024,23-02-2025,Cultural,Cruise,4,598.36,6
TRIP12595,USER6025,Istanbul,20-02-2025,21-03-2025,Family,Flight,1,3235.31,9
TRIP12596,USER3875,Tokyo,17-04-2024,23-10-2024,Cultural,Bus,1,2289.16,3
TRIP12597,USER3527,Bangkok,24-08-2024,10-02-2025,Business,Car,4,3790.48,5
TRIP12598,USER8300,Bangkok,17-07-2024,11-03-2025,Business,Flight,4,1826.65,8
TRIP12599,USER1489,Barcelona,26-10-2024,17-03-2025,Adventure,Bus,5,1129.84,6
TRIP12600,USER3044,Barcelona,23-02-2025,15-03-2025,Cultural,Car,3,814.46,5
TRIP12601,USER3348,Barcelona,05-02-2025,20-03-2025,Business,Bus,3,1923.5,5
TRIP12602,USER2568,New York,02-12-2024,26-12-2024,Business,Car,4,2613.39,3
TRIP12603,USER3976,Paris,08-07-2024,02-02-2025,Business,Train,5,4011.25,8
TRIP12604,USER7461,New York,13-06-2024,30-06-2024,Family,Car,1,3685.5,2
TRIP12605,USER3977,Dubai,26-05-2024,09-09-2024,Family,Flight,4,2685.39,4
TRIP12606,USER2520,New York,10-01-2025,29-01-2025,Family,Car,3,1563.22,10
TRIP12607,USER1787,Istanbul,27-09-2024,22-03-2025,Adventure,Train,1,3496.22,1
TRIP12608,USER8710,London,13-06-2024,08-09-2024,Leisure,Cruise,3,805.16,6
TRIP12609,USER9975,Istanbul,21-02-2025,03-04-2025,Cultural,Bus,5,1316.06,5
TRIP12610,USER4023,Barcelona,20-06-2024,11-12-2024,Beach,Bus,5,760.43,4
TRIP12611,USER7734,Istanbul,19-09-2024,12-04-2025,Beach,Cruise,3,551.07,8
TRIP12612,USER9661,London,12-05-2024,06-10-2024,Beach,Bus,5,1382.96,4
TRIP12613,USER2022,Bangkok,24-01-2025,27-01-2025,Adventure,Bus,4,1291.16,2
TRIP12614,USER3442,Barcelona,18-04-2024,12-04-2025,Adventure,Car,4,4886.01,6
TRIP12615,USER9761,Sydney,26-03-2024,10-04-2024,Leisure,Car,2,3385.27,7
TRIP12616,USER9033,Bangkok,22-02-2025,16-03-2025,Business,Cruise,3,2298.84,8
TRIP12617,USER7582,Paris,10-07-2024,09-02-2025,Adventure,Bus,3,4308.48,4
TRIP12618,USER2987,Sydney,08-03-2025,10-04-2025,Adventure,Flight,5,3090.83,4
TRIP12619,USER1457,Tokyo,12-12-2024,14-01-2025,Family,Flight,3,4952.95,10
TRIP12621,USER4447,London,23-10-2024,28-11-2024,Beach,Train,1,1220.77,5
TRIP12622,USER2883,Dubai,14-10-2024,21-11-2024,Cultural,Cruise,2,1934.45,8
TRIP12623,USER2580,Paris,06-09-2024,07-01-2025,Leisure,Car,3,2567.62,2
TRIP12624,USER1449,Bangkok,07-07-2024,18-08-2024,Cultural,Cruise,1,2372.21,2
TRIP12625,USER5722,Paris,21-02-2025,13-03-2025,Business,Bus,4,967.27,2
TRIP12626,USER5265,Paris,12-05-2024,25-01-2025,Leisure,Car,2,1004.28,8
TRIP12627,USER3051,New York,05-10-2024,01-02-2025,Family,Cruise,2,805.35,10
TRIP12628,USER9367,Dubai,04-06-2024,28-02-2025,Beach,Car,5,2071.79,2
TRIP12629,USER2243,Dubai,18-06-2024,24-01-2025,Cultural,Train,2,4264.4,5
TRIP12630,USER4220,London,19-01-2025,30-01-2025,Cultural,Car,5,3882.38,5
TRIP12632,USER8387,Sydney,28-11-2024,05-01-2025,Leisure,Car,4,2040.88,3
TRIP12633,USER2668,Barcelona,22-11-2024,26-12-2024,Adventure,Train,5,2245.56,1
TRIP12634,USER9523,Tokyo,21-06-2024,18-03-2025,Adventure,Bus,3,1239.7,3
TRIP12636,USER2526,Istanbul,18-12-2024,28-02-2025,Leisure,Flight,4,4945.71,5
TRIP12637,USER3048,Bangkok,10-03-2025,15-04-2025,Cultural,Cruise,3,4401.75,7
TRIP12638,USER2986,Paris,18-10-2024,26-01-2025,Business,Train,4,1859.95,10
TRIP12639,USER9506,Barcelona,02-06-2024,31-08-2024,Leisure,Cruise,1,3807.13,5
TRIP12640,USER5775,Rome,18-05-2024,31-03-2025,Beach,Car,5,4107.43,8
TRIP12641,USER7178,London,11-02-2025,28-02-2025,Beach,Train,2,2803.12,7
TRIP12642,USER1244,New York,03-05-2024,28-07-2024,Business,Flight,3,4360.54,6
TRIP12643,USER9383,New York,11-06-2024,25-12-2024,Leisure,Bus,5,838.92,9
TRIP12644,USER5227,London,04-06-2024,08-09-2024,Leisure,Car,2,4455.44,5
TRIP12645,USER6500,Sydney,20-12-2024,18-02-2025,Business,Train,1,3159.72,1
TRIP12646,USER9603,New York,03-12-2024,01-03-2025,Beach,Bus,2,4919.04,6
TRIP12647,USER7056,New York,22-06-2024,27-02-2025,Business,Train,1,1131.11,4
TRIP12648,USER4909,Paris,29-04-2024,03-12-2024,Leisure,Train,1,1219.06,9
TRIP12649,USER1951,New York,06-08-2024,25-10-2024,Adventure,Bus,3,4077.76,2
TRIP12650,USER8772,Istanbul,16-03-2025,10-04-2025,Beach,Car,5,3587.1,10
TRIP12651,USER2798,Barcelona,13-04-2024,28-07-2024,Cultural,Bus,2,1062.22,6
TRIP12652,USER8214,Bangkok,01-12-2024,29-12-2024,Beach,Flight,2,4675.76,2
TRIP12653,USER6454,Dubai,09-12-2024,28-03-2025,Cultural,Car,5,2693.88,1
TRIP12654,USER9504,Sydney,29-07-2024,22-11-2024,Leisure,Flight,1,2257.75,9
TRIP12655,USER8985,Dubai,05-07-2024,19-03-2025,Adventure,Car,1,877.47,5
TRIP12656,USER9918,Dubai,27-09-2024,08-01-2025,Family,Bus,5,3518.45,1
TRIP12657,USER4589,Barcelona,18-06-2024,24-11-2024,Beach,Car,5,2871.46,4
TRIP12658,USER1810,Dubai,29-08-2024,05-03-2025,Cultural,Car,5,1160.08,10
TRIP12659,USER8528,Sydney,03-05-2024,18-01-2025,Adventure,Cruise,4,811.64,2
TRIP12660,USER9993,Paris,08-01-2025,12-01-2025,Beach,Flight,4,2673.8,4
TRIP12661,USER1364,Bangkok,17-10-2024,06-12-2024,Business,Flight,2,3154.08,5
TRIP12662,USER8524,Bangkok,30-05-2024,16-07-2024,Leisure,Car,4,2521.93,8
TRIP12663,USER6535,Dubai,15-12-2024,24-03-2025,Family,Flight,3,2089.06,2
TRIP12664,USER9176,Barcelona,09-09-2024,06-12-2024,Adventure,Cruise,2,2567.02,9
TRIP12665,USER8557,Dubai,02-08-2024,21-02-2025,Leisure,Flight,3,3381.39,7
TRIP12666,USER1384,Barcelona,05-09-2024,27-12-2024,Adventure,Flight,4,2989.55,7
TRIP12667,USER8098,New York,09-11-2024,24-03-2025,Family,Train,2,1355.13,9
TRIP12668,USER1117,Bangkok,04-01-2025,06-03-2025,Leisure,Cruise,5,1609.96,3
TRIP12669,USER1447,Tokyo,30-06-2024,04-11-2024,Adventure,Cruise,5,3752.83,9
TRIP12670,USER1129,London,19-02-2025,29-03-2025,Beach,Cruise,3,3266.54,2
TRIP12671,USER4181,New York,14-11-2024,06-03-2025,Family,Cruise,2,4034.29,4
TRIP12672,USER3946,New York,03-07-2024,03-09-2024,Beach,Flight,1,1910.01,2
TRIP12673,USER3558,Dubai,21-02-2025,17-03-2025,Cultural,Bus,2,2236.49,6
TRIP12675,USER3918,London,29-09-2024,21-01-2025,Adventure,Bus,1,723.72,10
TRIP12676,USER6804,Istanbul,12-10-2024,17-12-2024,Beach,Train,2,2531.96,3
TRIP12677,USER4640,Rome,30-03-2024,30-03-2025,Beach,Cruise,2,1136.82,1
TRIP12678,USER2616,Tokyo,07-12-2024,07-01-2025,Beach,Cruise,4,2215.41,9
TRIP12679,USER3292,Dubai,21-09-2024,29-10-2024,Family,Train,3,994.73,3
TRIP12680,USER6128,Dubai,14-04-2024,20-01-2025,Business,Bus,2,3137.27,7
TRIP12681,USER5571,Bangkok,09-11-2024,13-01-2025,Beach,Bus,2,4819.83,9
TRIP12682,USER8281,Bangkok,31-08-2024,30-11-2024,Adventure,Flight,2,2530.94,8
TRIP12683,USER3172,Istanbul,10-12-2024,26-01-2025,Business,Flight,1,1322.55,4
TRIP12684,USER8458,Tokyo,03-02-2025,27-03-2025,Adventure,Bus,4,918.14,1
TRIP12685,USER1055,Rome,23-05-2024,03-06-2024,Leisure,Bus,5,846.59,8
TRIP12686,USER6531,Istanbul,24-01-2025,06-04-2025,Family,Train,3,715.93,2
TRIP12687,USER4298,Dubai,04-07-2024,12-09-2024,Adventure,Car,1,2678.95,8
TRIP12688,USER8796,London,29-07-2024,03-02-2025,Cultural,Cruise,1,3925.46,8
TRIP12689,USER5643,Barcelona,28-04-2024,02-07-2024,Beach,Bus,5,2467.77,4
TRIP12690,USER3899,Bangkok,25-10-2024,29-10-2024,Beach,Flight,1,3612.07,7
TRIP12691,USER7901,New York,15-12-2024,10-02-2025,Cultural,Flight,5,1959.79,4
TRIP12692,USER2437,London,06-11-2024,10-03-2025,Cultural,Bus,3,3661.25,4
TRIP12693,USER4075,Barcelona,25-10-2024,01-03-2025,Family,Train,3,1218.86,10
TRIP12694,USER2700,Rome,19-01-2025,13-03-2025,Family,Cruise,3,1574.77,5
TRIP12695,USER1146,Bangkok,28-11-2024,27-03-2025,Adventure,Train,1,4854.24,1
TRIP12696,USER6520,Istanbul,05-06-2024,18-09-2024,Beach,Car,2,2003.24,3
TRIP12697,USER1565,Sydney,30-03-2024,08-03-2025,Cultural,Train,5,2358.95,8
TRIP12698,USER9046,Paris,04-08-2024,18-12-2024,Leisure,Bus,5,1433.58,3
TRIP12699,USER1323,Istanbul,03-08-2024,29-03-2025,Cultural,Train,1,1903.29,5
TRIP12700,USER5605,Tokyo,12-10-2024,06-04-2025,Business,Train,4,3967.39,9
TRIP12701,USER9110,Tokyo,10-07-2024,06-04-2025,Family,Flight,4,4515.67,3
TRIP12702,USER8084,Sydney,17-12-2024,18-12-2024,Business,Flight,4,1401.35,9
TRIP12703,USER5385,London,05-05-2024,17-09-2024,Business,Car,1,3232.25,2
TRIP12704,USER1454,Rome,24-05-2024,25-11-2024,Cultural,Bus,3,3543.48,4
TRIP12705,USER2523,Tokyo,07-05-2024,28-01-2025,Business,Bus,1,3124.37,8
TRIP12706,USER2707,Sydney,03-02-2025,12-03-2025,Beach,Bus,5,3007.41,10
TRIP12707,USER7500,Barcelona,14-09-2024,07-04-2025,Leisure,Car,1,4427.1,6
TRIP12708,USER6936,Istanbul,28-07-2024,01-02-2025,Business,Cruise,4,2358.97,6
TRIP12709,USER6752,Istanbul,03-12-2024,22-12-2024,Beach,Cruise,1,4328.29,2
TRIP12710,USER5996,Dubai,04-08-2024,25-10-2024,Beach,Car,4,590.99,1
TRIP12711,USER8797,Tokyo,29-09-2024,02-11-2024,Leisure,Train,5,1670.15,3
TRIP12712,USER5288,Dubai,15-02-2025,15-04-2025,Cultural,Bus,2,3600.3,1
TRIP12713,USER4541,Sydney,09-06-2024,22-12-2024,Leisure,Bus,4,3178.42,1
TRIP12714,USER6097,Rome,07-08-2024,13-02-2025,Adventure,Bus,2,2607.54,9
TRIP12715,USER1166,Barcelona,02-08-2024,27-02-2025,Cultural,Cruise,1,941.22,8
TRIP12716,USER2419,Sydney,30-04-2024,18-03-2025,Adventure,Cruise,4,3067.79,4
TRIP12717,USER4235,Sydney,24-11-2024,21-02-2025,Adventure,Cruise,2,4786.85,5
TRIP12718,USER2802,Bangkok,11-06-2024,13-03-2025,Beach,Cruise,3,3273.38,7
TRIP12719,USER3463,Tokyo,10-06-2024,14-04-2025,Cultural,Train,2,4556.25,9
TRIP12720,USER4647,Dubai,05-11-2024,19-12-2024,Business,Train,5,2550.99,6
TRIP12721,USER1835,Paris,28-01-2025,14-02-2025,Beach,Train,1,879.52,5
TRIP12722,USER1951,Rome,15-04-2024,17-04-2024,Adventure,Cruise,4,1566.99,1
TRIP12723,USER7400,Tokyo,03-09-2024,23-11-2024,Business,Flight,2,4244.23,5
TRIP12724,USER8937,Bangkok,03-09-2024,30-10-2024,Beach,Bus,5,1442.28,8
TRIP12725,USER7237,Barcelona,17-03-2024,25-07-2024,Business,Cruise,1,4653.27,8
TRIP12726,USER3782,London,19-10-2024,30-12-2024,Family,Bus,2,1694.43,6
TRIP12727,USER7652,Tokyo,19-10-2024,26-11-2024,Cultural,Bus,3,4550.62,3
TRIP12728,USER6097,Tokyo,28-12-2024,24-01-2025,Beach,Bus,5,4002.53,8
TRIP12729,USER1009,Rome,15-12-2024,04-02-2025,Beach,Train,3,2729.63,4
TRIP12730,USER3972,Istanbul,09-03-2025,22-03-2025,Cultural,Cruise,4,645.11,7
TRIP12731,USER7728,Barcelona,13-06-2024,06-12-2024,Beach,Car,5,2496.08,5
TRIP12732,USER7330,Tokyo,16-10-2024,13-04-2025,Beach,Bus,4,696.51,6
TRIP12733,USER8953,New York,11-05-2024,08-06-2024,Adventure,Train,5,4310.14,1
TRIP12734,USER6503,Rome,12-03-2025,25-03-2025,Leisure,Car,5,4465.64,6
TRIP12735,USER3255,Dubai,22-09-2024,29-09-2024,Beach,Cruise,4,653.49,8
TRIP12736,USER3711,Paris,05-08-2024,15-08-2024,Leisure,Train,2,3631.44,8
TRIP12737,USER6017,Sydney,31-05-2024,11-04-2025,Leisure,Car,4,3866.14,10
TRIP12738,USER9363,Sydney,26-08-2024,16-02-2025,Leisure,Bus,2,3865.62,7
TRIP12739,USER2751,Bangkok,22-04-2024,15-10-2024,Cultural,Flight,5,4217.46,3
TRIP12740,USER5061,Barcelona,01-02-2025,20-02-2025,Family,Flight,5,3578.14,9
TRIP12741,USER5272,Dubai,14-08-2024,31-12-2024,Business,Car,3,3867.75,6
TRIP12742,USER3318,Barcelona,07-07-2024,10-03-2025,Leisure,Cruise,3,2669.57,8
TRIP12743,USER1050,New York,19-08-2024,15-01-2025,Business,Cruise,4,2420.89,9
TRIP12744,USER1787,New York,12-09-2024,27-10-2024,Beach,Car,5,3774.81,10
TRIP12745,USER6462,Paris,09-10-2024,19-10-2024,Cultural,Car,3,3078.58,9
TRIP12746,USER1095,Dubai,16-08-2024,01-02-2025,Beach,Flight,5,1339.4,5
TRIP12747,USER6187,Bangkok,31-08-2024,16-03-2025,Beach,Train,3,1544.58,10
TRIP12748,USER4574,London,15-05-2024,17-03-2025,Beach,Flight,3,2196.61,3
TRIP12749,USER9500,Tokyo,25-12-2024,28-03-2025,Adventure,Train,2,4430.86,8
TRIP12750,USER5189,Barcelona,04-06-2024,25-02-2025,Family,Bus,1,4379.31,5
TRIP12751,USER7374,New York,26-08-2024,03-01-2025,Cultural,Car,3,2303.05,2
TRIP12753,USER8485,Tokyo,16-05-2024,19-03-2025,Beach,Bus,4,4670.38,5
TRIP12754,USER4634,Sydney,04-01-2025,15-04-2025,Beach,Train,3,672.07,7
TRIP12755,USER4905,London,15-04-2024,01-08-2024,Adventure,Flight,4,1237.47,6
TRIP12756,USER3146,New York,30-04-2024,02-04-2025,Cultural,Car,5,4313.13,5
TRIP12757,USER9668,Rome,12-01-2025,14-02-2025,Leisure,Cruise,2,2055.62,4
TRIP12758,USER8861,Rome,03-02-2025,25-02-2025,Adventure,Car,4,3120.46,10
TRIP12759,USER4793,Paris,07-07-2024,20-09-2024,Family,Train,1,2086.53,4
TRIP12760,USER4231,Istanbul,21-02-2025,07-03-2025,Family,Car,4,1692.9,8
TRIP12761,USER5451,London,07-09-2024,27-01-2025,Business,Car,4,2769.83,4
TRIP12762,USER6502,Sydney,22-05-2024,04-08-2024,Leisure,Bus,3,621.56,5
TRIP12763,USER8649,Dubai,26-02-2025,28-02-2025,Business,Car,4,4927.34,5
TRIP12764,USER7270,Bangkok,14-11-2024,05-03-2025,Family,Train,3,4318.36,1
TRIP12765,USER3820,Dubai,04-09-2024,30-01-2025,Beach,Train,5,3662.67,4
TRIP12766,USER9384,Tokyo,10-01-2025,21-02-2025,Business,Cruise,5,895.49,1
TRIP12767,USER2951,Istanbul,05-01-2025,01-04-2025,Leisure,Cruise,5,3736.89,9
TRIP12768,USER1891,Sydney,03-01-2025,14-02-2025,Leisure,Flight,2,3748.53,2
TRIP12769,USER7023,London,07-12-2024,06-04-2025,Cultural,Cruise,2,4522.29,1
TRIP12770,USER1655,Sydney,07-11-2024,22-03-2025,Beach,Flight,2,867.99,7
TRIP12771,USER8751,Rome,08-11-2024,08-04-2025,Cultural,Flight,4,4577.88,6
TRIP12772,USER1943,Istanbul,12-01-2025,29-03-2025,Family,Flight,3,4743.22,9
TRIP12773,USER3011,London,19-04-2024,15-04-2025,Leisure,Bus,3,4138.21,10
TRIP12774,USER5156,Bangkok,22-09-2024,05-04-2025,Beach,Train,3,3432.24,9
TRIP12775,USER3584,Paris,02-02-2025,09-02-2025,Business,Train,5,3099.35,10
TRIP12776,USER2124,Istanbul,27-10-2024,03-03-2025,Business,Flight,2,2385.24,4
TRIP12777,USER9257,Barcelona,27-06-2024,09-01-2025,Cultural,Cruise,3,2372.42,7
TRIP12778,USER2140,London,13-05-2024,21-10-2024,Leisure,Flight,5,1678.98,5
TRIP12779,USER2055,Dubai,06-09-2024,04-10-2024,Beach,Bus,1,4832.2,8
TRIP12780,USER7593,Rome,19-04-2024,03-11-2024,Leisure,Train,4,4671.9,9
TRIP12781,USER2607,New York,08-07-2024,09-07-2024,Leisure,Flight,1,2815.08,5
TRIP12782,USER1063,Tokyo,08-03-2025,13-03-2025,Adventure,Bus,1,3312.37,6
TRIP12783,USER1219,Sydney,15-07-2024,05-12-2024,Adventure,Bus,3,1525.54,3
TRIP12784,USER1152,Rome,18-07-2024,18-08-2024,Adventure,Car,4,3697.39,10
TRIP12785,USER2648,Istanbul,04-02-2025,13-03-2025,Beach,Cruise,2,2350.32,10
TRIP12786,USER1843,Tokyo,12-05-2024,05-02-2025,Cultural,Train,3,1388.63,9
TRIP12787,USER6103,Bangkok,17-05-2024,26-11-2024,Cultural,Flight,3,2822.54,1
TRIP12788,USER1418,Bangkok,22-08-2024,02-11-2024,Family,Cruise,2,766.95,4
TRIP12789,USER4821,London,04-04-2024,01-03-2025,Cultural,Bus,1,2695.97,9
TRIP12790,USER7070,Paris,05-06-2024,09-10-2024,Cultural,Bus,4,1409.45,8
TRIP12791,USER8287,Sydney,11-09-2024,28-03-2025,Cultural,Flight,2,872.39,1
TRIP12793,USER3065,Rome,24-06-2024,10-10-2024,Cultural,Cruise,4,2212.1,10
TRIP12794,USER4125,Barcelona,22-02-2025,25-02-2025,Business,Train,5,2498.04,6
TRIP12795,USER6274,Bangkok,17-10-2024,29-11-2024,Business,Flight,5,1711.32,2
TRIP12796,USER3537,Sydney,25-08-2024,17-03-2025,Beach,Flight,2,4712.44,4
TRIP12797,USER6530,Bangkok,08-05-2024,03-12-2024,Leisure,Train,2,4534.83,1
TRIP12798,USER8398,Tokyo,19-09-2024,02-01-2025,Leisure,Flight,1,1297.55,6
TRIP12799,USER2864,Barcelona,09-07-2024,17-12-2024,Beach,Flight,1,804.44,2
TRIP12800,USER4418,Sydney,02-10-2024,11-01-2025,Leisure,Flight,1,1153.26,2
TRIP12801,USER5000,Tokyo,14-06-2024,25-03-2025,Business,Cruise,5,2178.72,8
TRIP12802,USER2304,Bangkok,17-04-2024,14-11-2024,Leisure,Car,3,2652.5,8
TRIP12803,USER1337,Bangkok,12-01-2025,15-02-2025,Business,Cruise,3,3420.18,7
TRIP12804,USER1904,Bangkok,16-08-2024,04-04-2025,Beach,Train,2,4061.02,2
TRIP12805,USER8721,Tokyo,18-04-2024,01-09-2024,Adventure,Bus,5,2344,8
TRIP12806,USER8754,Dubai,11-11-2024,05-04-2025,Adventure,Cruise,3,3396.36,10
TRIP12807,USER3697,Sydney,08-12-2024,18-12-2024,Leisure,Car,2,4460.05,8
TRIP12808,USER2274,Sydney,23-08-2024,09-03-2025,Family,Cruise,4,1865.86,9
TRIP12809,USER3221,Dubai,08-07-2024,19-09-2024,Adventure,Car,5,1946.74,2
TRIP12810,USER4811,Rome,31-10-2024,31-01-2025,Family,Car,1,1956.8,6
TRIP12811,USER4610,Istanbul,12-12-2024,12-04-2025,Beach,Cruise,4,3847.57,7
TRIP12812,USER3827,London,03-10-2024,16-02-2025,Family,Flight,5,1254.86,7
TRIP12813,USER4126,Sydney,30-05-2024,03-12-2024,Business,Train,2,4925.64,5
TRIP12814,USER6220,Sydney,04-08-2024,07-03-2025,Cultural,Train,4,3451.4,6
TRIP12815,USER7421,London,14-11-2024,25-03-2025,Business,Car,3,3537.57,8
TRIP12816,USER7097,Tokyo,02-07-2024,08-09-2024,Cultural,Bus,5,1615.88,5
TRIP12817,USER4328,London,25-03-2024,18-10-2024,Adventure,Train,1,3320.36,3
TRIP12818,USER5220,Sydney,20-07-2024,13-02-2025,Leisure,Bus,1,990.41,10
TRIP12819,USER8590,Paris,06-07-2024,18-10-2024,Cultural,Flight,4,4871.2,6
TRIP12820,USER3566,Istanbul,08-09-2024,13-10-2024,Adventure,Train,1,2789.09,9
TRIP12821,USER1391,Barcelona,17-10-2024,08-02-2025,Family,Flight,5,987.25,7
TRIP12822,USER4428,Paris,20-08-2024,09-04-2025,Adventure,Flight,2,1949.77,7
TRIP12823,USER1293,Sydney,12-07-2024,23-07-2024,Adventure,Cruise,1,3566.92,10
TRIP12824,USER9367,New York,24-02-2025,27-03-2025,Leisure,Bus,4,760.33,10
TRIP12825,USER3538,Rome,26-12-2024,29-01-2025,Adventure,Train,4,1732.24,10
TRIP12826,USER9920,Barcelona,01-07-2024,03-01-2025,Beach,Cruise,4,1247.79,5
TRIP12827,USER9755,Istanbul,23-04-2024,16-10-2024,Family,Car,2,4991.92,6
TRIP12828,USER5467,Sydney,20-08-2024,14-11-2024,Business,Cruise,5,4222.35,4
TRIP12829,USER6684,Sydney,26-03-2024,28-09-2024,Beach,Bus,2,2126.89,1
TRIP12830,USER9420,Sydney,30-04-2024,30-05-2024,Business,Car,2,3330.16,4
TRIP12831,USER1959,Dubai,03-10-2024,17-10-2024,Leisure,Car,3,4239.51,8
TRIP12832,USER3184,Dubai,29-06-2024,29-07-2024,Beach,Flight,3,4685.77,7
TRIP12833,USER2320,Dubai,15-07-2024,04-09-2024,Business,Train,4,4719.15,3
TRIP12834,USER1061,Bangkok,22-05-2024,19-06-2024,Business,Train,2,2129.65,7
TRIP12835,USER4963,Rome,16-10-2024,02-11-2024,Adventure,Bus,4,4213.01,6
TRIP12836,USER3794,Dubai,19-09-2024,01-12-2024,Cultural,Flight,4,2250.61,2
TRIP12837,USER7371,New York,26-02-2025,10-04-2025,Adventure,Car,3,4577.78,5
TRIP12838,USER2932,London,04-06-2024,28-11-2024,Adventure,Flight,4,869.31,5
TRIP12839,USER1504,Barcelona,09-02-2025,04-03-2025,Family,Train,1,1305.67,10
TRIP12840,USER9002,Istanbul,28-07-2024,17-11-2024,Leisure,Flight,1,2010.01,6
TRIP12841,USER9843,Dubai,29-12-2024,27-03-2025,Cultural,Bus,2,930.91,3
TRIP12842,USER4631,Bangkok,09-12-2024,27-01-2025,Family,Car,2,1877.47,4
TRIP12843,USER2782,New York,16-08-2024,09-01-2025,Family,Train,3,4021.46,6
TRIP12844,USER6343,London,17-12-2024,11-02-2025,Business,Cruise,2,3513.93,7
TRIP12845,USER9295,London,24-10-2024,04-12-2024,Cultural,Car,4,1219.36,5
TRIP12846,USER5763,Paris,13-03-2025,28-03-2025,Beach,Cruise,1,3303.94,6
TRIP12847,USER2104,Istanbul,28-08-2024,06-01-2025,Cultural,Cruise,5,1197.02,5
TRIP12848,USER7641,London,09-10-2024,26-12-2024,Leisure,Cruise,2,1551.77,5
TRIP12849,USER3072,Paris,12-03-2025,05-04-2025,Beach,Train,4,1816.86,3
TRIP12850,USER3079,Dubai,04-03-2025,05-04-2025,Family,Cruise,1,1611.92,7
TRIP12851,USER1631,Paris,04-11-2024,01-04-2025,Adventure,Bus,3,2629.98,9
TRIP12852,USER8346,Sydney,27-08-2024,12-01-2025,Adventure,Flight,1,895.48,4
TRIP12853,USER9463,Rome,27-03-2024,27-01-2025,Beach,Flight,1,1865.95,10
TRIP12854,USER3845,Bangkok,10-04-2024,20-10-2024,Adventure,Bus,1,517.09,8
TRIP12855,USER1150,Tokyo,12-07-2024,01-03-2025,Family,Bus,4,877.45,4
TRIP12856,USER5423,Dubai,28-07-2024,12-04-2025,Family,Train,1,2235.04,10
TRIP12857,USER3351,Tokyo,10-12-2024,04-02-2025,Family,Flight,5,1454.56,9
TRIP12858,USER6478,Dubai,18-05-2024,26-10-2024,Business,Cruise,1,1219.66,7
TRIP12859,USER5951,Barcelona,28-10-2024,01-02-2025,Leisure,Car,5,1438.93,5
TRIP12860,USER6624,Barcelona,22-08-2024,06-01-2025,Cultural,Cruise,4,563.63,4
TRIP12861,USER4832,Barcelona,15-02-2025,26-02-2025,Adventure,Flight,3,1457.87,10
TRIP12862,USER6029,Dubai,12-01-2025,11-02-2025,Cultural,Flight,5,3604.29,5
TRIP12863,USER3382,Sydney,30-06-2024,24-08-2024,Cultural,Cruise,3,1331.29,4
TRIP12864,USER7248,Tokyo,26-11-2024,16-12-2024,Leisure,Cruise,4,1201.42,3
TRIP12865,USER9109,Barcelona,23-02-2025,10-03-2025,Cultural,Flight,2,2604.36,3
TRIP12866,USER9866,Dubai,08-10-2024,24-11-2024,Business,Bus,1,3745.48,4
TRIP12867,USER7161,Bangkok,31-05-2024,07-10-2024,Business,Flight,2,2859.23,9
TRIP12868,USER3425,Tokyo,16-03-2024,27-09-2024,Family,Bus,1,986.16,2
TRIP12869,USER4938,Barcelona,23-06-2024,25-08-2024,Beach,Flight,1,2847.97,5
TRIP12870,USER8286,London,02-11-2024,09-01-2025,Leisure,Car,2,3004.65,1
TRIP12871,USER6380,Tokyo,09-03-2025,10-04-2025,Cultural,Bus,4,752.79,9
TRIP12872,USER3699,Barcelona,21-08-2024,06-10-2024,Business,Car,4,2904.26,6
TRIP12873,USER5946,Dubai,20-04-2024,01-05-2024,Adventure,Flight,2,3640.21,6
TRIP12874,USER1141,Bangkok,20-04-2024,22-01-2025,Business,Car,5,3992.42,2
TRIP12875,USER1177,Bangkok,26-07-2024,02-11-2024,Family,Train,2,1853.22,8
TRIP12876,USER5138,Dubai,26-01-2025,29-01-2025,Business,Flight,2,3499.49,9
TRIP12877,USER5647,Barcelona,16-06-2024,11-11-2024,Business,Train,3,3391.33,4
TRIP12878,USER9748,Tokyo,10-02-2025,24-03-2025,Business,Bus,1,2804.48,9
TRIP12879,USER7826,Sydney,09-05-2024,10-08-2024,Adventure,Cruise,2,1056.08,6
TRIP12880,USER4453,Istanbul,06-02-2025,05-04-2025,Leisure,Flight,5,1219.34,7
TRIP12881,USER7179,New York,25-05-2024,01-06-2024,Family,Bus,5,1153.4,10
TRIP12882,USER1483,Paris,12-07-2024,12-09-2024,Family,Car,3,1290.84,8
TRIP12883,USER6297,New York,11-01-2025,23-01-2025,Beach,Car,5,2808.25,6
TRIP12884,USER9033,New York,13-01-2025,04-02-2025,Business,Bus,4,4423.74,1
TRIP12885,USER5854,Sydney,12-09-2024,16-11-2024,Business,Train,1,4460.93,5
TRIP12886,USER9027,Rome,23-06-2024,03-11-2024,Family,Car,4,4551.91,9
TRIP12887,USER3885,London,29-08-2024,21-09-2024,Cultural,Cruise,3,2609.27,4
TRIP12888,USER8237,Barcelona,05-02-2025,07-04-2025,Business,Train,4,4051.39,1
TRIP12889,USER6536,London,17-08-2024,01-04-2025,Beach,Bus,2,522.39,8
TRIP12890,USER7623,New York,13-02-2025,19-02-2025,Leisure,Cruise,5,2577.43,3
TRIP12891,USER9988,London,09-07-2024,06-10-2024,Family,Train,4,3922.19,7
TRIP12892,USER5396,Barcelona,26-12-2024,27-03-2025,Business,Train,3,3643.53,9
TRIP12893,USER7406,Istanbul,07-09-2024,07-01-2025,Adventure,Train,5,4300.56,6
TRIP12894,USER3068,Barcelona,24-06-2024,23-11-2024,Leisure,Flight,5,1421.58,1
TRIP12895,USER7992,Rome,19-04-2024,11-05-2024,Beach,Car,1,685.87,10
TRIP12896,USER1696,Paris,08-06-2024,10-02-2025,Beach,Cruise,3,852.38,10
TRIP12897,USER3045,Bangkok,18-03-2024,13-10-2024,Adventure,Train,3,2003.97,9
TRIP12898,USER6764,Tokyo,20-06-2024,03-10-2024,Family,Car,3,4931.87,4
TRIP12899,USER4925,Sydney,12-06-2024,24-12-2024,Adventure,Flight,2,2728.69,8
TRIP12900,USER4141,Dubai,05-11-2024,23-03-2025,Family,Flight,1,2526.92,7
TRIP12901,USER3269,New York,11-03-2025,15-03-2025,Leisure,Car,2,4789.59,8
TRIP12902,USER1536,New York,30-06-2024,24-10-2024,Family,Flight,2,3582.39,6
TRIP12903,USER2177,Bangkok,04-08-2024,03-11-2024,Family,Train,2,4493.96,7
TRIP12904,USER5290,Tokyo,04-02-2025,08-03-2025,Beach,Flight,2,2489.97,2
TRIP12905,USER4701,New York,13-04-2024,03-06-2024,Business,Train,3,932.12,9
TRIP12906,USER8346,Paris,30-04-2024,29-12-2024,Family,Car,4,2496.11,8
TRIP12907,USER7574,Istanbul,30-07-2024,28-10-2024,Adventure,Cruise,2,3579.69,10
TRIP12908,USER2199,Barcelona,09-08-2024,14-12-2024,Business,Flight,2,3344.09,1
TRIP12909,USER9276,Bangkok,17-09-2024,22-09-2024,Leisure,Car,4,3060.6,2
TRIP12910,USER4459,Dubai,30-08-2024,11-12-2024,Beach,Train,5,1068.78,7
TRIP12911,USER9487,Paris,12-08-2024,25-02-2025,Cultural,Flight,2,3725.57,7
TRIP12912,USER6472,Dubai,27-04-2024,28-02-2025,Cultural,Train,3,1389.59,1
TRIP12913,USER4932,New York,10-08-2024,18-02-2025,Beach,Cruise,5,1141.13,2
TRIP12914,USER7848,London,06-12-2024,30-01-2025,Leisure,Flight,4,1696.35,8
TRIP12915,USER2880,New York,10-04-2024,11-04-2024,Leisure,Car,4,3831.04,7
TRIP12916,USER9241,Paris,08-09-2024,20-10-2024,Adventure,Flight,4,2870.6,8
TRIP12917,USER2361,Istanbul,18-08-2024,21-02-2025,Business,Train,4,4031.36,4
TRIP12918,USER8941,London,11-10-2024,13-11-2024,Beach,Car,5,2004.6,8
TRIP12919,USER3040,Tokyo,04-03-2025,12-03-2025,Adventure,Cruise,4,4595.3,3
TRIP12920,USER7304,London,30-01-2025,24-02-2025,Cultural,Flight,2,2435.03,5
TRIP12921,USER4822,Paris,23-12-2024,28-12-2024,Leisure,Cruise,5,615.86,10
TRIP12922,USER2778,Paris,09-07-2024,13-04-2025,Leisure,Bus,5,3797.57,8
TRIP12923,USER6777,Paris,10-04-2024,15-09-2024,Adventure,Flight,5,843.37,8
TRIP12924,USER1737,Istanbul,19-04-2024,28-12-2024,Adventure,Cruise,1,3965.18,5
TRIP12925,USER9987,Istanbul,16-01-2025,26-03-2025,Adventure,Cruise,2,2382.36,7
TRIP12926,USER6826,Paris,03-10-2024,09-10-2024,Cultural,Train,4,3352.52,8
TRIP12927,USER6522,Sydney,31-05-2024,02-04-2025,Adventure,Flight,2,2084.53,7
TRIP12928,USER6457,Paris,12-05-2024,22-03-2025,Beach,Bus,1,3740.77,6
TRIP12929,USER7235,London,04-08-2024,03-09-2024,Leisure,Train,5,2013.08,2
TRIP12930,USER9259,New York,05-05-2024,15-12-2024,Business,Bus,1,3416.94,9
TRIP12931,USER8328,Paris,08-01-2025,09-01-2025,Family,Bus,1,1643.75,2
TRIP12932,USER6522,Rome,17-05-2024,28-12-2024,Business,Train,2,3669.1,10
TRIP12933,USER6326,Dubai,01-01-2025,20-03-2025,Cultural,Flight,1,2503.08,3
TRIP12934,USER1136,Paris,19-01-2025,15-04-2025,Leisure,Bus,2,1665.06,8
TRIP12935,USER5891,Sydney,17-02-2025,09-03-2025,Beach,Car,4,2233.63,7
TRIP12936,USER3950,Sydney,12-08-2024,06-01-2025,Leisure,Bus,2,2544.43,7
TRIP12937,USER8061,Tokyo,30-06-2024,18-09-2024,Business,Train,4,4875.65,5
TRIP12938,USER3650,Rome,17-09-2024,30-03-2025,Beach,Cruise,2,3509.3,6
TRIP12939,USER5158,London,01-02-2025,29-03-2025,Cultural,Bus,4,1106.34,9
TRIP12940,USER6727,Sydney,07-12-2024,14-03-2025,Family,Train,5,3954.39,3
TRIP12941,USER3185,London,09-10-2024,17-02-2025,Leisure,Train,1,1914.58,9
TRIP12942,USER3775,Rome,08-10-2024,03-03-2025,Family,Flight,3,2324.41,2
TRIP12943,USER3647,Rome,03-02-2025,11-02-2025,Family,Bus,2,2237.51,7
TRIP12944,USER3057,Tokyo,11-07-2024,28-08-2024,Family,Bus,2,2445.28,2
TRIP12945,USER1241,Bangkok,30-11-2024,09-04-2025,Leisure,Bus,5,3677.58,7
TRIP12946,USER8103,Tokyo,26-12-2024,21-02-2025,Family,Bus,4,853.16,5
TRIP12947,USER8019,New York,11-09-2024,27-11-2024,Adventure,Car,4,1854.63,10
TRIP12948,USER3324,Barcelona,10-10-2024,01-04-2025,Family,Cruise,3,3769.92,5
TRIP12949,USER2139,Rome,14-03-2025,10-04-2025,Cultural,Flight,5,2773.01,7
TRIP12950,USER2642,Paris,18-07-2024,04-08-2024,Family,Car,3,3864.11,7
TRIP12951,USER8628,Tokyo,03-02-2025,06-04-2025,Leisure,Car,3,4033.31,5
TRIP12952,USER5653,Barcelona,08-12-2024,02-01-2025,Business,Flight,5,3603.86,6
TRIP12953,USER5941,Tokyo,07-05-2024,04-11-2024,Family,Train,4,3229.7,4
TRIP12954,USER1312,Paris,08-06-2024,04-07-2024,Adventure,Car,5,1406.5,10
TRIP12955,USER1384,Barcelona,25-05-2024,13-10-2024,Business,Flight,1,1193.27,3
TRIP12956,USER4024,Istanbul,07-09-2024,06-02-2025,Cultural,Bus,3,1224.53,6
TRIP12957,USER2226,Tokyo,05-04-2024,20-11-2024,Adventure,Cruise,2,3229.69,5
TRIP12958,USER9236,Rome,06-04-2024,26-06-2024,Leisure,Car,5,3776.07,10
TRIP12959,USER8381,Paris,09-05-2024,14-05-2024,Beach,Cruise,3,4185.33,10
TRIP12960,USER9454,London,18-03-2024,14-02-2025,Adventure,Car,3,1812.36,3
TRIP12961,USER6233,Paris,31-01-2025,18-02-2025,Cultural,Bus,4,4913.06,9
TRIP12962,USER5803,Barcelona,29-07-2024,10-01-2025,Leisure,Bus,4,1109.64,7
TRIP12963,USER8720,Tokyo,11-06-2024,14-08-2024,Business,Flight,1,4190.27,2
TRIP12964,USER8728,Dubai,28-10-2024,31-10-2024,Family,Cruise,4,1332.46,9
TRIP12965,USER3526,Rome,26-08-2024,29-01-2025,Family,Cruise,3,4103.58,3
TRIP12966,USER9758,Barcelona,04-01-2025,21-01-2025,Business,Flight,4,3609.07,9
TRIP12967,USER2581,London,20-07-2024,28-02-2025,Beach,Cruise,5,2195.41,1
TRIP12968,USER2219,London,10-04-2024,27-06-2024,Family,Bus,5,2235.49,7
TRIP12969,USER9161,Dubai,24-11-2024,22-03-2025,Cultural,Flight,3,2252.11,4
TRIP12970,USER3828,Sydney,17-09-2024,26-10-2024,Beach,Car,3,1510.28,6
TRIP12971,USER8554,Tokyo,19-03-2024,28-08-2024,Cultural,Flight,4,2576.63,8
TRIP12972,USER9178,Istanbul,20-02-2025,04-03-2025,Beach,Bus,3,668.41,1
TRIP12973,USER3226,Barcelona,22-11-2024,15-12-2024,Cultural,Train,5,1606.17,10
TRIP12974,USER4976,Istanbul,23-10-2024,11-11-2024,Beach,Flight,1,2543.7,4
TRIP12975,USER8513,Paris,17-02-2025,10-03-2025,Cultural,Car,2,1392.31,3
TRIP12976,USER1715,Bangkok,09-12-2024,02-04-2025,Adventure,Cruise,3,4078.5,3
TRIP12977,USER8379,Sydney,01-01-2025,03-04-2025,Business,Bus,1,4338.15,5
TRIP12978,USER9557,London,07-03-2025,31-03-2025,Adventure,Train,5,4960.11,4
TRIP12979,USER8130,Dubai,24-07-2024,20-08-2024,Adventure,Cruise,1,2113.77,8
TRIP12980,USER2877,London,22-08-2024,28-12-2024,Family,Bus,1,1667.44,8
TRIP12981,USER8452,Istanbul,16-02-2025,24-02-2025,Cultural,Flight,4,1200.65,8
TRIP12982,USER2668,Bangkok,17-04-2024,13-01-2025,Cultural,Flight,3,4829.96,3
TRIP12983,USER3201,Tokyo,23-05-2024,12-03-2025,Cultural,Flight,1,4863.83,2
TRIP12984,USER4671,Paris,19-05-2024,16-09-2024,Adventure,Car,4,3292.04,8
TRIP12985,USER9312,Tokyo,30-03-2024,23-08-2024,Cultural,Bus,1,3760.2,5
TRIP12986,USER7811,Istanbul,04-10-2024,26-10-2024,Beach,Car,1,4852.01,2
TRIP12987,USER5268,Tokyo,12-01-2025,10-04-2025,Leisure,Flight,1,1885.68,1
TRIP12988,USER4406,Bangkok,07-12-2024,16-01-2025,Family,Car,1,3458.03,8
TRIP12989,USER9698,Paris,18-12-2024,03-03-2025,Adventure,Flight,4,1498.6,9
TRIP12991,USER6988,Barcelona,10-09-2024,04-01-2025,Adventure,Cruise,1,823.65,1
TRIP12992,USER7201,New York,25-07-2024,16-11-2024,Business,Train,5,2608.51,6
TRIP12993,USER8687,Sydney,24-02-2025,05-04-2025,Family,Flight,2,2937.14,8
TRIP12994,USER8306,New York,30-04-2024,07-08-2024,Cultural,Flight,3,2891.33,9
TRIP12995,USER8172,Barcelona,02-07-2024,21-07-2024,Beach,Cruise,3,4627.13,10
TRIP12996,USER4223,London,17-10-2024,06-01-2025,Adventure,Train,3,2871.05,9
TRIP12997,USER1092,Paris,22-04-2024,26-06-2024,Family,Bus,4,4552.95,3
TRIP12998,USER7040,London,17-06-2024,05-12-2024,Beach,Train,2,4824.22,10
TRIP12999,USER7171,New York,30-10-2024,09-12-2024,Cultural,Flight,3,4837.08,2
TRIP13000,USER4206,Dubai,14-07-2024,16-03-2025,Leisure,Flight,5,1888.29,2
TRIP13001,USER5949,Sydney,30-12-2024,04-01-2025,Business,Car,1,3731.6,9
TRIP13002,USER4216,Barcelona,16-11-2024,10-04-2025,Beach,Bus,5,4165.2,5
TRIP13003,USER7664,London,28-08-2024,04-03-2025,Beach,Cruise,1,1243.02,6
TRIP13004,USER6582,New York,25-01-2025,19-02-2025,Leisure,Train,3,962.59,2
TRIP13005,USER6188,Sydney,08-04-2024,12-04-2025,Family,Car,1,4558.06,1
TRIP13006,USER6808,New York,21-02-2025,07-03-2025,Leisure,Bus,5,4180.49,5
TRIP13007,USER4789,London,09-10-2024,18-11-2024,Cultural,Cruise,4,4613.6,6
TRIP13008,USER6810,London,21-11-2024,07-01-2025,Family,Flight,3,4405.04,9
TRIP13009,USER4132,Sydney,10-07-2024,26-08-2024,Business,Train,2,4716.47,1
TRIP13010,USER3919,Dubai,23-09-2024,25-02-2025,Cultural,Flight,5,1173.51,4
TRIP13011,USER1611,Barcelona,04-07-2024,27-11-2024,Adventure,Car,5,2501.36,5
TRIP13012,USER8817,Sydney,29-04-2024,22-02-2025,Leisure,Car,1,4009.65,6
TRIP13013,USER8627,Sydney,31-03-2024,23-01-2025,Adventure,Cruise,4,4435.89,4
TRIP13014,USER1693,Dubai,17-11-2024,23-01-2025,Beach,Flight,2,2201.93,8
TRIP13015,USER4497,Tokyo,10-08-2024,18-01-2025,Cultural,Car,1,3636.33,5
TRIP13016,USER8837,Sydney,13-01-2025,15-02-2025,Family,Flight,3,4652.52,2
TRIP13017,USER8664,New York,23-06-2024,06-01-2025,Cultural,Car,5,763.31,1
TRIP13018,USER1192,Sydney,20-07-2024,11-03-2025,Business,Flight,3,983.81,7
TRIP13019,USER8425,Barcelona,25-01-2025,07-04-2025,Family,Train,1,975.14,5
TRIP13020,USER3719,New York,07-06-2024,22-12-2024,Adventure,Cruise,3,1669.61,1
TRIP13021,USER3106,Sydney,08-11-2024,20-01-2025,Business,Cruise,4,2284.03,4
TRIP13022,USER4156,London,12-10-2024,04-01-2025,Adventure,Train,1,2443.65,4
TRIP13023,USER5474,Paris,01-07-2024,07-09-2024,Adventure,Car,5,4886,8
TRIP13024,USER5022,Dubai,18-04-2024,07-01-2025,Business,Cruise,2,1007.11,8
TRIP13025,USER1750,London,25-01-2025,24-02-2025,Cultural,Flight,1,2876.79,10
TRIP13026,USER5585,Sydney,11-06-2024,09-12-2024,Beach,Train,1,2099.19,1
TRIP13027,USER4525,Dubai,02-01-2025,03-02-2025,Adventure,Cruise,4,2850.22,8
TRIP13028,USER7721,Istanbul,11-01-2025,01-03-2025,Leisure,Train,5,1494.81,1
TRIP13029,USER6388,Sydney,23-12-2024,13-03-2025,Family,Train,4,3143.3,9
TRIP13030,USER3762,Rome,04-06-2024,28-08-2024,Adventure,Cruise,3,2348.89,8
TRIP13031,USER3585,Tokyo,04-09-2024,26-11-2024,Beach,Bus,1,3184.29,4
TRIP13032,USER1986,London,28-11-2024,22-12-2024,Business,Train,4,1927.53,5
TRIP13033,USER4408,Bangkok,25-10-2024,30-12-2024,Family,Cruise,1,4239.67,1
TRIP13034,USER2264,New York,23-11-2024,13-03-2025,Family,Bus,3,901.7,3
TRIP13035,USER9373,New York,30-03-2024,08-08-2024,Family,Bus,4,1274.38,2
TRIP13036,USER7767,Dubai,07-01-2025,07-04-2025,Family,Cruise,2,3587.98,7
TRIP13037,USER5779,Paris,18-02-2025,08-04-2025,Leisure,Flight,1,545.57,3
TRIP13038,USER6612,Bangkok,15-09-2024,04-01-2025,Family,Car,2,1207.77,3
TRIP13039,USER3410,London,20-06-2024,03-07-2024,Beach,Flight,3,1925.55,3
TRIP13040,USER5630,Istanbul,26-01-2025,12-02-2025,Business,Train,1,4306.96,10
TRIP13041,USER5118,Barcelona,15-06-2024,17-09-2024,Leisure,Train,1,2193.22,8
TRIP13042,USER9816,Barcelona,25-06-2024,02-10-2024,Adventure,Car,2,664.54,8
TRIP13043,USER7497,New York,13-04-2024,21-07-2024,Cultural,Bus,1,2191.26,5
TRIP13044,USER5405,Paris,18-05-2024,02-02-2025,Leisure,Car,3,4312.99,8
TRIP13045,USER3304,Sydney,17-09-2024,06-10-2024,Beach,Train,3,3699.54,5
TRIP13046,USER7114,Rome,24-06-2024,02-09-2024,Cultural,Cruise,5,1621.47,10
TRIP13047,USER7332,London,18-09-2024,20-02-2025,Adventure,Flight,2,2396.18,10
TRIP13048,USER7511,Bangkok,10-05-2024,18-11-2024,Leisure,Train,2,1394.31,8
TRIP13049,USER8476,Bangkok,14-09-2024,10-04-2025,Leisure,Bus,3,4367.65,7
TRIP13050,USER5799,Rome,26-12-2024,13-02-2025,Beach,Bus,5,2464.73,4
TRIP13051,USER6431,Sydney,03-06-2024,31-08-2024,Family,Flight,4,1761.93,5
TRIP13052,USER2013,New York,06-01-2025,07-04-2025,Family,Car,5,2542.1,2
TRIP13053,USER4742,Sydney,08-03-2025,18-03-2025,Leisure,Train,2,1134.08,2
TRIP13054,USER1033,Barcelona,23-12-2024,08-04-2025,Family,Train,2,904.53,7
TRIP13055,USER5333,Paris,03-05-2024,26-06-2024,Family,Flight,1,3215.47,4
TRIP13056,USER6743,Barcelona,16-05-2024,14-11-2024,Cultural,Train,5,2371.82,4
TRIP13057,USER4228,Dubai,02-07-2024,06-12-2024,Leisure,Car,5,3459.26,9
TRIP13058,USER2607,Dubai,08-11-2024,06-02-2025,Business,Car,3,3548.67,5
TRIP13059,USER7878,London,09-09-2024,08-10-2024,Business,Car,2,1458.37,6
TRIP13060,USER1106,Bangkok,03-06-2024,03-04-2025,Beach,Car,4,1029.69,7
TRIP13061,USER8807,Barcelona,16-05-2024,22-12-2024,Cultural,Train,3,965.42,2
TRIP13062,USER4082,Rome,03-03-2025,08-03-2025,Leisure,Flight,2,3189.18,6
TRIP13063,USER8141,Barcelona,31-07-2024,19-01-2025,Business,Flight,4,3366.17,9
TRIP13064,USER8082,Tokyo,24-02-2025,06-04-2025,Beach,Cruise,4,1997.01,9
TRIP13065,USER3323,Tokyo,28-06-2024,17-07-2024,Business,Flight,4,2134.48,7
TRIP13066,USER2218,Istanbul,31-07-2024,20-09-2024,Beach,Flight,4,3808.99,4
TRIP13067,USER3186,Sydney,21-09-2024,15-04-2025,Family,Flight,2,3812.1,10
TRIP13068,USER1305,Istanbul,27-08-2024,05-02-2025,Adventure,Cruise,3,2086.17,7
TRIP13069,USER9611,Rome,02-01-2025,08-01-2025,Business,Car,5,3747.38,6
TRIP13070,USER4041,Paris,01-07-2024,30-08-2024,Business,Car,2,4590.53,8
TRIP13071,USER4043,Sydney,13-02-2025,18-03-2025,Adventure,Bus,4,1206.7,4
TRIP13072,USER5002,Dubai,09-01-2025,08-02-2025,Leisure,Car,3,4455,7
TRIP13073,USER9612,Rome,15-11-2024,18-12-2024,Cultural,Flight,3,652.16,2
TRIP13074,USER2836,New York,11-09-2024,02-12-2024,Adventure,Train,1,3214.31,4
TRIP13075,USER7756,Bangkok,02-02-2025,03-04-2025,Business,Bus,5,2415.01,6
TRIP13076,USER7360,Istanbul,05-03-2025,01-04-2025,Beach,Bus,3,661.11,2
TRIP13077,USER7396,Istanbul,03-10-2024,05-02-2025,Family,Car,1,1171.64,8
TRIP13078,USER7454,Sydney,19-02-2025,28-02-2025,Family,Car,2,2305.16,6
TRIP13079,USER1499,New York,06-06-2024,12-12-2024,Family,Flight,1,771.65,1
TRIP13080,USER9799,Bangkok,06-10-2024,03-01-2025,Family,Flight,5,3071.88,10
TRIP13081,USER8890,New York,16-08-2024,31-03-2025,Beach,Bus,5,4837.28,7
TRIP13082,USER7809,Dubai,30-07-2024,21-01-2025,Leisure,Cruise,5,1533.46,6
TRIP13083,USER5649,Barcelona,02-08-2024,13-03-2025,Cultural,Bus,4,4898.39,7
TRIP13084,USER2812,Sydney,19-09-2024,10-03-2025,Family,Train,3,4719.68,9
TRIP13085,USER2383,Rome,17-11-2024,15-04-2025,Beach,Train,2,1416.81,6
TRIP13086,USER2154,Tokyo,10-05-2024,18-10-2024,Adventure,Car,5,644.73,2
TRIP13087,USER3766,Tokyo,17-10-2024,17-03-2025,Family,Bus,1,4424.59,2
TRIP13088,USER1382,Istanbul,19-02-2025,02-03-2025,Business,Bus,5,2465.24,5
TRIP13089,USER1090,Paris,25-09-2024,25-12-2024,Family,Bus,2,1326.09,8
TRIP13090,USER2466,Sydney,02-01-2025,25-02-2025,Leisure,Train,5,1865.06,9
TRIP13091,USER9689,Sydney,16-03-2025,17-03-2025,Cultural,Flight,5,3928.58,9
TRIP13092,USER2652,Bangkok,30-09-2024,05-02-2025,Cultural,Train,3,4095.07,4
TRIP13093,USER2611,Dubai,01-09-2024,12-09-2024,Leisure,Flight,2,1892.64,10
TRIP13094,USER7421,Bangkok,19-01-2025,14-02-2025,Beach,Bus,3,4003.03,10
TRIP13095,USER1627,Sydney,10-08-2024,09-04-2025,Business,Bus,3,4375.52,5
TRIP13096,USER5350,Bangkok,26-09-2024,09-12-2024,Business,Flight,4,4073.97,8
TRIP13097,USER1857,Sydney,24-03-2024,19-03-2025,Family,Bus,4,946.31,6
TRIP13098,USER4386,London,18-11-2024,01-12-2024,Adventure,Bus,4,2443.94,9
TRIP13099,USER2159,Tokyo,11-08-2024,11-01-2025,Cultural,Train,1,3209.61,5
TRIP13100,USER4727,Dubai,19-03-2024,09-09-2024,Cultural,Bus,1,1631.27,2
TRIP13101,USER4191,Istanbul,01-02-2025,12-03-2025,Business,Bus,1,2227.17,2
TRIP13102,USER2245,Barcelona,23-02-2025,19-03-2025,Family,Car,5,1839.3,10
TRIP13103,USER1829,Rome,15-03-2025,17-03-2025,Beach,Flight,2,3168.83,5
TRIP13104,USER5332,Bangkok,09-10-2024,11-01-2025,Adventure,Cruise,2,4288.51,10
TRIP13105,USER2407,Paris,11-02-2025,17-03-2025,Family,Car,5,1474,5
TRIP13106,USER3983,Barcelona,28-11-2024,29-12-2024,Beach,Bus,3,4096.72,3
TRIP13107,USER1847,Rome,01-09-2024,14-03-2025,Leisure,Flight,4,1089.87,6
TRIP13108,USER6222,London,20-11-2024,26-02-2025,Family,Train,1,2500.12,9
TRIP13109,USER4007,Istanbul,26-10-2024,18-12-2024,Business,Train,2,529.14,4
TRIP13110,USER8042,Istanbul,21-05-2024,24-08-2024,Leisure,Bus,5,4548.85,9
TRIP13111,USER8238,Tokyo,31-07-2024,14-11-2024,Cultural,Bus,2,3358.08,7
TRIP13112,USER7427,Istanbul,25-03-2024,29-04-2024,Beach,Flight,4,1754.37,3
TRIP13113,USER6437,Barcelona,20-01-2025,11-04-2025,Family,Flight,5,559.98,8
TRIP13114,USER9221,Rome,31-12-2024,17-02-2025,Family,Car,1,599.79,4
TRIP13115,USER5009,Tokyo,18-07-2024,17-08-2024,Beach,Car,2,1944.01,6
TRIP13116,USER4854,Sydney,29-11-2024,10-03-2025,Business,Cruise,2,3344.93,8
TRIP13117,USER5935,Sydney,25-02-2025,12-03-2025,Business,Bus,1,1566.91,4
TRIP13118,USER7964,Rome,09-05-2024,15-03-2025,Cultural,Flight,1,2432.96,2
TRIP13119,USER3561,Istanbul,19-05-2024,01-01-2025,Family,Train,1,4061.75,6
TRIP13120,USER9904,Bangkok,31-08-2024,05-03-2025,Family,Flight,3,2327.76,6
TRIP13121,USER2987,Tokyo,04-07-2024,04-02-2025,Family,Flight,1,4536.44,4
TRIP13122,USER7007,Sydney,21-08-2024,22-03-2025,Cultural,Flight,5,588.2,3
TRIP13123,USER4776,Barcelona,03-03-2025,09-03-2025,Cultural,Cruise,4,2148.22,9
TRIP13124,USER4422,London,28-04-2024,22-01-2025,Business,Bus,3,1738.95,1
TRIP13126,USER3015,Paris,24-04-2024,07-07-2024,Beach,Car,3,2796.05,3
TRIP13127,USER5387,Rome,07-06-2024,17-02-2025,Business,Car,5,3699.95,9
TRIP13128,USER6056,Istanbul,19-11-2024,08-12-2024,Family,Car,2,4963.28,7
TRIP13129,USER2050,Rome,31-05-2024,18-08-2024,Cultural,Cruise,4,1886.67,2
TRIP13130,USER2769,Paris,18-02-2025,26-03-2025,Adventure,Car,2,2963.41,1
TRIP13131,USER5855,Istanbul,05-10-2024,20-10-2024,Family,Flight,2,4940.34,1
TRIP13132,USER1883,Paris,19-09-2024,14-12-2024,Cultural,Cruise,5,4247.42,10
TRIP13133,USER7016,Barcelona,18-07-2024,10-09-2024,Family,Car,5,1145.87,2
TRIP13134,USER7893,Sydney,19-04-2024,06-07-2024,Cultural,Cruise,3,3716.91,9
TRIP13135,USER7897,Dubai,11-09-2024,08-10-2024,Family,Cruise,4,1084.36,1
TRIP13136,USER3194,Rome,02-04-2024,27-05-2024,Family,Train,4,3540.71,8
TRIP13137,USER8295,Dubai,20-02-2025,11-04-2025,Cultural,Car,2,3181.63,4
TRIP13139,USER8922,Rome,28-08-2024,08-04-2025,Leisure,Flight,4,1744.98,9
TRIP13140,USER4360,London,20-10-2024,03-11-2024,Business,Train,2,2565.84,5
TRIP13141,USER7592,Paris,01-09-2024,09-09-2024,Beach,Flight,3,925.82,6
TRIP13142,USER5727,London,11-08-2024,22-10-2024,Business,Train,4,1992.34,9
TRIP13143,USER7422,Barcelona,27-08-2024,02-04-2025,Business,Flight,5,511.75,10
TRIP13144,USER5635,Rome,03-02-2025,19-03-2025,Cultural,Train,5,3269.68,4
TRIP13145,USER3884,Rome,10-10-2024,01-03-2025,Business,Flight,2,2329.64,4
TRIP13146,USER7680,Barcelona,23-03-2024,12-10-2024,Family,Bus,3,782.75,10
TRIP13147,USER5888,Tokyo,09-07-2024,12-07-2024,Cultural,Cruise,1,2951.81,1
TRIP13148,USER9667,Paris,21-03-2024,19-01-2025,Family,Cruise,2,3205.02,4
TRIP13149,USER3280,Barcelona,20-08-2024,30-11-2024,Cultural,Car,3,3925.53,4
TRIP13150,USER8455,New York,11-03-2025,31-03-2025,Beach,Bus,3,4119.96,2
TRIP13151,USER7131,Barcelona,23-10-2024,19-02-2025,Cultural,Train,3,4270.13,1
TRIP13152,USER4908,New York,04-05-2024,17-09-2024,Leisure,Train,1,526.25,2
TRIP13153,USER4323,Tokyo,07-04-2024,10-07-2024,Beach,Flight,5,1174.32,4
TRIP13154,USER1829,Bangkok,24-04-2024,24-03-2025,Beach,Cruise,3,4995.41,4
TRIP13155,USER4542,Bangkok,20-09-2024,08-12-2024,Business,Train,3,2842.38,3
TRIP13156,USER3539,Sydney,18-04-2024,01-05-2024,Beach,Flight,2,3041.11,3
TRIP13157,USER1564,Bangkok,14-12-2024,11-02-2025,Leisure,Flight,1,4343.91,2
TRIP13158,USER9546,Bangkok,08-03-2025,08-04-2025,Adventure,Car,1,2831.09,4
TRIP13159,USER6823,Tokyo,19-11-2024,29-11-2024,Leisure,Cruise,4,2487.73,1
TRIP13160,USER9718,Tokyo,08-01-2025,15-01-2025,Family,Car,4,790.64,5
TRIP13161,USER8385,Tokyo,21-10-2024,25-01-2025,Business,Cruise,3,886.24,5
TRIP13162,USER9767,Tokyo,12-11-2024,19-12-2024,Cultural,Cruise,3,4698.17,6
TRIP13163,USER3382,London,07-07-2024,13-02-2025,Beach,Car,5,2927.14,7
TRIP13164,USER3726,Sydney,22-09-2024,06-12-2024,Cultural,Car,3,640.04,2
TRIP13165,USER3002,Rome,20-06-2024,17-02-2025,Adventure,Train,3,1667.98,6
TRIP13166,USER4621,Barcelona,03-06-2024,31-07-2024,Cultural,Train,3,3734.09,4
TRIP13167,USER3195,London,16-06-2024,26-09-2024,Cultural,Flight,4,884.89,2
TRIP13168,USER9329,Rome,28-01-2025,12-03-2025,Beach,Car,3,658.7,1
TRIP13169,USER3453,Sydney,19-06-2024,26-06-2024,Leisure,Cruise,5,4358.26,7
TRIP13170,USER9382,Istanbul,26-12-2024,07-01-2025,Family,Car,4,2651.4,6
TRIP13171,USER8555,Bangkok,10-09-2024,17-12-2024,Family,Bus,3,2148.59,7
TRIP13172,USER1527,Rome,28-03-2024,15-01-2025,Cultural,Bus,5,1969.01,3
TRIP13173,USER5047,Barcelona,22-08-2024,06-10-2024,Family,Bus,1,1049.05,6
TRIP13174,USER1512,Bangkok,14-10-2024,01-11-2024,Business,Car,1,4228.53,9
TRIP13175,USER3931,Paris,29-12-2024,23-02-2025,Leisure,Train,3,1545.51,9
TRIP13176,USER6660,Tokyo,23-08-2024,27-02-2025,Beach,Bus,5,1134.98,6
TRIP13177,USER5412,Istanbul,24-07-2024,12-09-2024,Beach,Flight,2,2418.6,3
TRIP13178,USER3525,Istanbul,25-07-2024,23-03-2025,Business,Flight,1,2693.65,8
TRIP13179,USER3858,Sydney,20-08-2024,25-08-2024,Leisure,Train,1,2180.12,8
TRIP13180,USER1573,Bangkok,09-09-2024,23-02-2025,Adventure,Car,4,3874.86,3
TRIP13181,USER2737,Paris,06-10-2024,26-11-2024,Business,Car,2,2808.45,8
TRIP13182,USER1756,Sydney,27-12-2024,15-02-2025,Adventure,Train,1,2709.89,5
TRIP13183,USER9024,Sydney,28-05-2024,16-09-2024,Family,Flight,2,3278.23,9
TRIP13184,USER4547,Paris,23-12-2024,03-04-2025,Leisure,Cruise,4,4436.09,5
TRIP13185,USER1354,Barcelona,02-02-2025,26-03-2025,Business,Flight,4,2927.24,10
TRIP13186,USER6535,Barcelona,18-09-2024,07-03-2025,Cultural,Flight,4,3135.3,7
TRIP13187,USER8159,Bangkok,04-04-2024,02-01-2025,Business,Bus,5,3825.85,8
TRIP13188,USER5193,Tokyo,29-09-2024,27-01-2025,Beach,Train,4,2224.54,7
TRIP13189,USER5131,Dubai,28-06-2024,03-03-2025,Beach,Train,5,1915.27,8
TRIP13190,USER4980,Bangkok,09-12-2024,03-04-2025,Cultural,Car,5,1818.12,3
TRIP13191,USER4074,Paris,13-12-2024,27-01-2025,Business,Cruise,4,2128.15,4
TRIP13192,USER4996,Paris,21-07-2024,02-10-2024,Beach,Train,4,4814.18,7
TRIP13193,USER8749,Barcelona,02-12-2024,06-12-2024,Family,Flight,5,721.27,7
TRIP13194,USER1424,Sydney,25-11-2024,11-04-2025,Family,Flight,3,1504.97,9
TRIP13195,USER5461,Barcelona,23-01-2025,24-03-2025,Family,Cruise,1,564.97,6
TRIP13196,USER5906,London,15-09-2024,15-02-2025,Business,Flight,2,4320.65,8
TRIP13197,USER1311,Istanbul,04-08-2024,18-03-2025,Adventure,Flight,3,3515.16,6
TRIP13198,USER7776,Dubai,14-09-2024,11-03-2025,Leisure,Cruise,3,2456.98,2
TRIP13199,USER3655,Bangkok,09-11-2024,17-12-2024,Beach,Cruise,2,4996.12,10
TRIP13200,USER4649,Rome,05-09-2024,10-12-2024,Family,Train,1,2246.68,6
TRIP13201,USER6195,Dubai,26-09-2024,02-10-2024,Family,Flight,1,2243.46,8
TRIP13202,USER4277,Dubai,22-04-2024,17-01-2025,Family,Bus,2,2657.15,8
TRIP13203,USER4232,Tokyo,02-01-2025,02-01-2025,Cultural,Car,1,841.26,3
TRIP13204,USER5138,Paris,24-11-2024,04-03-2025,Business,Bus,5,3119.52,6
TRIP13205,USER9695,Rome,25-07-2024,22-03-2025,Family,Bus,2,1087.49,9
TRIP13206,USER9003,Paris,14-09-2024,30-10-2024,Family,Cruise,5,2127.67,9
TRIP13207,USER5672,Sydney,30-03-2024,28-02-2025,Family,Train,1,3515.06,8
TRIP13208,USER5470,Bangkok,13-04-2024,27-03-2025,Adventure,Car,3,3697.19,9
TRIP13209,USER1236,Dubai,07-07-2024,21-03-2025,Adventure,Cruise,4,4290.74,1
TRIP13210,USER6108,Sydney,08-01-2025,16-02-2025,Business,Cruise,3,4393.49,1
TRIP13211,USER3564,New York,16-11-2024,29-12-2024,Leisure,Car,3,1604.49,6
TRIP13212,USER9870,Paris,16-03-2025,27-03-2025,Leisure,Car,1,3155.35,8
TRIP13213,USER3956,Barcelona,29-05-2024,19-08-2024,Beach,Car,1,2545.41,10
TRIP13214,USER7635,Rome,24-03-2024,25-11-2024,Cultural,Flight,1,2921.41,7
TRIP13215,USER6233,Rome,21-06-2024,28-01-2025,Business,Train,1,677.42,7
TRIP13216,USER6141,Paris,04-12-2024,03-02-2025,Family,Cruise,3,2384.14,3
TRIP13217,USER9284,Bangkok,11-09-2024,12-03-2025,Adventure,Flight,5,3225.22,7
TRIP13218,USER8943,Tokyo,15-12-2024,22-01-2025,Beach,Flight,1,4950.08,3
TRIP13219,USER4051,Istanbul,09-05-2024,03-09-2024,Beach,Car,1,4415.76,9
TRIP13220,USER3833,Istanbul,20-12-2024,12-03-2025,Family,Cruise,5,3586.45,4
TRIP13221,USER2091,Paris,14-05-2024,01-02-2025,Leisure,Car,5,2336.03,7
TRIP13222,USER7875,Rome,25-01-2025,06-03-2025,Family,Bus,3,2940.4,10
TRIP13223,USER8173,Sydney,30-06-2024,18-12-2024,Family,Cruise,2,2408.72,9
TRIP13224,USER6401,Istanbul,24-06-2024,05-01-2025,Beach,Flight,1,522.22,1
TRIP13225,USER9584,Paris,08-08-2024,08-03-2025,Beach,Car,2,3309.83,2
TRIP13226,USER7387,Rome,04-11-2024,10-02-2025,Leisure,Flight,5,2644.51,2
TRIP13227,USER6181,Dubai,16-04-2024,18-09-2024,Leisure,Car,4,3713.54,5
TRIP13228,USER8845,New York,14-05-2024,31-10-2024,Family,Train,5,4496.24,7
TRIP13229,USER7429,Paris,26-04-2024,08-05-2024,Family,Cruise,2,1081.27,9
TRIP13230,USER6838,Rome,20-04-2024,17-11-2024,Beach,Cruise,4,2864.26,6
TRIP13231,USER4478,Istanbul,18-02-2025,09-03-2025,Family,Flight,5,4479.89,1
TRIP13232,USER4353,Rome,15-11-2024,21-11-2024,Adventure,Car,2,554.46,7
TRIP13233,USER6186,Barcelona,29-10-2024,12-11-2024,Adventure,Car,1,4562.95,8
TRIP13234,USER4437,Bangkok,04-04-2024,26-10-2024,Family,Flight,5,3692.63,10
TRIP13235,USER8595,London,12-05-2024,06-12-2024,Cultural,Bus,5,736.57,8
TRIP13236,USER1708,Dubai,15-03-2025,15-03-2025,Family,Car,5,2391.34,4
TRIP13237,USER6939,Sydney,04-08-2024,20-09-2024,Business,Bus,4,2784.76,5
TRIP13238,USER3105,Paris,11-11-2024,27-01-2025,Adventure,Flight,4,1797.73,9
TRIP13239,USER6836,Istanbul,14-10-2024,10-11-2024,Beach,Bus,3,2956.55,6
TRIP13240,USER1880,Sydney,11-04-2024,23-06-2024,Beach,Train,1,2071.2,5
TRIP13241,USER3447,New York,13-01-2025,14-04-2025,Cultural,Cruise,4,4157.53,2
TRIP13242,USER6535,London,25-10-2024,17-01-2025,Beach,Bus,1,3681.62,7
TRIP13243,USER1800,Istanbul,08-07-2024,18-12-2024,Family,Bus,4,4872.66,10
TRIP13244,USER5951,London,29-05-2024,30-05-2024,Leisure,Bus,4,4322.93,7
TRIP13245,USER3765,Paris,04-06-2024,27-07-2024,Adventure,Car,1,4775.55,4
TRIP13246,USER1142,Dubai,14-03-2025,03-04-2025,Cultural,Car,3,1745.72,1
TRIP13247,USER1885,Istanbul,19-04-2024,01-10-2024,Leisure,Bus,3,3362.22,1
TRIP13248,USER6254,London,08-09-2024,05-01-2025,Leisure,Car,1,1956.21,2
TRIP13249,USER1567,Tokyo,06-05-2024,21-05-2024,Beach,Train,1,3831.2,4
TRIP13250,USER3257,London,02-06-2024,17-07-2024,Family,Flight,2,2278.39,1
TRIP13251,USER1018,London,18-03-2024,07-12-2024,Family,Bus,5,1341.65,9
TRIP13252,USER1463,Barcelona,09-09-2024,16-09-2024,Cultural,Car,1,2486.82,7
TRIP13253,USER1623,Rome,01-07-2024,23-03-2025,Beach,Bus,2,3322.2,1
TRIP13254,USER1942,Tokyo,21-02-2025,27-02-2025,Leisure,Train,3,996.63,9
TRIP13255,USER2164,Rome,04-04-2024,05-08-2024,Leisure,Car,2,3486.22,5
TRIP13256,USER6299,Tokyo,18-03-2024,28-04-2024,Adventure,Cruise,4,2544.92,8
TRIP13257,USER3239,Sydney,02-09-2024,03-03-2025,Business,Bus,2,2622.93,7
TRIP13258,USER8928,Sydney,05-11-2024,11-12-2024,Business,Train,1,751.64,2
TRIP13259,USER8507,Istanbul,08-08-2024,14-10-2024,Adventure,Bus,2,1493.48,1
TRIP13260,USER5120,Bangkok,06-07-2024,27-02-2025,Leisure,Cruise,3,1942.6,6
TRIP13261,USER8338,London,30-03-2024,08-06-2024,Beach,Cruise,4,1207.24,6
TRIP13262,USER4030,Bangkok,18-09-2024,20-03-2025,Leisure,Car,5,4930.67,10
TRIP13263,USER8122,London,06-07-2024,25-08-2024,Cultural,Cruise,4,4950.01,7
TRIP13264,USER2507,Tokyo,22-02-2025,03-04-2025,Cultural,Car,4,4860.24,7
TRIP13265,USER5403,London,12-11-2024,26-12-2024,Adventure,Car,2,4275.32,10
TRIP13266,USER7342,Rome,29-11-2024,17-01-2025,Family,Train,2,4600.04,2
TRIP13267,USER5736,Bangkok,24-04-2024,25-06-2024,Adventure,Cruise,5,2050.7,5
TRIP13268,USER7292,Rome,13-07-2024,15-08-2024,Cultural,Cruise,4,1176.5,1
TRIP13269,USER7567,Sydney,12-07-2024,24-09-2024,Leisure,Flight,5,3004.29,10
TRIP13270,USER3592,Paris,10-04-2024,30-01-2025,Adventure,Flight,5,2358.71,3
TRIP13271,USER5931,Dubai,20-05-2024,10-04-2025,Business,Flight,3,1968.03,2
TRIP13272,USER1268,Tokyo,25-03-2024,21-04-2024,Cultural,Cruise,4,2600.59,6
TRIP13273,USER7483,Barcelona,16-11-2024,31-01-2025,Beach,Cruise,1,4903.61,9
TRIP13274,USER2909,London,24-08-2024,25-10-2024,Family,Car,3,3304.33,1
TRIP13275,USER2634,Bangkok,15-06-2024,26-03-2025,Leisure,Car,3,2013.25,8
TRIP13276,USER5214,Paris,17-09-2024,25-01-2025,Adventure,Cruise,3,4838.01,10
TRIP13277,USER3829,Dubai,09-07-2024,19-03-2025,Adventure,Car,4,1095.79,1
TRIP13278,USER9843,New York,09-05-2024,01-02-2025,Cultural,Flight,4,3199.75,3
TRIP13279,USER2895,New York,13-03-2025,15-03-2025,Adventure,Train,5,1766.43,7
TRIP13280,USER2114,Rome,14-01-2025,27-01-2025,Business,Bus,4,559.64,5
TRIP13281,USER3710,Bangkok,20-03-2024,29-10-2024,Beach,Train,4,716.56,10
TRIP13282,USER3077,New York,02-08-2024,05-11-2024,Business,Car,3,2281.08,8
TRIP13283,USER5698,Sydney,02-12-2024,04-12-2024,Leisure,Train,3,2873.02,1
TRIP13284,USER5390,New York,28-03-2024,04-02-2025,Cultural,Flight,1,3770.1,3
TRIP13285,USER1968,London,27-01-2025,09-04-2025,Adventure,Cruise,4,4722.68,6
TRIP13286,USER1026,New York,07-03-2025,06-04-2025,Beach,Cruise,5,4840.67,4
TRIP13287,USER2687,Istanbul,28-01-2025,10-03-2025,Beach,Car,4,3382.92,6
TRIP13288,USER7053,Paris,05-08-2024,02-04-2025,Business,Car,3,2200.23,2
TRIP13289,USER7621,Bangkok,11-11-2024,02-02-2025,Business,Car,1,1794.56,1
TRIP13290,USER4525,New York,10-09-2024,14-11-2024,Leisure,Cruise,4,2786.39,4
TRIP13291,USER4614,Paris,13-10-2024,25-11-2024,Leisure,Cruise,3,1975.5,10
TRIP13292,USER8771,Sydney,12-12-2024,20-03-2025,Leisure,Cruise,4,3340.77,4
TRIP13293,USER8386,Tokyo,12-08-2024,02-01-2025,Adventure,Train,4,4649.65,10
TRIP13294,USER2045,London,21-05-2024,31-03-2025,Leisure,Cruise,4,1485.16,2
TRIP13295,USER7232,Sydney,18-12-2024,26-01-2025,Adventure,Train,3,1627.16,1
TRIP13296,USER9563,Paris,25-07-2024,16-08-2024,Adventure,Flight,2,1904.84,5
TRIP13297,USER9606,Barcelona,14-10-2024,20-03-2025,Cultural,Flight,4,1627.62,10
TRIP13298,USER9964,London,16-02-2025,14-04-2025,Cultural,Bus,4,4299.14,1
TRIP13299,USER9910,Sydney,02-05-2024,19-08-2024,Beach,Train,5,4333.78,5
TRIP13300,USER6415,Barcelona,24-04-2024,10-03-2025,Business,Flight,4,601.8,2
TRIP13301,USER5571,London,30-11-2024,18-12-2024,Family,Train,5,791.75,6
TRIP13302,USER9476,Paris,20-09-2024,02-02-2025,Beach,Cruise,5,3564.66,9
TRIP13303,USER8975,New York,19-04-2024,21-10-2024,Adventure,Train,2,2878.03,1
TRIP13304,USER9266,Paris,24-05-2024,22-02-2025,Adventure,Bus,1,3325.44,9
TRIP13305,USER2713,Rome,08-10-2024,10-03-2025,Leisure,Train,5,838.96,3
TRIP13306,USER4366,New York,09-11-2024,12-11-2024,Family,Train,1,4097.53,2
TRIP13307,USER6076,Tokyo,20-07-2024,11-09-2024,Beach,Bus,5,795.24,8
TRIP13308,USER3848,Rome,06-01-2025,07-02-2025,Beach,Cruise,4,3685.18,5
TRIP13309,USER7254,Bangkok,08-06-2024,26-12-2024,Beach,Bus,1,3944.88,8
TRIP13310,USER8166,Paris,03-08-2024,06-10-2024,Leisure,Car,5,2746.2,6
TRIP13311,USER1053,London,11-05-2024,03-01-2025,Beach,Cruise,1,1485.1,6
TRIP13312,USER3205,Paris,25-05-2024,08-10-2024,Leisure,Train,5,1073.58,4
TRIP13313,USER9635,Paris,21-02-2025,11-04-2025,Leisure,Flight,4,4778.1,6
TRIP13314,USER9431,Sydney,11-10-2024,21-12-2024,Adventure,Flight,5,2922.17,1
TRIP13315,USER4157,Barcelona,16-04-2024,16-03-2025,Adventure,Flight,1,1945.87,1
TRIP13316,USER6468,New York,23-06-2024,14-12-2024,Cultural,Flight,4,1238.43,9
TRIP13317,USER1866,Dubai,14-11-2024,18-12-2024,Adventure,Car,4,2961.49,1
TRIP13318,USER6098,Paris,06-03-2025,03-04-2025,Family,Cruise,3,1705.76,4
TRIP13319,USER4542,Tokyo,16-11-2024,25-11-2024,Adventure,Flight,5,4096.03,10
TRIP13320,USER4750,New York,13-12-2024,12-03-2025,Cultural,Car,1,1641.32,2
TRIP13321,USER1312,Tokyo,29-05-2024,15-03-2025,Adventure,Cruise,4,4070.22,6
TRIP13322,USER8638,London,29-12-2024,29-12-2024,Family,Car,2,2378.48,5
TRIP13323,USER8989,Bangkok,04-04-2024,12-05-2024,Adventure,Car,2,4437.21,6
TRIP13324,USER6071,New York,12-11-2024,14-11-2024,Adventure,Cruise,3,2071.59,8
TRIP13325,USER9772,Paris,06-03-2025,27-03-2025,Family,Car,4,695.57,5
TRIP13326,USER8356,New York,30-05-2024,26-11-2024,Adventure,Bus,3,1570.48,3
TRIP13327,USER3036,Sydney,21-12-2024,06-03-2025,Family,Flight,2,2096.19,10
TRIP13328,USER5067,Barcelona,16-09-2024,30-09-2024,Cultural,Flight,4,2857.08,3
TRIP13329,USER9880,Bangkok,11-11-2024,17-12-2024,Adventure,Train,2,4740.28,2
TRIP13330,USER8261,Dubai,18-11-2024,06-12-2024,Cultural,Bus,5,568,7
TRIP13331,USER2346,Sydney,28-12-2024,29-12-2024,Cultural,Bus,4,708.25,7
TRIP13332,USER1383,Dubai,10-11-2024,19-11-2024,Family,Cruise,5,3042.72,10
TRIP13333,USER8850,Dubai,03-06-2024,02-01-2025,Leisure,Car,5,634.45,7
TRIP13334,USER1539,Dubai,24-05-2024,24-07-2024,Family,Car,1,1932.4,8
TRIP13335,USER1399,Dubai,01-05-2024,29-05-2024,Leisure,Flight,5,2076.36,9
TRIP13336,USER3372,Dubai,09-05-2024,10-04-2025,Beach,Flight,2,4652.08,2
TRIP13337,USER4480,Tokyo,11-03-2025,28-03-2025,Beach,Bus,3,2556.88,1
TRIP13338,USER5178,Rome,11-06-2024,08-03-2025,Business,Bus,3,2670.9,4
TRIP13339,USER6887,Dubai,03-02-2025,10-03-2025,Beach,Flight,4,1709.67,10
TRIP13340,USER6141,Rome,14-02-2025,05-03-2025,Business,Flight,4,3732.76,2
TRIP13341,USER1351,Sydney,24-09-2024,22-12-2024,Adventure,Train,1,4564.4,10
TRIP13342,USER4105,Bangkok,23-11-2024,08-02-2025,Cultural,Car,1,629.95,7
TRIP13343,USER7100,Bangkok,20-03-2024,27-04-2024,Adventure,Flight,1,3953.64,7
TRIP13344,USER5651,Bangkok,14-07-2024,30-09-2024,Beach,Cruise,3,3869.57,4
TRIP13345,USER4365,Rome,18-07-2024,13-12-2024,Cultural,Car,2,1495.45,4
TRIP13346,USER8061,New York,12-01-2025,05-02-2025,Leisure,Bus,3,3069.26,5
TRIP13347,USER1656,Dubai,19-12-2024,18-03-2025,Beach,Train,3,2608.79,3
TRIP13348,USER7641,London,30-11-2024,26-12-2024,Beach,Train,1,1812.64,8
TRIP13349,USER3305,London,29-12-2024,25-03-2025,Leisure,Car,5,952.48,7
TRIP13350,USER3062,Rome,16-12-2024,07-03-2025,Cultural,Car,2,3801.11,6
TRIP13351,USER9154,Istanbul,07-02-2025,30-03-2025,Business,Cruise,3,1049.99,5
TRIP13352,USER9904,New York,21-10-2024,28-11-2024,Cultural,Car,4,1341.24,5
TRIP13353,USER6442,Sydney,15-02-2025,13-04-2025,Leisure,Bus,5,2011.54,1
TRIP13354,USER9363,Sydney,23-05-2024,30-05-2024,Leisure,Train,4,3031.9,3
TRIP13355,USER2206,Rome,26-01-2025,15-04-2025,Adventure,Bus,4,3985.91,6
TRIP13357,USER9034,Rome,20-12-2024,27-03-2025,Family,Bus,2,1863,10
TRIP13358,USER2583,Bangkok,28-04-2024,06-01-2025,Adventure,Flight,4,4840.65,10
TRIP13359,USER3248,Istanbul,21-11-2024,26-03-2025,Beach,Bus,1,3659.95,4
TRIP13360,USER2036,Sydney,16-07-2024,12-03-2025,Adventure,Cruise,1,2836.25,8
TRIP13361,USER2223,Barcelona,08-06-2024,14-02-2025,Business,Cruise,3,697.34,10
TRIP13362,USER9172,London,05-12-2024,18-12-2024,Business,Car,4,1703.58,9
TRIP13363,USER8672,Tokyo,15-02-2025,03-04-2025,Cultural,Train,5,660.79,7
TRIP13365,USER8385,London,01-02-2025,25-02-2025,Cultural,Bus,3,4989.75,5
TRIP13366,USER7370,Istanbul,27-01-2025,27-03-2025,Leisure,Bus,5,4027.47,6
TRIP13367,USER2578,Paris,28-09-2024,16-11-2024,Family,Cruise,2,3133.85,1
TRIP13368,USER5587,Rome,01-11-2024,29-11-2024,Business,Car,5,3380.62,1
TRIP13369,USER5487,Bangkok,18-10-2024,07-03-2025,Family,Bus,5,1649.41,8
TRIP13370,USER3220,Istanbul,07-08-2024,12-09-2024,Beach,Car,4,1346.12,3
TRIP13371,USER1057,Rome,10-01-2025,22-02-2025,Beach,Cruise,3,1997.92,6
TRIP13372,USER6752,Barcelona,04-12-2024,26-12-2024,Cultural,Car,2,4098.44,10
TRIP13373,USER4860,Rome,29-01-2025,16-02-2025,Beach,Train,5,541.9,4
TRIP13374,USER5975,Barcelona,19-08-2024,05-11-2024,Beach,Car,2,4275.52,4
TRIP13375,USER3492,London,13-09-2024,19-02-2025,Business,Flight,4,4362.49,8
TRIP13376,USER8562,Barcelona,03-09-2024,15-02-2025,Adventure,Flight,1,2834.12,9
TRIP13377,USER4397,Paris,29-01-2025,30-03-2025,Business,Car,1,2566.27,5
TRIP13378,USER1718,Barcelona,10-03-2025,13-03-2025,Family,Cruise,5,3042.73,3
TRIP13379,USER6469,Paris,18-01-2025,08-03-2025,Cultural,Flight,2,2009.18,3
TRIP13380,USER7518,London,18-08-2024,25-08-2024,Adventure,Train,1,2534.93,5
TRIP13381,USER5924,Bangkok,13-12-2024,20-12-2024,Business,Cruise,2,2180.4,6
TRIP13382,USER8074,Bangkok,19-03-2024,08-05-2024,Leisure,Bus,2,3916.48,9
TRIP13383,USER2314,Paris,25-07-2024,25-11-2024,Family,Car,3,670.08,2
TRIP13384,USER4558,Tokyo,28-09-2024,05-03-2025,Leisure,Car,2,4603.55,5
TRIP13385,USER4954,Bangkok,25-04-2024,23-10-2024,Adventure,Bus,4,3910.89,10
TRIP13386,USER8169,Dubai,05-05-2024,14-12-2024,Leisure,Train,4,543.43,10
TRIP13387,USER9960,Rome,27-09-2024,28-03-2025,Family,Car,1,3503.12,10
TRIP13388,USER4207,London,16-09-2024,27-01-2025,Leisure,Bus,3,4351.47,8
TRIP13389,USER8325,Istanbul,19-10-2024,19-12-2024,Adventure,Bus,2,583.41,9
TRIP13390,USER2310,Bangkok,19-01-2025,25-03-2025,Leisure,Bus,3,1790.87,3
TRIP13391,USER3424,Barcelona,25-01-2025,11-02-2025,Cultural,Car,5,4942.82,4
TRIP13392,USER2478,Bangkok,08-10-2024,14-03-2025,Leisure,Train,2,4301.26,3
TRIP13393,USER1107,Rome,15-06-2024,17-10-2024,Business,Cruise,3,3092.43,5
TRIP13394,USER7311,Paris,25-10-2024,03-02-2025,Cultural,Car,5,827.51,10
TRIP13395,USER7283,Bangkok,06-01-2025,03-04-2025,Business,Car,1,1276.75,6
TRIP13396,USER2131,Rome,21-12-2024,09-02-2025,Adventure,Car,4,4387.13,2
TRIP13397,USER1627,Sydney,05-08-2024,25-01-2025,Beach,Train,3,2170.74,5
TRIP13398,USER7618,Bangkok,26-12-2024,03-04-2025,Family,Cruise,3,4371.39,8
TRIP13399,USER7310,Rome,09-11-2024,13-01-2025,Family,Flight,2,3333.89,6
TRIP13400,USER6418,Sydney,27-11-2024,09-04-2025,Family,Cruise,4,534.42,9
TRIP13401,USER3645,New York,03-04-2024,04-03-2025,Beach,Bus,5,1938.66,9
TRIP13402,USER9634,Paris,25-07-2024,27-09-2024,Family,Cruise,3,2092.04,4
TRIP13403,USER3136,Bangkok,18-06-2024,12-04-2025,Adventure,Flight,3,4557.85,7
TRIP13404,USER9890,Dubai,07-06-2024,03-09-2024,Leisure,Car,2,2090.81,8
TRIP13405,USER5703,Rome,19-07-2024,26-07-2024,Business,Bus,5,2327.45,1
TRIP13406,USER4760,Barcelona,22-08-2024,07-04-2025,Family,Flight,5,531.59,8
TRIP13407,USER2608,Dubai,24-05-2024,01-01-2025,Cultural,Car,4,2920.89,3
TRIP13408,USER3786,Sydney,31-05-2024,20-11-2024,Leisure,Car,1,3526.84,10
TRIP13409,USER2945,Barcelona,05-09-2024,27-02-2025,Adventure,Flight,2,3131.03,2
TRIP13410,USER9931,Istanbul,20-02-2025,11-04-2025,Beach,Car,4,961.77,6
TRIP13411,USER4395,Bangkok,12-01-2025,28-01-2025,Leisure,Flight,4,3257.12,8
TRIP13412,USER3120,London,15-12-2024,20-01-2025,Cultural,Flight,2,3173.18,8
TRIP13413,USER5185,New York,18-04-2024,20-10-2024,Beach,Train,5,2065.93,9
TRIP13414,USER5092,New York,23-03-2024,19-05-2024,Business,Cruise,2,996.6,7
TRIP13415,USER4453,Tokyo,02-10-2024,30-01-2025,Leisure,Train,2,3726.71,8
TRIP13416,USER9085,Bangkok,30-05-2024,02-02-2025,Leisure,Flight,2,1389.85,3
TRIP13417,USER7131,Tokyo,24-11-2024,08-04-2025,Beach,Car,5,3783.16,6
TRIP13418,USER3494,Dubai,19-08-2024,29-08-2024,Cultural,Train,3,1092.53,3
TRIP13419,USER7530,New York,18-03-2024,13-10-2024,Beach,Flight,1,1616.76,3
TRIP13421,USER2840,Istanbul,15-09-2024,31-10-2024,Beach,Train,2,3270.99,3
TRIP13422,USER6710,London,20-10-2024,13-01-2025,Beach,Car,2,2693.24,3
TRIP13423,USER4706,Barcelona,10-10-2024,20-03-2025,Cultural,Flight,4,4590.45,8
TRIP13424,USER5590,Dubai,21-08-2024,29-01-2025,Leisure,Bus,2,3609.25,2
TRIP13425,USER7899,Istanbul,31-10-2024,12-03-2025,Adventure,Cruise,4,576.74,1
TRIP13426,USER6065,Sydney,17-12-2024,25-02-2025,Beach,Car,1,3364.69,2
TRIP13427,USER4276,New York,06-06-2024,25-02-2025,Adventure,Cruise,5,608.59,3
TRIP13428,USER9583,Istanbul,04-05-2024,12-08-2024,Adventure,Flight,5,751.94,9
TRIP13429,USER4727,Rome,15-02-2025,22-03-2025,Leisure,Cruise,3,2294.14,1
TRIP13430,USER8364,Paris,16-04-2024,26-06-2024,Cultural,Car,5,4895.19,1
TRIP13431,USER1311,New York,20-08-2024,03-09-2024,Family,Flight,5,1164.04,2
TRIP13432,USER7309,Tokyo,04-01-2025,11-02-2025,Cultural,Cruise,4,3797.55,4
TRIP13433,USER5363,Dubai,03-09-2024,01-10-2024,Beach,Cruise,5,1100.92,8
TRIP13434,USER7963,Paris,23-02-2025,25-02-2025,Cultural,Flight,3,2829.28,9
TRIP13435,USER2594,New York,21-03-2024,20-03-2025,Leisure,Flight,1,1824.45,1
TRIP13436,USER1363,New York,20-08-2024,23-10-2024,Adventure,Flight,5,1298.56,4
TRIP13437,USER7451,Sydney,28-08-2024,06-01-2025,Beach,Car,3,2322.82,6
TRIP13438,USER2635,Rome,13-01-2025,23-02-2025,Beach,Train,2,1132.31,2
TRIP13439,USER1943,Tokyo,11-11-2024,04-03-2025,Cultural,Flight,3,2461.22,1
TRIP13440,USER4503,New York,20-07-2024,20-12-2024,Adventure,Cruise,5,4802.03,7
TRIP13441,USER5669,Paris,09-04-2024,17-03-2025,Beach,Flight,2,2936.23,10
TRIP13442,USER5414,Paris,29-09-2024,13-03-2025,Family,Bus,2,908.77,5
TRIP13443,USER2076,Paris,09-08-2024,15-02-2025,Adventure,Cruise,1,2050.2,4
TRIP13444,USER9475,London,12-02-2025,15-04-2025,Beach,Cruise,4,2839.72,4
TRIP13445,USER4822,Paris,26-08-2024,01-12-2024,Family,Cruise,1,3953.57,2
TRIP13446,USER3818,Istanbul,23-06-2024,29-01-2025,Leisure,Car,2,4361.59,7
TRIP13447,USER1863,Dubai,05-03-2025,04-04-2025,Beach,Car,4,3958.94,1
TRIP13448,USER5976,New York,13-07-2024,08-02-2025,Cultural,Bus,4,1553.1,8
TRIP13449,USER2757,London,22-02-2025,01-04-2025,Beach,Car,3,2974.35,9
TRIP13450,USER1354,Tokyo,18-01-2025,28-01-2025,Cultural,Cruise,5,2545.21,7
TRIP13451,USER7649,Istanbul,11-12-2024,05-03-2025,Cultural,Cruise,3,4712.44,10
TRIP13452,USER3431,New York,09-11-2024,30-11-2024,Cultural,Bus,4,2869.02,4
TRIP13453,USER5452,New York,21-02-2025,04-04-2025,Business,Train,1,4748.78,10
TRIP13454,USER5311,New York,25-04-2024,11-02-2025,Leisure,Car,1,4183.54,4
TRIP13455,USER9278,Sydney,05-09-2024,23-11-2024,Beach,Car,2,2575.46,10
TRIP13456,USER5720,Istanbul,13-11-2024,06-12-2024,Family,Cruise,2,1389.56,5
TRIP13457,USER3324,Barcelona,09-07-2024,11-04-2025,Family,Car,1,2716.55,7
TRIP13458,USER3822,Sydney,12-06-2024,14-12-2024,Business,Cruise,2,3895.14,3
TRIP13459,USER5136,Tokyo,06-12-2024,03-03-2025,Beach,Cruise,4,4771.17,9
TRIP13460,USER4344,Paris,23-06-2024,21-09-2024,Adventure,Bus,1,2741.14,2
TRIP13461,USER7119,Sydney,24-07-2024,31-03-2025,Business,Train,2,4361.76,6
TRIP13462,USER5427,Barcelona,17-03-2024,19-03-2025,Business,Flight,2,2843.57,1
TRIP13463,USER4110,Sydney,16-02-2025,15-04-2025,Beach,Car,2,4770.1,1
TRIP13464,USER9341,London,13-10-2024,05-02-2025,Leisure,Car,5,3383.04,7
TRIP13465,USER5642,New York,21-01-2025,01-02-2025,Family,Bus,2,2532.66,7
TRIP13466,USER2956,London,12-03-2025,06-04-2025,Business,Train,2,3815.25,5
TRIP13467,USER8188,Bangkok,27-01-2025,03-03-2025,Adventure,Train,4,1984.93,1
TRIP13468,USER8959,Paris,19-01-2025,07-04-2025,Beach,Cruise,1,3312.32,4
TRIP13469,USER4032,Rome,21-08-2024,29-01-2025,Leisure,Cruise,1,701.91,2
TRIP13470,USER1535,Dubai,23-12-2024,15-03-2025,Business,Cruise,3,4495.16,7
TRIP13471,USER1815,Tokyo,09-02-2025,17-02-2025,Beach,Train,3,2558.09,8
TRIP13472,USER5335,Sydney,08-05-2024,28-11-2024,Business,Flight,1,1191.58,3
TRIP13473,USER9924,Rome,27-12-2024,24-01-2025,Adventure,Bus,5,2626.91,1
TRIP13474,USER8369,Tokyo,11-03-2025,14-04-2025,Beach,Cruise,2,3411.02,8
TRIP13475,USER5850,Istanbul,19-01-2025,05-03-2025,Beach,Train,1,2518.1,4
TRIP13476,USER8022,Barcelona,01-01-2025,07-02-2025,Beach,Cruise,3,2959.26,8
TRIP13477,USER7498,Tokyo,01-06-2024,02-02-2025,Beach,Train,2,534.39,2
TRIP13478,USER5406,Paris,15-09-2024,13-12-2024,Adventure,Cruise,2,3093.06,7
TRIP13479,USER6563,Tokyo,10-11-2024,27-03-2025,Business,Cruise,4,3140.9,2
TRIP13480,USER7469,Istanbul,06-04-2024,15-04-2025,Leisure,Cruise,5,4221.19,10
TRIP13481,USER7090,Tokyo,25-10-2024,19-02-2025,Beach,Bus,4,4393.52,7
TRIP13482,USER7117,Paris,11-02-2025,24-03-2025,Adventure,Train,3,4713.46,10
TRIP13483,USER2594,Tokyo,22-10-2024,30-01-2025,Adventure,Train,3,1645.93,3
TRIP13484,USER2028,Sydney,24-09-2024,28-09-2024,Family,Cruise,5,818.06,6
TRIP13485,USER9322,London,08-02-2025,05-03-2025,Leisure,Bus,4,2556.26,1
TRIP13486,USER8748,Bangkok,06-04-2024,25-01-2025,Leisure,Car,5,1227.25,9
TRIP13487,USER9050,Barcelona,12-10-2024,29-11-2024,Cultural,Train,4,3149.72,1
TRIP13488,USER3320,London,29-07-2024,30-08-2024,Family,Cruise,4,4776.15,2
TRIP13489,USER7328,Tokyo,07-08-2024,12-08-2024,Cultural,Bus,1,4806.41,2
TRIP13490,USER1553,Tokyo,19-04-2024,03-08-2024,Business,Flight,4,4494.65,4
TRIP13491,USER7750,Istanbul,11-04-2024,18-04-2024,Business,Flight,4,3864.16,9
TRIP13492,USER8934,Dubai,08-05-2024,01-01-2025,Leisure,Flight,5,4445.48,4
TRIP13493,USER5027,Sydney,06-07-2024,15-02-2025,Beach,Flight,4,2967.62,9
TRIP13494,USER5130,Barcelona,05-11-2024,08-03-2025,Beach,Car,4,4949.99,3
TRIP13495,USER4888,Paris,15-04-2024,29-08-2024,Business,Flight,2,635.16,2
TRIP13496,USER3109,Paris,03-04-2024,30-07-2024,Beach,Bus,5,3858.55,7
TRIP13497,USER9993,Sydney,13-12-2024,23-12-2024,Adventure,Bus,5,3825.45,10
TRIP13498,USER5929,Dubai,14-02-2025,13-04-2025,Family,Flight,3,2381.54,6
TRIP13499,USER3312,New York,04-03-2025,28-03-2025,Business,Bus,2,1634.96,1
TRIP13500,USER4929,Dubai,17-05-2024,09-10-2024,Beach,Car,2,1352.76,9
TRIP13501,USER6006,London,25-06-2024,05-01-2025,Cultural,Cruise,4,4120.28,5
TRIP13502,USER2263,London,10-01-2025,03-03-2025,Adventure,Bus,5,3392.93,2
TRIP13503,USER2509,Rome,14-03-2025,10-04-2025,Business,Train,3,2805.45,3
TRIP13504,USER9020,Sydney,15-08-2024,29-12-2024,Family,Bus,1,3296.87,9
TRIP13505,USER8916,Barcelona,19-10-2024,09-03-2025,Family,Flight,4,3066.76,1
TRIP13506,USER8967,Sydney,01-08-2024,30-10-2024,Cultural,Car,1,3366.8,6
TRIP13507,USER3724,Rome,26-03-2024,06-03-2025,Cultural,Car,5,1691.97,5
TRIP13508,USER3399,New York,11-11-2024,19-11-2024,Cultural,Train,3,4900.6,7
TRIP13509,USER7150,Rome,12-11-2024,12-02-2025,Adventure,Train,3,1983.2,8
TRIP13510,USER5829,Paris,03-12-2024,15-12-2024,Family,Train,4,3700.2,9
TRIP13511,USER1092,Bangkok,22-05-2024,25-05-2024,Cultural,Bus,4,3983.11,5
TRIP13512,USER8004,Barcelona,14-12-2024,01-04-2025,Business,Bus,4,2080.82,6
TRIP13513,USER2874,New York,01-10-2024,18-02-2025,Family,Cruise,2,1443.29,10
TRIP13514,USER9903,Sydney,15-12-2024,09-02-2025,Beach,Cruise,5,630.81,1
TRIP13515,USER1491,Bangkok,14-04-2024,30-06-2024,Cultural,Cruise,2,4091,1
TRIP13516,USER2160,Paris,21-04-2024,08-02-2025,Family,Flight,5,1385.4,10
TRIP13517,USER8898,New York,02-04-2024,31-08-2024,Family,Bus,5,3159.19,2
TRIP13518,USER2269,New York,27-08-2024,04-04-2025,Beach,Car,1,2115.47,2
TRIP13519,USER9211,Barcelona,13-10-2024,02-01-2025,Leisure,Cruise,2,2257.82,10
TRIP13520,USER8719,Sydney,15-04-2024,17-03-2025,Cultural,Car,2,771.46,4
TRIP13521,USER1402,Istanbul,03-03-2025,07-04-2025,Business,Flight,4,4163.13,10
TRIP13522,USER1882,London,21-09-2024,23-02-2025,Beach,Car,2,1618.69,9
TRIP13523,USER1953,London,17-11-2024,17-01-2025,Business,Flight,1,3340.46,1
TRIP13524,USER2627,Paris,17-01-2025,16-03-2025,Cultural,Cruise,4,2031.28,1
TRIP13525,USER6408,Paris,20-04-2024,16-10-2024,Family,Bus,1,1937.9,5
TRIP13526,USER9221,Dubai,11-12-2024,11-01-2025,Leisure,Car,3,3255.88,9
TRIP13527,USER5443,London,13-04-2024,16-10-2024,Beach,Train,2,4378.56,5
TRIP13528,USER3878,Tokyo,04-06-2024,21-08-2024,Beach,Flight,3,4163.3,2
TRIP13529,USER9496,Tokyo,26-07-2024,27-07-2024,Beach,Cruise,5,3485.75,6
TRIP13530,USER4497,Tokyo,13-09-2024,23-10-2024,Cultural,Car,4,3333.13,9
TRIP13531,USER3313,Barcelona,14-08-2024,28-11-2024,Cultural,Train,5,1948.88,8
TRIP13532,USER4615,New York,01-06-2024,22-08-2024,Leisure,Flight,2,2329.98,2
TRIP13533,USER2721,Tokyo,02-11-2024,24-12-2024,Adventure,Cruise,3,1675.26,9
TRIP13534,USER8214,London,05-10-2024,11-03-2025,Adventure,Bus,4,2414.45,3
TRIP13535,USER2355,Tokyo,08-01-2025,05-02-2025,Cultural,Flight,1,919.7,2
TRIP13536,USER8397,Istanbul,24-01-2025,29-01-2025,Cultural,Flight,1,4966.11,6
TRIP13537,USER5617,Istanbul,05-03-2025,16-03-2025,Beach,Car,5,3607.25,4
TRIP13538,USER4841,Barcelona,19-05-2024,20-07-2024,Business,Flight,3,622.25,9
TRIP13539,USER6071,Tokyo,07-01-2025,16-02-2025,Family,Train,5,1105.53,9
TRIP13540,USER6466,Dubai,27-09-2024,26-10-2024,Leisure,Flight,5,4838.48,7
TRIP13541,USER2412,Istanbul,19-11-2024,17-02-2025,Cultural,Bus,5,2179.35,5
TRIP13542,USER2577,Tokyo,16-12-2024,13-04-2025,Family,Flight,4,3508.76,7
TRIP13543,USER9534,New York,01-12-2024,02-03-2025,Business,Car,4,4159.85,9
TRIP13544,USER9291,Barcelona,25-02-2025,13-04-2025,Adventure,Car,5,1428.8,6
TRIP13545,USER2610,Istanbul,13-11-2024,16-11-2024,Family,Car,3,4247.56,8
TRIP13546,USER9294,Rome,03-02-2025,20-02-2025,Family,Cruise,4,841.7,10
TRIP13547,USER7926,Paris,14-06-2024,08-07-2024,Beach,Bus,1,3266.06,7
TRIP13548,USER1018,Dubai,20-07-2024,30-12-2024,Cultural,Flight,3,2243.38,7
TRIP13549,USER9973,New York,08-03-2025,09-03-2025,Leisure,Car,5,3179.57,7
TRIP13550,USER7233,London,13-07-2024,12-08-2024,Leisure,Train,1,2441.7,10
TRIP13551,USER5810,New York,18-03-2024,27-03-2024,Cultural,Cruise,3,2091.57,6
TRIP13552,USER6180,Istanbul,13-08-2024,16-03-2025,Business,Cruise,3,4893.73,7
TRIP13553,USER8354,Barcelona,15-10-2024,17-11-2024,Family,Train,2,4354.24,2
TRIP13554,USER5402,London,17-01-2025,06-04-2025,Adventure,Train,3,1502.08,1
TRIP13555,USER3945,Dubai,29-04-2024,01-01-2025,Leisure,Bus,2,906.13,8
TRIP13556,USER3789,New York,31-12-2024,04-02-2025,Adventure,Car,3,4866.09,4
TRIP13557,USER9309,Bangkok,02-01-2025,26-02-2025,Leisure,Bus,5,4473.03,8
TRIP13558,USER2248,Sydney,02-02-2025,10-03-2025,Beach,Train,3,3049.68,6
TRIP13559,USER1437,Paris,17-02-2025,07-03-2025,Leisure,Car,3,4961.21,8
TRIP13560,USER4554,Paris,03-01-2025,14-01-2025,Beach,Cruise,4,1840.08,9
TRIP13561,USER1244,Tokyo,20-10-2024,20-11-2024,Cultural,Cruise,1,580.97,7
TRIP13562,USER2113,Dubai,10-04-2024,04-09-2024,Adventure,Car,3,3276.46,8
TRIP13563,USER3155,Barcelona,10-11-2024,15-11-2024,Leisure,Cruise,3,3014.24,3
TRIP13564,USER5876,Dubai,30-08-2024,09-09-2024,Cultural,Car,3,1495.24,5
TRIP13565,USER7716,Rome,22-01-2025,24-01-2025,Beach,Car,2,3466.4,9
TRIP13566,USER9619,Rome,20-05-2024,27-06-2024,Beach,Cruise,3,3329.87,9
TRIP13567,USER1940,Paris,22-01-2025,14-02-2025,Business,Train,3,3604.78,9
TRIP13568,USER7629,Istanbul,03-01-2025,14-02-2025,Business,Cruise,4,1281.79,7
TRIP13569,USER4104,Rome,10-07-2024,26-12-2024,Cultural,Flight,3,3908.91,9
TRIP13570,USER1848,New York,21-09-2024,22-09-2024,Leisure,Car,5,3601.45,1
TRIP13571,USER9259,Paris,25-06-2024,20-09-2024,Leisure,Cruise,4,1518.73,6
TRIP13572,USER7159,Tokyo,21-12-2024,29-12-2024,Cultural,Bus,5,4598.18,1
TRIP13573,USER5272,Bangkok,18-12-2024,17-02-2025,Leisure,Train,3,3187.37,4
TRIP13574,USER4910,London,31-07-2024,25-09-2024,Business,Bus,2,1227.92,4
TRIP13575,USER4639,Bangkok,30-01-2025,05-04-2025,Adventure,Flight,1,2271.03,5
TRIP13576,USER9230,Sydney,26-06-2024,28-08-2024,Leisure,Flight,5,3951.17,4
TRIP13577,USER8280,Barcelona,10-12-2024,29-12-2024,Beach,Flight,3,2662.37,6
TRIP13578,USER8488,Paris,05-08-2024,31-03-2025,Beach,Bus,4,1428.97,7
TRIP13579,USER9038,New York,02-04-2024,26-06-2024,Business,Car,4,3624.29,6
TRIP13580,USER6029,London,19-03-2024,17-11-2024,Business,Bus,5,582.9,5
TRIP13581,USER3906,Istanbul,24-05-2024,28-03-2025,Leisure,Train,3,1798.25,7
TRIP13582,USER2178,London,03-11-2024,22-03-2025,Cultural,Car,3,3826.49,7
TRIP13583,USER8448,Istanbul,13-04-2024,04-10-2024,Leisure,Car,2,4905.95,5
TRIP13584,USER2069,Barcelona,16-02-2025,13-03-2025,Business,Cruise,2,928.33,8
TRIP13585,USER5809,London,16-08-2024,07-01-2025,Family,Car,5,1492.21,10
TRIP13586,USER3590,Barcelona,08-02-2025,06-03-2025,Cultural,Bus,4,1838.97,10
TRIP13587,USER7510,Istanbul,09-10-2024,19-12-2024,Business,Train,5,1474.06,2
TRIP13588,USER2184,Tokyo,11-04-2024,09-06-2024,Beach,Cruise,2,3963.88,5
TRIP13589,USER9498,Istanbul,06-10-2024,07-04-2025,Leisure,Flight,2,810.37,3
TRIP13590,USER5414,Tokyo,22-07-2024,27-12-2024,Beach,Flight,3,1090.81,8
TRIP13591,USER6142,Paris,05-03-2025,13-03-2025,Cultural,Cruise,1,3653.96,5
TRIP13592,USER2176,Paris,10-12-2024,19-12-2024,Business,Train,4,4805.05,3
TRIP13593,USER7871,Barcelona,04-01-2025,12-04-2025,Family,Bus,3,2894.84,2
TRIP13594,USER7373,Bangkok,01-01-2025,05-02-2025,Cultural,Train,3,4434.51,1
TRIP13595,USER6257,New York,27-01-2025,11-04-2025,Adventure,Cruise,2,2846.54,8
TRIP13596,USER2722,Tokyo,02-11-2024,20-02-2025,Adventure,Bus,5,3829.41,7
TRIP13597,USER7830,Rome,03-09-2024,27-10-2024,Business,Flight,3,1822.74,4
TRIP13598,USER1015,Bangkok,12-04-2024,06-12-2024,Leisure,Train,2,575.74,6
TRIP13599,USER5601,Bangkok,10-12-2024,18-03-2025,Family,Flight,3,1106.1,6
TRIP13600,USER4300,Paris,14-05-2024,18-10-2024,Adventure,Flight,5,2349.76,7
TRIP13601,USER4914,Rome,06-09-2024,23-11-2024,Beach,Flight,4,3402.7,5
TRIP13602,USER8731,Barcelona,17-03-2024,11-09-2024,Leisure,Bus,1,2891.93,5
TRIP13603,USER6390,Tokyo,13-02-2025,05-03-2025,Family,Bus,4,3946.11,5
TRIP13604,USER4219,Rome,08-09-2024,06-04-2025,Beach,Flight,5,3667.86,9
TRIP13605,USER6903,Istanbul,14-06-2024,28-01-2025,Family,Flight,5,3288.88,8
TRIP13606,USER7870,Dubai,14-07-2024,04-01-2025,Adventure,Car,5,2929.9,3
TRIP13607,USER9662,Dubai,15-01-2025,24-01-2025,Beach,Car,1,2106.44,1
TRIP13608,USER1004,Sydney,25-07-2024,14-10-2024,Leisure,Cruise,2,1263.29,3
TRIP13609,USER4276,Barcelona,27-02-2025,13-03-2025,Family,Train,3,4601.11,7
TRIP13610,USER5173,Barcelona,07-02-2025,26-03-2025,Business,Flight,2,683.42,9
TRIP13611,USER2225,Barcelona,12-05-2024,06-02-2025,Adventure,Cruise,3,2569.63,10
TRIP13612,USER8733,Rome,27-01-2025,23-02-2025,Cultural,Bus,5,4893.98,2
TRIP13613,USER5077,Barcelona,22-02-2025,26-03-2025,Beach,Train,3,2792.22,4
TRIP13614,USER9049,London,15-08-2024,29-12-2024,Business,Flight,1,878.86,7
TRIP13615,USER5023,Rome,19-04-2024,17-03-2025,Leisure,Flight,5,4308.53,5
TRIP13616,USER9445,New York,22-10-2024,23-11-2024,Leisure,Flight,1,3239.81,1
TRIP13617,USER2048,Dubai,12-02-2025,12-04-2025,Adventure,Bus,5,4286.13,5
TRIP13618,USER7917,Tokyo,02-03-2025,07-03-2025,Leisure,Car,2,3543.18,2
TRIP13619,USER8724,Istanbul,01-10-2024,10-03-2025,Leisure,Cruise,3,3027.98,9
TRIP13620,USER9424,London,11-11-2024,23-02-2025,Cultural,Train,4,2393.72,6
TRIP13621,USER2227,Rome,12-02-2025,28-03-2025,Adventure,Cruise,5,3013.1,5
TRIP13622,USER4180,Dubai,04-03-2025,18-03-2025,Cultural,Flight,4,883.77,8
TRIP13623,USER9572,Rome,05-01-2025,05-03-2025,Adventure,Bus,3,2670.62,10
TRIP13624,USER7635,New York,07-01-2025,26-01-2025,Family,Car,3,4665.32,10
TRIP13625,USER5087,Bangkok,22-03-2024,28-03-2024,Family,Cruise,5,2840.52,3
TRIP13626,USER3320,Tokyo,24-10-2024,24-01-2025,Beach,Train,4,887.04,8
TRIP13627,USER7822,London,17-12-2024,03-03-2025,Business,Bus,5,2248.62,3
TRIP13628,USER4467,Paris,15-08-2024,30-10-2024,Leisure,Cruise,2,1150.49,7
TRIP13629,USER7927,Sydney,13-03-2025,25-03-2025,Cultural,Cruise,2,1159.84,3
TRIP13630,USER2758,Bangkok,04-11-2024,06-12-2024,Cultural,Bus,4,936.26,10
TRIP13631,USER1749,Dubai,02-11-2024,08-02-2025,Cultural,Flight,3,2455.23,3
TRIP13632,USER6025,Dubai,10-06-2024,07-09-2024,Adventure,Train,2,790.01,8
TRIP13633,USER7412,Sydney,22-01-2025,25-01-2025,Family,Flight,1,889.32,10
TRIP13634,USER4499,London,14-08-2024,28-02-2025,Leisure,Train,1,1654.38,4
TRIP13635,USER9791,Rome,05-01-2025,27-02-2025,Business,Car,2,3044.57,6
TRIP13636,USER3589,Sydney,11-12-2024,11-12-2024,Family,Car,5,4451.95,2
TRIP13637,USER8793,Dubai,17-03-2024,09-01-2025,Family,Cruise,3,698.6,9
TRIP13638,USER3354,New York,13-08-2024,10-03-2025,Adventure,Car,1,3587.98,10
TRIP13639,USER5179,London,18-03-2024,05-01-2025,Leisure,Cruise,1,3290.69,3
TRIP13640,USER9312,Dubai,29-06-2024,06-10-2024,Beach,Train,4,1156.07,10
TRIP13641,USER3312,Bangkok,14-08-2024,30-08-2024,Business,Flight,1,1858.76,4
TRIP13642,USER2806,Rome,30-05-2024,04-12-2024,Cultural,Car,1,2966.66,10
TRIP13643,USER4716,Dubai,16-12-2024,28-03-2025,Cultural,Cruise,3,3849.67,1
TRIP13644,USER8857,Rome,08-05-2024,05-08-2024,Adventure,Flight,4,4082.58,10
TRIP13645,USER5848,Istanbul,13-08-2024,23-09-2024,Beach,Flight,5,2862.51,10
TRIP13646,USER8542,Istanbul,24-11-2024,16-12-2024,Beach,Car,4,1847.36,1
TRIP13647,USER7006,Sydney,17-10-2024,03-03-2025,Leisure,Train,2,2151.07,7
TRIP13648,USER6595,Rome,05-03-2025,13-04-2025,Leisure,Car,5,4455.39,8
TRIP13649,USER5405,Bangkok,30-10-2024,16-01-2025,Beach,Bus,2,840.53,9
TRIP13650,USER5632,New York,28-08-2024,14-09-2024,Beach,Car,5,1748.14,7
TRIP13651,USER1873,London,24-02-2025,08-03-2025,Cultural,Train,5,3543.61,2
TRIP13652,USER1029,Paris,17-04-2024,12-10-2024,Leisure,Car,2,1413.66,4
TRIP13653,USER4869,Paris,01-02-2025,15-02-2025,Beach,Car,3,806.46,6
TRIP13654,USER7112,Istanbul,15-12-2024,06-03-2025,Beach,Flight,5,947.7,6
TRIP13655,USER8147,Barcelona,10-06-2024,15-12-2024,Family,Flight,5,1292.27,5
TRIP13656,USER1245,Barcelona,25-05-2024,21-11-2024,Beach,Cruise,4,4525.52,2
TRIP13658,USER8683,New York,14-02-2025,27-02-2025,Adventure,Train,4,1654.48,5
TRIP13659,USER6796,Tokyo,01-04-2024,22-04-2024,Family,Bus,1,4300.82,10
TRIP13660,USER5032,New York,13-08-2024,21-08-2024,Business,Train,1,2245.11,6
TRIP13661,USER3205,New York,23-12-2024,18-03-2025,Business,Flight,1,4668.39,8
TRIP13662,USER9188,New York,02-04-2024,14-06-2024,Cultural,Bus,5,761.18,6
TRIP13663,USER3946,Dubai,15-05-2024,12-03-2025,Beach,Cruise,5,2322.32,2
TRIP13664,USER2911,Paris,05-07-2024,24-07-2024,Business,Train,5,4231.38,5
TRIP13665,USER8471,Tokyo,11-12-2024,18-12-2024,Beach,Cruise,5,788.44,4
TRIP13666,USER1311,Tokyo,02-03-2025,05-04-2025,Business,Flight,5,4549.3,8
TRIP13667,USER8107,Dubai,16-01-2025,10-02-2025,Business,Bus,5,2018.37,3
TRIP13668,USER7768,Bangkok,21-06-2024,30-03-2025,Beach,Train,3,2949.95,2
TRIP13669,USER8717,Tokyo,31-05-2024,20-06-2024,Adventure,Bus,3,4194.33,9
TRIP13670,USER2761,Sydney,27-08-2024,10-11-2024,Cultural,Train,4,1788.01,1
TRIP13671,USER9269,Rome,28-06-2024,25-10-2024,Family,Flight,4,4786.66,7
TRIP13672,USER1646,Bangkok,19-01-2025,14-03-2025,Family,Train,4,2372.9,9
TRIP13673,USER6955,Paris,12-01-2025,18-01-2025,Adventure,Car,1,3421.44,7
TRIP13674,USER4600,New York,06-02-2025,01-04-2025,Beach,Car,3,4094.78,7
TRIP13675,USER1937,Bangkok,08-06-2024,23-02-2025,Cultural,Flight,3,2677.8,8
TRIP13676,USER9499,Istanbul,06-03-2025,08-04-2025,Adventure,Train,4,3727.53,7
TRIP13677,USER7379,Dubai,08-09-2024,17-10-2024,Family,Car,1,2981.92,1
TRIP13678,USER9691,New York,09-10-2024,28-10-2024,Leisure,Train,3,3136.52,4
TRIP13679,USER5976,New York,17-04-2024,31-03-2025,Cultural,Bus,2,3926.56,4
TRIP13680,USER2020,Tokyo,21-06-2024,17-12-2024,Cultural,Cruise,1,4205.86,5
TRIP13681,USER7164,Sydney,05-09-2024,12-11-2024,Adventure,Car,1,553.22,2
TRIP13682,USER9841,Dubai,13-05-2024,24-08-2024,Family,Train,4,4369.61,5
TRIP13683,USER6351,London,24-06-2024,30-10-2024,Adventure,Bus,1,1437.07,9
TRIP13684,USER2058,Barcelona,09-09-2024,04-11-2024,Business,Cruise,5,1075.31,9
TRIP13685,USER1816,Bangkok,11-11-2024,25-02-2025,Business,Cruise,5,1908.79,2
TRIP13686,USER9336,London,31-12-2024,15-01-2025,Beach,Flight,2,2481.89,5
TRIP13687,USER9047,Rome,12-11-2024,04-01-2025,Leisure,Train,5,2402.86,2
TRIP13688,USER9804,Istanbul,21-10-2024,18-03-2025,Family,Train,5,1179.7,9
TRIP13689,USER4841,Bangkok,28-08-2024,23-11-2024,Family,Cruise,4,722.55,6
TRIP13690,USER9912,Bangkok,22-01-2025,13-04-2025,Business,Car,1,2768.6,9
TRIP13691,USER9107,Paris,30-05-2024,01-02-2025,Adventure,Train,2,4698.44,4
TRIP13692,USER7323,Rome,13-02-2025,17-03-2025,Beach,Train,5,1266.04,4
TRIP13693,USER5366,Paris,16-04-2024,17-01-2025,Family,Cruise,2,1605.93,10
TRIP13694,USER6818,Dubai,27-04-2024,27-12-2024,Cultural,Bus,2,3719.12,3
TRIP13695,USER4936,Barcelona,05-12-2024,17-03-2025,Leisure,Bus,2,1650.22,6
TRIP13696,USER1911,Bangkok,23-03-2024,16-01-2025,Leisure,Train,5,750.76,7
TRIP13697,USER4780,New York,05-10-2024,03-01-2025,Beach,Bus,4,2743.53,3
TRIP13698,USER3809,Barcelona,31-01-2025,19-02-2025,Adventure,Car,1,3954,3
TRIP13699,USER2180,Paris,26-11-2024,10-02-2025,Business,Cruise,5,1790.88,6
TRIP13700,USER7446,Tokyo,24-02-2025,03-03-2025,Adventure,Train,3,2780.98,3
TRIP13701,USER4591,Paris,28-11-2024,11-01-2025,Business,Bus,5,2884.68,8
TRIP13702,USER9652,Barcelona,25-03-2024,10-02-2025,Beach,Car,5,3496.66,7
TRIP13703,USER1552,Dubai,11-10-2024,29-12-2024,Beach,Flight,1,1293.92,9
TRIP13704,USER6988,New York,04-10-2024,06-10-2024,Beach,Train,5,3522.26,4
TRIP13705,USER1338,Tokyo,07-04-2024,08-04-2025,Family,Cruise,3,2825.26,10
TRIP13706,USER2492,Tokyo,18-05-2024,19-03-2025,Beach,Train,4,3163.29,1
TRIP13707,USER5062,Sydney,24-01-2025,15-03-2025,Leisure,Bus,3,1220.99,2
TRIP13708,USER9948,Barcelona,02-05-2024,15-02-2025,Cultural,Flight,3,4712.73,3
TRIP13709,USER6031,Dubai,12-08-2024,08-04-2025,Cultural,Train,5,1282.2,7
TRIP13710,USER5927,Dubai,29-06-2024,30-09-2024,Business,Cruise,4,4386.56,8
TRIP13711,USER1084,Paris,04-05-2024,10-09-2024,Cultural,Flight,5,4317.35,3
TRIP13712,USER4210,Istanbul,27-06-2024,22-12-2024,Business,Bus,1,3847.12,1
TRIP13713,USER1545,Rome,16-12-2024,15-04-2025,Adventure,Flight,3,3180.24,7
TRIP13714,USER2977,London,08-02-2025,29-03-2025,Adventure,Train,5,2758.17,9
TRIP13715,USER4168,New York,12-02-2025,15-04-2025,Beach,Car,2,3578.41,3
TRIP13716,USER5385,New York,01-07-2024,11-08-2024,Business,Car,3,4555.69,2
TRIP13717,USER2585,New York,02-03-2025,05-03-2025,Family,Cruise,2,545.73,6
TRIP13718,USER7990,Barcelona,19-01-2025,09-03-2025,Beach,Bus,1,3792.27,4
TRIP13719,USER3499,Rome,28-07-2024,20-12-2024,Beach,Car,4,4851.72,8
TRIP13720,USER7659,Sydney,21-04-2024,06-01-2025,Leisure,Cruise,5,3065.97,8
TRIP13721,USER3833,Barcelona,21-04-2024,10-12-2024,Beach,Flight,3,3217.55,10
TRIP13722,USER1498,Rome,20-01-2025,28-03-2025,Adventure,Cruise,4,2338.51,6
TRIP13723,USER7774,London,02-07-2024,01-04-2025,Cultural,Flight,3,1608.14,3
TRIP13724,USER9165,Tokyo,11-06-2024,02-03-2025,Cultural,Car,1,4393.58,4
TRIP13725,USER1830,Dubai,12-12-2024,24-03-2025,Adventure,Cruise,3,1608.97,9
TRIP13726,USER7887,Barcelona,03-03-2025,07-03-2025,Family,Car,1,2197.74,6
TRIP13727,USER1192,Tokyo,24-12-2024,30-01-2025,Beach,Train,4,832.3,3
TRIP13728,USER5229,Dubai,03-05-2024,29-10-2024,Leisure,Flight,1,1265.45,10
TRIP13729,USER6609,Tokyo,30-05-2024,05-01-2025,Cultural,Bus,2,1467.56,3
TRIP13730,USER3176,New York,25-04-2024,16-09-2024,Beach,Cruise,2,4079.28,4
TRIP13731,USER8401,Rome,13-05-2024,29-12-2024,Cultural,Bus,2,934.72,2
TRIP13732,USER3987,Tokyo,16-08-2024,07-03-2025,Business,Train,5,3314.44,9
TRIP13733,USER6327,New York,05-09-2024,02-02-2025,Family,Bus,2,4968.03,6
TRIP13734,USER1690,Bangkok,29-06-2024,22-03-2025,Family,Car,4,2294.1,6
TRIP13735,USER3042,New York,15-02-2025,23-03-2025,Family,Bus,2,2931.01,9
TRIP13736,USER3657,New York,31-10-2024,04-02-2025,Business,Flight,5,3329.7,4
TRIP13737,USER2603,Paris,10-10-2024,16-10-2024,Business,Bus,4,1919.8,6
TRIP13738,USER4847,Paris,01-01-2025,27-02-2025,Adventure,Cruise,3,1478.18,8
TRIP13739,USER4381,New York,24-01-2025,28-01-2025,Beach,Flight,1,4410.1,5
TRIP13740,USER9975,London,27-10-2024,24-12-2024,Leisure,Car,3,3012.31,10
TRIP13741,USER4281,Paris,06-07-2024,11-09-2024,Beach,Flight,3,3700.71,10
TRIP13742,USER2922,Istanbul,21-07-2024,16-11-2024,Cultural,Flight,4,4128.19,7
TRIP13743,USER8412,Istanbul,08-03-2025,21-03-2025,Beach,Cruise,1,3617.75,6
TRIP13744,USER2056,Istanbul,26-06-2024,03-03-2025,Adventure,Bus,2,1540.4,2
TRIP13745,USER4802,Tokyo,18-07-2024,02-04-2025,Adventure,Train,4,569.32,1
TRIP13746,USER5202,Sydney,16-09-2024,21-02-2025,Cultural,Cruise,1,4376.9,4
TRIP13747,USER6727,Paris,21-05-2024,13-09-2024,Family,Flight,4,1058.45,7
TRIP13748,USER7252,Bangkok,03-11-2024,30-11-2024,Family,Train,1,1435.38,5
TRIP13749,USER3218,New York,24-07-2024,30-09-2024,Adventure,Train,5,2437.73,2
TRIP13750,USER2392,Istanbul,01-03-2025,15-04-2025,Beach,Train,5,1806.69,7
TRIP13751,USER7248,Rome,17-03-2024,01-04-2024,Cultural,Cruise,2,1151.37,1
TRIP13752,USER6204,Sydney,13-01-2025,15-01-2025,Business,Train,3,4274.62,1
TRIP13753,USER6107,Bangkok,20-04-2024,29-07-2024,Leisure,Cruise,5,4481.26,7
TRIP13754,USER7545,New York,06-03-2025,27-03-2025,Beach,Bus,5,4929.15,7
TRIP13755,USER1253,New York,12-10-2024,08-02-2025,Cultural,Bus,5,4704.35,4
TRIP13756,USER8100,Rome,14-09-2024,16-09-2024,Business,Bus,3,4039.02,2
TRIP13757,USER4901,Istanbul,09-01-2025,10-04-2025,Family,Bus,3,1153.34,4
TRIP13758,USER1765,Bangkok,27-10-2024,20-11-2024,Family,Cruise,3,3911.78,4
TRIP13759,USER5467,Rome,09-11-2024,15-04-2025,Business,Bus,1,4061.53,10
TRIP13760,USER2143,Sydney,16-04-2024,24-02-2025,Adventure,Bus,3,4325.4,10
TRIP13761,USER3388,Dubai,10-06-2024,25-02-2025,Cultural,Train,4,1480.09,9
TRIP13762,USER3984,London,20-05-2024,02-09-2024,Business,Train,5,4950.43,4
TRIP13763,USER9205,New York,02-02-2025,18-03-2025,Leisure,Flight,4,1757.26,1
TRIP13764,USER9510,Istanbul,20-03-2024,26-02-2025,Leisure,Car,2,1214.94,8
TRIP13765,USER1733,Paris,02-03-2025,11-04-2025,Adventure,Flight,3,4135.71,6
TRIP13766,USER1826,Dubai,13-05-2024,12-11-2024,Leisure,Train,1,2935.87,7
TRIP13767,USER5271,Rome,31-08-2024,25-12-2024,Leisure,Bus,5,4545.68,10
TRIP13768,USER9171,Sydney,31-05-2024,06-04-2025,Adventure,Train,1,874.77,1
TRIP13769,USER5711,Barcelona,07-05-2024,17-05-2024,Beach,Train,5,1172.49,7
TRIP13770,USER4010,Istanbul,22-07-2024,14-11-2024,Adventure,Bus,5,3796.11,1
TRIP13771,USER1233,Dubai,16-05-2024,29-11-2024,Adventure,Bus,5,1685.06,7
TRIP13772,USER7025,New York,26-08-2024,03-12-2024,Adventure,Flight,1,3903.3,3
TRIP13773,USER1879,Paris,02-01-2025,29-03-2025,Family,Cruise,3,3829.39,6
TRIP13774,USER1771,Dubai,24-01-2025,22-02-2025,Family,Bus,3,3075.12,4
TRIP13775,USER5073,Paris,20-02-2025,18-03-2025,Business,Bus,1,1695.18,5
TRIP13776,USER4663,Sydney,25-07-2024,13-12-2024,Beach,Flight,1,655.76,4
TRIP13777,USER6180,New York,11-04-2024,11-07-2024,Adventure,Flight,4,3914.9,9
TRIP13778,USER5853,Bangkok,06-02-2025,12-04-2025,Beach,Car,3,3572.13,1
TRIP13779,USER7448,Istanbul,18-08-2024,13-03-2025,Cultural,Train,1,1115.2,1
TRIP13780,USER9566,Sydney,04-01-2025,18-02-2025,Family,Cruise,1,4761.75,6
TRIP13781,USER8654,Paris,15-02-2025,14-04-2025,Beach,Flight,5,2603.92,6
TRIP13782,USER2488,Rome,17-09-2024,26-10-2024,Adventure,Bus,3,4334.95,5
TRIP13783,USER2761,New York,05-04-2024,04-04-2025,Business,Car,1,2501.97,6
TRIP13784,USER7264,London,05-04-2024,06-06-2024,Cultural,Train,1,2822.8,1
TRIP13785,USER4564,Sydney,14-12-2024,28-12-2024,Leisure,Bus,3,4699.22,7
TRIP13786,USER5904,Sydney,08-12-2024,17-12-2024,Cultural,Train,3,2375.61,5
TRIP13787,USER7202,Dubai,25-06-2024,08-07-2024,Family,Bus,3,703.74,6
TRIP13788,USER7949,Rome,06-11-2024,18-01-2025,Family,Cruise,5,2870.62,3
TRIP13789,USER1932,Bangkok,11-09-2024,31-10-2024,Business,Flight,2,1719.09,9
TRIP13790,USER5364,Paris,29-06-2024,14-04-2025,Family,Car,2,4941.6,8
TRIP13791,USER5580,Tokyo,04-03-2025,10-03-2025,Beach,Flight,4,743.06,9
TRIP13792,USER8323,Istanbul,29-08-2024,19-10-2024,Leisure,Cruise,3,2359.44,4
TRIP13793,USER5707,Istanbul,25-08-2024,08-02-2025,Business,Car,1,2741.55,5
TRIP13794,USER3602,Bangkok,29-12-2024,25-02-2025,Business,Bus,3,1756.79,4
TRIP13795,USER7262,Sydney,11-09-2024,30-12-2024,Adventure,Car,2,587.46,4
TRIP13796,USER3199,Bangkok,26-04-2024,08-12-2024,Family,Train,3,2589.06,7
TRIP13797,USER1124,Rome,07-05-2024,18-06-2024,Beach,Flight,2,3863.12,4
TRIP13798,USER6510,Dubai,17-02-2025,30-03-2025,Cultural,Flight,2,2973.04,3
TRIP13799,USER6765,New York,16-03-2024,12-04-2025,Cultural,Cruise,4,2275.26,8
TRIP13800,USER9944,Sydney,14-09-2024,08-12-2024,Family,Car,2,3428.95,7
TRIP13801,USER2381,Dubai,16-02-2025,22-03-2025,Leisure,Train,2,4501.29,2
TRIP13802,USER9147,Istanbul,30-03-2024,29-10-2024,Leisure,Cruise,1,3649.72,7
TRIP13803,USER7034,Dubai,22-10-2024,17-03-2025,Adventure,Train,2,2084.24,4
TRIP13804,USER6965,Sydney,16-01-2025,03-04-2025,Family,Bus,3,1764.2,5
TRIP13805,USER9735,Bangkok,17-11-2024,23-01-2025,Adventure,Cruise,1,3078.29,2
TRIP13806,USER4646,Tokyo,04-10-2024,31-01-2025,Cultural,Bus,4,2072.82,5
TRIP13807,USER6546,Sydney,24-09-2024,22-12-2024,Leisure,Car,2,1718.31,6
TRIP13808,USER5859,Istanbul,27-10-2024,15-01-2025,Leisure,Bus,4,3347.63,4
TRIP13809,USER4541,London,11-07-2024,20-01-2025,Family,Cruise,5,4089.69,7
TRIP13810,USER2246,New York,27-01-2025,19-03-2025,Business,Car,2,1392.66,4
TRIP13811,USER5707,Barcelona,22-07-2024,22-02-2025,Family,Car,5,1564.16,3
TRIP13812,USER6184,Dubai,26-09-2024,25-02-2025,Leisure,Flight,1,918.98,4
TRIP13813,USER4693,Barcelona,22-01-2025,10-04-2025,Leisure,Cruise,3,1129.05,3
TRIP13814,USER1170,New York,24-01-2025,23-02-2025,Leisure,Cruise,5,4450.07,8
TRIP13815,USER6183,Tokyo,15-02-2025,26-03-2025,Leisure,Car,3,4101.4,9
TRIP13816,USER4107,Dubai,16-10-2024,09-12-2024,Family,Bus,2,3572.42,8
TRIP13817,USER6921,Rome,10-12-2024,14-01-2025,Leisure,Cruise,2,1804.71,6
TRIP13818,USER6215,Bangkok,01-02-2025,11-03-2025,Leisure,Flight,4,3313.26,3
TRIP13819,USER4629,Rome,22-06-2024,31-07-2024,Beach,Flight,3,853.7,4
TRIP13820,USER2496,Istanbul,15-11-2024,24-03-2025,Adventure,Train,2,2116.33,7
TRIP13821,USER4012,Tokyo,08-09-2024,07-04-2025,Business,Cruise,3,1187.88,2
TRIP13822,USER6193,Barcelona,07-02-2025,27-02-2025,Beach,Car,1,2935.79,5
TRIP13823,USER4783,Paris,09-09-2024,14-09-2024,Cultural,Flight,1,1671.6,7
TRIP13824,USER3384,Barcelona,25-07-2024,08-09-2024,Adventure,Train,4,3430.42,7
TRIP13825,USER7391,Paris,22-07-2024,09-04-2025,Beach,Cruise,4,3586.31,10
TRIP13826,USER4473,Sydney,04-10-2024,21-03-2025,Cultural,Bus,4,1939.15,5
TRIP13827,USER1923,London,07-03-2025,20-03-2025,Adventure,Flight,2,3187.62,10
TRIP13828,USER5139,Sydney,10-09-2024,25-01-2025,Beach,Cruise,2,3758.33,3
TRIP13829,USER6240,New York,31-08-2024,14-01-2025,Cultural,Train,2,3217.21,7
TRIP13831,USER6421,Tokyo,28-07-2024,24-02-2025,Beach,Car,4,1928.7,10
TRIP13832,USER9885,Istanbul,17-11-2024,24-11-2024,Beach,Train,3,3357.35,3
TRIP13833,USER2092,Rome,29-05-2024,08-01-2025,Leisure,Cruise,3,3360.32,2
TRIP13834,USER4376,Sydney,28-03-2024,18-03-2025,Leisure,Car,5,2695.39,5
TRIP13835,USER5287,Istanbul,26-10-2024,12-04-2025,Family,Flight,1,2405.77,4
TRIP13837,USER5832,London,01-08-2024,08-10-2024,Business,Train,2,4081.22,6
TRIP13838,USER9846,Rome,24-07-2024,22-11-2024,Adventure,Cruise,5,3439.28,3
TRIP13839,USER2294,New York,16-03-2024,19-12-2024,Business,Flight,4,2861.47,3
TRIP13840,USER9034,Paris,10-12-2024,06-01-2025,Business,Cruise,5,2471.8,3
TRIP13841,USER8222,Dubai,13-06-2024,07-12-2024,Business,Train,3,713.56,5
TRIP13842,USER8475,London,04-10-2024,11-11-2024,Beach,Cruise,3,2549.67,4
TRIP13843,USER3906,Barcelona,19-02-2025,04-04-2025,Beach,Train,1,1625.17,3
TRIP13844,USER4379,Dubai,25-07-2024,27-09-2024,Adventure,Car,1,1196.71,6
TRIP13845,USER4640,Dubai,02-03-2025,01-04-2025,Leisure,Flight,1,1735.51,9
TRIP13846,USER8258,Bangkok,08-04-2024,15-01-2025,Adventure,Train,5,1480.81,8
TRIP13847,USER8620,Tokyo,12-05-2024,17-12-2024,Adventure,Bus,1,1674.48,1
TRIP13848,USER6610,Sydney,11-05-2024,06-12-2024,Cultural,Car,3,3632.55,5
TRIP13849,USER5544,Istanbul,15-06-2024,25-07-2024,Beach,Bus,4,1182.5,10
TRIP13850,USER2080,Istanbul,09-03-2025,18-03-2025,Cultural,Train,1,4330.6,8
TRIP13851,USER3502,Paris,30-05-2024,22-06-2024,Leisure,Car,2,2081,6
TRIP13852,USER7330,New York,01-12-2024,24-12-2024,Cultural,Cruise,4,887.27,10
TRIP13853,USER9878,Sydney,14-12-2024,16-12-2024,Business,Bus,2,2924.95,5
TRIP13854,USER8051,Paris,25-09-2024,16-02-2025,Leisure,Cruise,4,2732.83,10
TRIP13855,USER6342,Sydney,06-05-2024,12-10-2024,Cultural,Cruise,3,4060.46,8
TRIP13856,USER5525,Barcelona,08-12-2024,14-03-2025,Family,Cruise,4,1323.55,7
TRIP13857,USER7508,Barcelona,11-10-2024,23-10-2024,Cultural,Bus,2,3516.78,3
TRIP13858,USER8776,Dubai,27-09-2024,14-10-2024,Family,Flight,5,2872.63,2
TRIP13859,USER7205,Barcelona,02-01-2025,05-04-2025,Family,Bus,4,1102.18,1
TRIP13860,USER1688,Istanbul,05-06-2024,30-09-2024,Family,Cruise,1,4502.46,8
TRIP13861,USER4248,Tokyo,23-11-2024,10-01-2025,Beach,Cruise,5,4280.75,2
TRIP13862,USER6609,Istanbul,09-06-2024,02-11-2024,Adventure,Car,4,856.34,2
TRIP13863,USER7996,Barcelona,23-10-2024,26-11-2024,Leisure,Train,1,4660.74,2
TRIP13864,USER6055,Paris,23-09-2024,25-11-2024,Leisure,Bus,4,3149.07,6
TRIP13865,USER5869,Sydney,04-03-2025,25-03-2025,Cultural,Car,1,1725.54,2
TRIP13866,USER1337,Bangkok,16-09-2024,12-04-2025,Cultural,Cruise,5,3330.39,9
TRIP13867,USER3380,Istanbul,05-07-2024,19-11-2024,Cultural,Flight,1,1572.39,8
TRIP13868,USER9731,New York,15-06-2024,25-09-2024,Leisure,Cruise,3,2934.69,6
TRIP13869,USER8384,Bangkok,23-06-2024,13-02-2025,Leisure,Flight,2,2038.7,9
TRIP13870,USER5648,Bangkok,04-09-2024,16-12-2024,Cultural,Cruise,3,4334.71,6
TRIP13871,USER5735,Tokyo,01-12-2024,12-04-2025,Cultural,Flight,1,1379.78,9
TRIP13872,USER4020,Bangkok,12-01-2025,02-04-2025,Leisure,Bus,5,900.12,9
TRIP13873,USER3589,Istanbul,10-07-2024,18-10-2024,Leisure,Flight,5,3767.73,8
TRIP13874,USER8567,Sydney,24-03-2024,16-05-2024,Leisure,Cruise,5,3671.19,5
TRIP13875,USER9543,Dubai,01-12-2024,26-12-2024,Business,Cruise,3,594.25,8
TRIP13876,USER7721,Rome,06-05-2024,29-06-2024,Cultural,Flight,5,2707.86,1
TRIP13877,USER2347,Dubai,10-11-2024,01-04-2025,Business,Car,5,1556.73,4
TRIP13878,USER7950,Dubai,13-04-2024,17-01-2025,Beach,Flight,3,3631.31,4
TRIP13879,USER5838,Barcelona,02-08-2024,25-09-2024,Beach,Flight,5,4160.99,5
TRIP13880,USER3246,Tokyo,22-04-2024,28-07-2024,Leisure,Flight,5,1391.9,2
TRIP13881,USER7831,Paris,26-09-2024,19-02-2025,Business,Flight,4,2119.72,9
TRIP13882,USER4893,Rome,05-01-2025,16-01-2025,Family,Car,2,1201.94,5
TRIP13883,USER4703,Paris,26-11-2024,23-01-2025,Cultural,Train,5,4487.06,5
TRIP13884,USER6497,Barcelona,10-11-2024,10-03-2025,Family,Cruise,4,1594.17,9
TRIP13885,USER8945,Bangkok,28-01-2025,26-02-2025,Business,Cruise,2,2256.73,8
TRIP13886,USER5334,New York,06-12-2024,18-03-2025,Family,Bus,4,807.13,2
TRIP13887,USER1467,New York,17-06-2024,03-02-2025,Beach,Bus,3,2593.02,5
TRIP13888,USER8312,Bangkok,10-05-2024,12-01-2025,Adventure,Cruise,4,4527.58,6
TRIP13889,USER2514,New York,12-05-2024,15-03-2025,Beach,Bus,3,2646.5,7
TRIP13890,USER3733,Dubai,08-08-2024,27-08-2024,Family,Train,3,4953.1,5
TRIP13891,USER5070,London,27-09-2024,30-12-2024,Adventure,Train,3,3239.61,5
TRIP13892,USER9165,Dubai,06-11-2024,26-01-2025,Adventure,Flight,1,595.73,6
TRIP13893,USER9349,London,20-10-2024,24-01-2025,Adventure,Car,4,3037.73,2
TRIP13894,USER2382,Rome,30-11-2024,14-02-2025,Beach,Cruise,4,2860.65,8
TRIP13895,USER2617,Barcelona,18-12-2024,23-12-2024,Cultural,Bus,3,515.16,8
TRIP13896,USER6556,Bangkok,10-02-2025,29-03-2025,Leisure,Flight,4,4613.4,3
TRIP13897,USER2791,Sydney,19-08-2024,25-01-2025,Leisure,Train,2,1299.9,7
TRIP13898,USER2871,Bangkok,21-09-2024,13-02-2025,Cultural,Car,1,1450.2,6
TRIP13899,USER8565,London,31-12-2024,07-03-2025,Cultural,Car,3,550.06,9
TRIP13900,USER9735,Barcelona,14-05-2024,08-03-2025,Leisure,Car,1,4612.67,1
TRIP13901,USER2446,Tokyo,22-09-2024,06-02-2025,Family,Cruise,4,825.92,9
TRIP13902,USER5672,Dubai,14-01-2025,22-01-2025,Cultural,Car,3,2008.95,3
TRIP13904,USER3697,London,30-10-2024,20-02-2025,Beach,Flight,5,3968.48,4
TRIP13905,USER7224,Tokyo,20-06-2024,20-02-2025,Business,Flight,2,1303.91,5
TRIP13906,USER5494,Istanbul,31-12-2024,09-01-2025,Leisure,Flight,4,4467.68,8
TRIP13907,USER4336,Bangkok,15-05-2024,07-12-2024,Leisure,Cruise,5,4326.53,3
TRIP13908,USER9739,Bangkok,29-07-2024,30-11-2024,Leisure,Cruise,2,1792.07,10
TRIP13909,USER4922,Bangkok,19-07-2024,14-11-2024,Adventure,Cruise,3,3720.47,8
TRIP13910,USER5957,Barcelona,16-03-2024,22-12-2024,Beach,Flight,2,1068.96,3
TRIP13911,USER6617,Dubai,09-06-2024,22-11-2024,Beach,Flight,4,4942.22,1
TRIP13912,USER5517,Istanbul,01-11-2024,27-12-2024,Business,Flight,4,4765.78,6
TRIP13913,USER5709,Dubai,18-07-2024,08-11-2024,Business,Cruise,3,2087.98,7
TRIP13914,USER4815,London,01-07-2024,11-08-2024,Leisure,Flight,5,3063.06,3
TRIP13915,USER2680,Sydney,04-05-2024,26-05-2024,Beach,Cruise,3,2365.48,2
TRIP13916,USER4443,Barcelona,16-05-2024,14-02-2025,Adventure,Car,1,1498.27,2
TRIP13917,USER2931,Paris,28-03-2024,26-12-2024,Business,Flight,5,685.86,6
TRIP13918,USER7804,Barcelona,13-07-2024,24-03-2025,Family,Flight,5,1616.41,8
TRIP13919,USER9537,London,14-09-2024,06-01-2025,Family,Cruise,1,2586.82,5
TRIP13920,USER4824,Bangkok,20-10-2024,26-02-2025,Business,Bus,1,4454.59,1
TRIP13921,USER4128,Sydney,10-05-2024,26-07-2024,Leisure,Flight,2,3664.71,10
TRIP13922,USER6340,London,01-05-2024,18-08-2024,Leisure,Bus,1,4124.59,2
TRIP13923,USER9462,New York,28-09-2024,07-10-2024,Beach,Flight,2,3218.63,2
TRIP13924,USER2670,Dubai,18-08-2024,16-03-2025,Adventure,Cruise,5,4031.69,9
TRIP13925,USER4158,Rome,26-09-2024,10-10-2024,Adventure,Car,1,3358.31,8
TRIP13926,USER5392,Paris,16-04-2024,19-04-2024,Business,Cruise,3,890.15,6
TRIP13927,USER9515,Barcelona,24-11-2024,30-12-2024,Beach,Car,1,4525.16,3
TRIP13928,USER6319,Barcelona,26-04-2024,08-10-2024,Cultural,Car,1,2958.09,2
TRIP13929,USER7204,Rome,24-08-2024,06-01-2025,Leisure,Cruise,2,2516.93,3
TRIP13930,USER1359,New York,09-06-2024,08-07-2024,Cultural,Flight,4,2712.88,6
TRIP13931,USER6609,Rome,28-02-2025,19-03-2025,Family,Car,1,2896.01,6
TRIP13932,USER1118,New York,28-02-2025,04-03-2025,Beach,Train,4,520.89,5
TRIP13933,USER1212,Bangkok,28-07-2024,26-09-2024,Adventure,Cruise,4,813.06,7
TRIP13934,USER9960,Rome,23-04-2024,13-02-2025,Business,Flight,2,2938.23,8
TRIP13935,USER3483,Tokyo,05-03-2025,08-04-2025,Business,Train,4,1797.87,10
TRIP13936,USER8259,Istanbul,18-05-2024,02-11-2024,Business,Flight,3,2684.93,9
TRIP13937,USER7502,Sydney,17-03-2024,30-09-2024,Beach,Bus,3,1801.02,9
TRIP13938,USER6856,Tokyo,03-05-2024,17-01-2025,Business,Car,4,3072.98,7
TRIP13939,USER3923,Istanbul,30-03-2024,16-12-2024,Family,Cruise,3,4941.73,2
TRIP13940,USER7491,Barcelona,01-09-2024,28-12-2024,Cultural,Car,1,4655.79,2
TRIP13941,USER1526,London,13-09-2024,01-12-2024,Family,Bus,2,4225.04,3
TRIP13942,USER8864,Barcelona,31-08-2024,24-10-2024,Leisure,Car,5,3808.92,3
TRIP13943,USER8152,Barcelona,06-12-2024,17-03-2025,Beach,Cruise,5,2218.6,3
TRIP13944,USER5809,Rome,23-04-2024,07-06-2024,Family,Cruise,2,4789.4,2
TRIP13945,USER6415,Rome,04-09-2024,14-09-2024,Business,Flight,5,2790.47,8
TRIP13946,USER3909,New York,30-03-2024,25-04-2024,Cultural,Bus,5,4042.99,2
TRIP13947,USER5877,Rome,20-06-2024,20-06-2024,Business,Cruise,3,2269.12,6
TRIP13948,USER7009,Tokyo,16-12-2024,17-03-2025,Cultural,Bus,2,4884.67,4
TRIP13949,USER9087,New York,10-10-2024,30-10-2024,Adventure,Train,1,1999.34,8
TRIP13950,USER2720,Sydney,26-07-2024,16-01-2025,Cultural,Flight,2,2186.57,9
TRIP13951,USER2804,Istanbul,18-07-2024,05-12-2024,Beach,Train,1,1084.5,4
TRIP13952,USER7415,Bangkok,18-01-2025,08-02-2025,Leisure,Train,1,4789.45,8
TRIP13953,USER2148,London,07-01-2025,04-04-2025,Leisure,Bus,1,1961.66,10
TRIP13954,USER9449,Bangkok,26-09-2024,19-02-2025,Business,Train,3,816.7,4
TRIP13955,USER8604,New York,07-08-2024,11-10-2024,Family,Flight,5,886.09,6
TRIP13956,USER2085,Bangkok,21-09-2024,09-12-2024,Adventure,Bus,1,4333.96,3
TRIP13957,USER4864,Bangkok,19-03-2024,28-10-2024,Cultural,Bus,3,3936.2,5
TRIP13958,USER2470,New York,25-01-2025,10-04-2025,Leisure,Train,2,4826.16,6
TRIP13959,USER2749,Rome,04-09-2024,21-11-2024,Family,Cruise,4,4531.32,1
TRIP13960,USER3011,Paris,17-06-2024,20-08-2024,Business,Flight,5,3412.48,7
TRIP13961,USER9153,Sydney,24-03-2024,04-03-2025,Adventure,Cruise,4,667.01,3
TRIP13962,USER6100,Sydney,02-12-2024,01-04-2025,Cultural,Car,3,635.04,1
TRIP13963,USER6601,New York,03-03-2025,09-04-2025,Cultural,Flight,5,2970.12,8
TRIP13964,USER4598,Sydney,18-10-2024,10-03-2025,Family,Train,1,4740.16,2
TRIP13965,USER3504,Barcelona,09-04-2024,09-03-2025,Beach,Car,2,1867.63,3
TRIP13966,USER1508,Rome,02-02-2025,30-03-2025,Adventure,Bus,3,1908.23,5
TRIP13967,USER6385,Istanbul,15-03-2025,11-04-2025,Leisure,Bus,4,3330.53,3
TRIP13968,USER3094,Dubai,14-10-2024,03-03-2025,Cultural,Car,5,749.93,2
TRIP13969,USER6450,Barcelona,09-03-2025,26-03-2025,Family,Cruise,2,3416.26,1
TRIP13970,USER3745,Barcelona,22-07-2024,21-03-2025,Adventure,Train,2,1113.95,10
TRIP13971,USER9956,Dubai,09-04-2024,26-11-2024,Leisure,Cruise,3,1874.72,3
TRIP13972,USER4171,Tokyo,24-02-2025,08-03-2025,Family,Flight,1,1345.88,1
TRIP13973,USER4589,London,11-02-2025,17-02-2025,Cultural,Car,1,4489.43,3
TRIP13974,USER1204,Bangkok,24-02-2025,28-02-2025,Leisure,Bus,4,2628.94,3
TRIP13975,USER6313,Istanbul,19-01-2025,16-03-2025,Family,Cruise,4,709.53,7
TRIP13976,USER3844,Istanbul,25-05-2024,06-11-2024,Cultural,Flight,4,3553.38,9
TRIP13977,USER9899,Dubai,18-11-2024,30-01-2025,Family,Flight,4,620.86,6
TRIP13978,USER2916,Bangkok,13-11-2024,13-12-2024,Cultural,Train,3,1898.82,1
TRIP13979,USER1428,Paris,11-12-2024,24-12-2024,Leisure,Car,2,2540.27,10
TRIP13980,USER5690,Paris,27-06-2024,23-01-2025,Adventure,Flight,2,2114.74,4
TRIP13981,USER9491,Tokyo,16-08-2024,17-11-2024,Business,Cruise,2,2300.89,4
TRIP13982,USER8943,Istanbul,12-01-2025,31-03-2025,Leisure,Car,1,2002.16,2
TRIP13983,USER2759,Bangkok,18-10-2024,30-03-2025,Cultural,Train,1,1322.89,9
TRIP13984,USER7262,Sydney,08-10-2024,22-12-2024,Family,Bus,4,991.38,1
TRIP13985,USER1354,Barcelona,26-12-2024,18-01-2025,Family,Car,2,1980.3,3
TRIP13986,USER2259,London,10-12-2024,10-12-2024,Cultural,Cruise,3,2687.65,6
TRIP13987,USER5823,Paris,14-12-2024,16-01-2025,Beach,Cruise,1,3731.61,9
TRIP13988,USER5610,Sydney,31-12-2024,09-02-2025,Beach,Train,3,883.23,10
TRIP13989,USER1386,Tokyo,02-08-2024,15-10-2024,Adventure,Car,4,931.19,6
TRIP13990,USER2027,Istanbul,26-12-2024,29-12-2024,Cultural,Flight,5,852.25,7
TRIP13991,USER3027,Paris,24-05-2024,01-08-2024,Business,Car,5,1928.73,10
TRIP13992,USER1648,Barcelona,09-12-2024,30-12-2024,Cultural,Cruise,5,4029.95,7
TRIP13993,USER6871,Tokyo,31-01-2025,31-03-2025,Leisure,Car,3,611.69,8
TRIP13994,USER4648,New York,15-05-2024,13-10-2024,Adventure,Train,4,1025.31,1
TRIP13995,USER7901,Tokyo,01-05-2024,14-09-2024,Leisure,Train,5,1115.84,1
TRIP13996,USER4870,Istanbul,01-06-2024,13-03-2025,Cultural,Bus,2,1671.8,1
TRIP13997,USER5334,Dubai,20-04-2024,11-05-2024,Cultural,Flight,2,1220.61,6
TRIP13998,USER7456,London,24-01-2025,13-02-2025,Cultural,Cruise,4,4147.43,7
TRIP13999,USER8867,Paris,29-12-2024,15-04-2025,Beach,Train,3,2556.18,1
TRIP14000,USER6928,Istanbul,01-09-2024,11-01-2025,Business,Train,4,1809.32,4
TRIP14001,USER6439,Dubai,28-01-2025,13-02-2025,Adventure,Train,5,3191.89,3
TRIP14003,USER5025,Sydney,04-04-2024,25-02-2025,Beach,Cruise,2,2102.71,3
TRIP14004,USER4592,Tokyo,13-02-2025,24-03-2025,Business,Cruise,2,4497.5,1
TRIP14005,USER4184,Rome,25-04-2024,03-02-2025,Cultural,Car,3,3804.38,7
TRIP14006,USER7284,London,25-05-2024,21-02-2025,Family,Car,3,1209.21,4
TRIP14007,USER1930,Dubai,02-07-2024,08-11-2024,Adventure,Bus,5,3909.15,9
TRIP14008,USER7043,London,20-01-2025,13-04-2025,Beach,Train,4,4255.6,10
TRIP14009,USER1464,Istanbul,18-10-2024,17-02-2025,Cultural,Car,2,2588.4,9
TRIP14010,USER6068,London,21-05-2024,03-06-2024,Business,Train,3,2753.54,5
TRIP14011,USER2698,Bangkok,12-03-2025,31-03-2025,Cultural,Train,3,1263.29,4
TRIP14012,USER5415,Tokyo,26-05-2024,11-07-2024,Family,Train,1,4100.31,4
TRIP14013,USER6872,Rome,11-05-2024,08-07-2024,Family,Train,2,1279.61,6
TRIP14014,USER6691,Istanbul,23-06-2024,13-12-2024,Cultural,Train,2,3677.08,6
TRIP14015,USER9740,Sydney,26-03-2024,25-11-2024,Family,Flight,1,612.91,4
TRIP14016,USER3285,Tokyo,10-12-2024,01-02-2025,Family,Cruise,4,903.91,1
TRIP14017,USER1956,New York,17-05-2024,19-05-2024,Leisure,Bus,2,1523.29,7
TRIP14018,USER3305,Bangkok,15-08-2024,26-09-2024,Leisure,Cruise,3,3627.87,9
TRIP14019,USER7018,Rome,05-02-2025,17-03-2025,Beach,Bus,5,2002.38,9
TRIP14020,USER4392,New York,11-07-2024,29-01-2025,Business,Bus,3,3602.78,3
TRIP14021,USER7997,Dubai,20-06-2024,26-07-2024,Cultural,Train,5,4405.3,10
TRIP14022,USER5869,Dubai,16-08-2024,10-04-2025,Beach,Cruise,1,1958.29,8
TRIP14023,USER2711,New York,03-09-2024,20-09-2024,Business,Flight,1,1506.64,4
TRIP14024,USER1006,Rome,02-05-2024,20-12-2024,Beach,Flight,4,1944.04,4
TRIP14025,USER6207,Dubai,15-03-2025,11-04-2025,Adventure,Bus,1,1579.48,6
TRIP14026,USER4736,New York,03-01-2025,23-01-2025,Cultural,Train,4,3206.69,4
TRIP14027,USER8526,Sydney,10-11-2024,28-11-2024,Adventure,Flight,1,4556.16,6
TRIP14028,USER5870,Istanbul,28-09-2024,15-10-2024,Cultural,Car,3,2228.04,2
TRIP14029,USER8774,Dubai,23-07-2024,01-04-2025,Family,Car,5,3993.71,2
TRIP14030,USER1313,Barcelona,04-01-2025,06-01-2025,Adventure,Car,1,722.77,9
TRIP14031,USER8657,New York,05-08-2024,20-11-2024,Beach,Flight,1,538,8
TRIP14032,USER7644,Sydney,03-02-2025,28-03-2025,Adventure,Flight,1,612.08,1
TRIP14033,USER2520,Sydney,11-06-2024,31-01-2025,Cultural,Flight,2,4784.87,2
TRIP14034,USER3941,London,16-11-2024,27-01-2025,Leisure,Cruise,5,4607.02,2
TRIP14035,USER8704,Paris,11-07-2024,18-03-2025,Cultural,Flight,3,3112.82,10
TRIP14036,USER1587,Dubai,26-11-2024,01-04-2025,Cultural,Flight,2,1261.56,7
TRIP14037,USER3981,London,08-09-2024,11-12-2024,Family,Car,5,4208.05,8
TRIP14038,USER3877,New York,01-08-2024,17-12-2024,Beach,Flight,3,3818.55,6
TRIP14039,USER9481,Paris,17-04-2024,06-08-2024,Adventure,Bus,2,4283.31,6
TRIP14040,USER6106,New York,07-02-2025,11-02-2025,Beach,Car,1,4365.28,3
TRIP14041,USER6569,Rome,25-02-2025,15-03-2025,Adventure,Car,4,2984,7
TRIP14042,USER1540,Sydney,24-07-2024,19-08-2024,Cultural,Bus,2,2791.66,10
TRIP14043,USER7868,Paris,15-08-2024,23-08-2024,Business,Bus,3,2725.7,6
TRIP14044,USER7684,New York,30-11-2024,15-02-2025,Business,Car,2,2995.02,1
TRIP14045,USER7391,Barcelona,15-06-2024,21-12-2024,Adventure,Cruise,1,4751.27,10
TRIP14046,USER7244,Rome,03-08-2024,21-10-2024,Cultural,Car,2,3766.55,1
TRIP14047,USER1202,Tokyo,12-02-2025,20-03-2025,Leisure,Bus,5,3335.2,5
TRIP14048,USER5443,Dubai,04-06-2024,24-02-2025,Adventure,Train,5,1583,2
TRIP14049,USER5808,Tokyo,09-09-2024,30-03-2025,Leisure,Bus,2,4381.85,7
TRIP14050,USER8173,Bangkok,25-02-2025,02-03-2025,Beach,Cruise,5,3658.57,1
TRIP14051,USER1216,Paris,10-06-2024,24-07-2024,Leisure,Flight,3,3555.99,8
TRIP14052,USER3266,New York,05-07-2024,09-10-2024,Cultural,Bus,4,2194.34,7
TRIP14053,USER7015,Bangkok,13-07-2024,01-11-2024,Family,Car,3,2179.2,10
TRIP14054,USER1288,Istanbul,30-05-2024,06-03-2025,Adventure,Flight,1,3603.31,9
TRIP14055,USER7692,Rome,15-08-2024,13-11-2024,Cultural,Car,3,2263.16,3
TRIP14056,USER8311,New York,12-08-2024,23-03-2025,Adventure,Car,5,4801.89,6
TRIP14057,USER8570,Rome,25-05-2024,13-04-2025,Business,Bus,3,3998.82,5
TRIP14058,USER9525,Istanbul,13-03-2025,08-04-2025,Beach,Car,1,4156.99,3
TRIP14059,USER2797,Tokyo,14-06-2024,05-07-2024,Adventure,Flight,4,4244.45,1
TRIP14060,USER8173,Sydney,13-07-2024,26-12-2024,Adventure,Bus,1,4631.73,7
TRIP14061,USER4167,Paris,30-04-2024,30-12-2024,Family,Cruise,2,2874.82,7
TRIP14062,USER6302,New York,22-06-2024,02-01-2025,Adventure,Bus,3,3725.05,9
TRIP14063,USER8711,Barcelona,18-10-2024,07-04-2025,Family,Cruise,1,595.73,1
TRIP14064,USER5541,Rome,23-09-2024,14-11-2024,Adventure,Cruise,1,4677.42,4
TRIP14065,USER4892,Barcelona,11-05-2024,21-01-2025,Business,Train,5,875.3,4
TRIP14066,USER7718,Bangkok,12-10-2024,07-11-2024,Adventure,Train,2,3617.6,8
TRIP14067,USER6172,Sydney,26-12-2024,01-01-2025,Business,Flight,2,3011.41,1
TRIP14068,USER2238,Dubai,24-05-2024,17-09-2024,Family,Flight,4,1552.43,7
TRIP14069,USER2752,Rome,03-12-2024,24-03-2025,Family,Car,3,2916.35,2
TRIP14070,USER2309,Barcelona,22-09-2024,06-02-2025,Adventure,Flight,4,4049.85,6
TRIP14071,USER8268,Paris,14-03-2025,30-03-2025,Leisure,Car,2,1378.88,10
TRIP14072,USER3309,Istanbul,28-09-2024,06-03-2025,Adventure,Flight,4,1464.09,5
TRIP14073,USER9682,Dubai,07-09-2024,17-03-2025,Cultural,Cruise,5,1781.02,1
TRIP14074,USER2676,Paris,13-02-2025,12-03-2025,Leisure,Cruise,1,593.48,3
TRIP14075,USER2448,Bangkok,02-08-2024,25-01-2025,Beach,Cruise,5,2037.51,8
TRIP14076,USER5806,Dubai,29-04-2024,25-12-2024,Leisure,Car,5,3086.9,2
TRIP14077,USER7432,Tokyo,10-11-2024,31-01-2025,Business,Car,2,2303.2,3
TRIP14078,USER8540,Sydney,11-07-2024,15-07-2024,Adventure,Flight,3,528.86,8
TRIP14079,USER1312,London,08-07-2024,03-11-2024,Adventure,Bus,2,1169.57,5
TRIP14080,USER1621,Bangkok,05-09-2024,10-09-2024,Leisure,Cruise,5,1116.72,1
TRIP14081,USER8946,London,04-08-2024,11-01-2025,Leisure,Car,1,2168.09,3
TRIP14082,USER2770,Bangkok,02-11-2024,17-12-2024,Leisure,Train,3,1650.95,7
TRIP14083,USER5359,New York,02-05-2024,15-08-2024,Adventure,Bus,3,4196.32,7
TRIP14084,USER2291,Bangkok,12-05-2024,19-03-2025,Family,Car,2,1046.19,6
TRIP14085,USER2256,Tokyo,23-05-2024,06-11-2024,Beach,Bus,1,2764.52,5
TRIP14086,USER6801,Istanbul,18-05-2024,11-08-2024,Adventure,Bus,3,3529.85,7
TRIP14087,USER2204,Tokyo,13-01-2025,27-01-2025,Cultural,Train,2,2680.89,2
TRIP14088,USER8931,New York,04-03-2025,07-04-2025,Leisure,Bus,3,4076.1,7
TRIP14089,USER9494,Barcelona,18-12-2024,12-03-2025,Family,Train,4,2512.25,10
TRIP14090,USER7155,London,26-03-2024,27-06-2024,Family,Car,4,1730.97,1
TRIP14091,USER8384,Dubai,29-12-2024,05-02-2025,Leisure,Bus,2,1970.43,7
TRIP14092,USER2043,Sydney,29-09-2024,02-11-2024,Adventure,Flight,3,1386.29,8
TRIP14093,USER6818,Paris,24-03-2024,13-04-2025,Family,Train,1,1938.34,8
TRIP14094,USER4947,Bangkok,04-07-2024,16-09-2024,Adventure,Cruise,3,3920.89,4
TRIP14095,USER5518,London,27-02-2025,09-04-2025,Leisure,Flight,1,2317.2,10
TRIP14096,USER5476,Dubai,12-05-2024,16-05-2024,Cultural,Flight,4,4238.96,7
TRIP14097,USER8917,New York,11-09-2024,04-02-2025,Beach,Car,4,2016.36,4
TRIP14098,USER3172,Rome,27-08-2024,01-02-2025,Family,Bus,4,4394.63,5
TRIP14099,USER7736,Tokyo,21-04-2024,29-12-2024,Leisure,Train,5,4584.95,10
TRIP14100,USER5840,New York,07-03-2025,16-03-2025,Beach,Car,3,1573.17,9
TRIP14101,USER6190,Bangkok,10-04-2024,14-11-2024,Business,Cruise,1,4761,4
TRIP14102,USER7881,Paris,24-11-2024,09-02-2025,Family,Car,3,2996.95,9
TRIP14103,USER7168,New York,02-12-2024,27-02-2025,Cultural,Car,5,1133.1,4
TRIP14104,USER5341,Dubai,28-06-2024,12-10-2024,Family,Bus,4,4764.92,1
TRIP14105,USER5539,Paris,13-03-2025,26-03-2025,Cultural,Train,1,1055.38,1
TRIP14106,USER5197,Tokyo,14-03-2025,15-03-2025,Adventure,Bus,5,1438.04,4
TRIP14107,USER3273,Bangkok,07-04-2024,19-10-2024,Beach,Train,5,871.99,10
TRIP14108,USER9572,Rome,08-06-2024,26-08-2024,Adventure,Bus,3,571.96,7
TRIP14109,USER9653,Tokyo,08-08-2024,19-01-2025,Family,Bus,4,4784.37,9
TRIP14110,USER4352,Istanbul,02-10-2024,31-03-2025,Family,Flight,1,3159.84,10
TRIP14111,USER9028,Tokyo,12-10-2024,07-02-2025,Leisure,Train,5,4877.58,3
TRIP14112,USER7549,Tokyo,20-03-2024,31-01-2025,Beach,Cruise,3,2093.85,3
TRIP14113,USER8298,Dubai,04-11-2024,24-01-2025,Leisure,Cruise,2,4664.57,2
TRIP14114,USER4751,London,17-04-2024,15-07-2024,Business,Car,5,3621.81,1
TRIP14115,USER2954,Dubai,29-08-2024,03-09-2024,Adventure,Flight,1,1377.1,1
TRIP14116,USER2411,Barcelona,13-12-2024,17-03-2025,Cultural,Car,4,1404.07,7
TRIP14117,USER2342,London,11-12-2024,20-01-2025,Business,Car,1,1134.71,4
TRIP14118,USER6306,New York,08-10-2024,10-03-2025,Leisure,Flight,4,2728.54,3
TRIP14119,USER6600,Bangkok,16-03-2025,18-03-2025,Leisure,Train,3,3329.35,8
TRIP14120,USER7488,New York,29-06-2024,02-02-2025,Cultural,Cruise,4,987.86,10
TRIP14121,USER9040,Sydney,30-07-2024,10-02-2025,Business,Flight,5,558.96,8
TRIP14122,USER3218,Tokyo,28-11-2024,17-03-2025,Adventure,Train,3,4738.58,4
TRIP14123,USER4189,Sydney,19-10-2024,01-02-2025,Leisure,Bus,3,1894.18,3
TRIP14124,USER7865,London,11-05-2024,03-09-2024,Cultural,Flight,5,2220.22,9
TRIP14125,USER1540,Sydney,18-05-2024,22-12-2024,Business,Train,5,732.4,5
TRIP14126,USER3824,New York,29-03-2024,05-04-2024,Cultural,Car,4,3486.1,6
TRIP14127,USER7904,Dubai,03-10-2024,30-11-2024,Business,Bus,3,2070.56,3
TRIP14128,USER7818,Rome,25-09-2024,11-03-2025,Business,Cruise,3,2443.58,4
TRIP14129,USER8977,Istanbul,07-06-2024,12-03-2025,Adventure,Cruise,4,4629.84,8
TRIP14130,USER5001,Rome,03-10-2024,17-02-2025,Beach,Cruise,4,890.27,4
TRIP14131,USER4035,Tokyo,01-07-2024,23-01-2025,Cultural,Car,2,3561.29,10
TRIP14132,USER4795,Istanbul,13-07-2024,27-08-2024,Business,Bus,3,4575.01,4
TRIP14133,USER8604,Paris,06-04-2024,21-02-2025,Cultural,Train,2,2404.18,3
TRIP14134,USER1696,Barcelona,24-06-2024,18-09-2024,Business,Car,2,2883.93,8
TRIP14135,USER5495,Tokyo,16-09-2024,20-01-2025,Family,Flight,4,4787.17,7
TRIP14136,USER9899,London,04-03-2025,02-04-2025,Leisure,Flight,5,3722.34,3
TRIP14137,USER6615,Barcelona,23-10-2024,21-11-2024,Leisure,Train,3,4231.48,6
TRIP14138,USER3905,New York,20-02-2025,09-03-2025,Cultural,Bus,3,2563.58,6
TRIP14139,USER6779,London,20-09-2024,04-02-2025,Cultural,Cruise,3,1906.58,10
TRIP14140,USER2148,Sydney,10-10-2024,20-03-2025,Beach,Bus,4,572.28,7
TRIP14141,USER7229,Dubai,20-02-2025,18-03-2025,Cultural,Cruise,2,4311.46,4
TRIP14142,USER3594,Rome,12-06-2024,16-09-2024,Leisure,Car,1,1666.15,4
TRIP14143,USER4457,Barcelona,19-07-2024,11-09-2024,Cultural,Flight,3,3577.19,7
TRIP14144,USER1452,Istanbul,05-01-2025,05-03-2025,Business,Flight,2,2300.98,6
TRIP14145,USER2334,Sydney,18-10-2024,17-02-2025,Business,Flight,2,4662.87,5
TRIP14146,USER2704,Barcelona,21-04-2024,18-02-2025,Family,Flight,1,3277.3,10
TRIP14147,USER2119,Sydney,06-09-2024,11-09-2024,Family,Car,3,3217.48,10
TRIP14148,USER1678,Rome,09-02-2025,01-03-2025,Adventure,Flight,4,786.25,2
TRIP14149,USER1077,Barcelona,07-12-2024,09-04-2025,Beach,Cruise,3,1036.59,1
TRIP14150,USER9030,London,30-07-2024,04-08-2024,Beach,Train,3,3493.97,7
TRIP14151,USER6033,Bangkok,26-05-2024,13-01-2025,Family,Cruise,1,4733.46,2
TRIP14152,USER2022,Istanbul,21-12-2024,01-02-2025,Business,Car,5,1740.5,3
TRIP14153,USER7901,Rome,20-04-2024,07-08-2024,Business,Car,3,1565.49,4
TRIP14154,USER2480,Dubai,26-01-2025,08-02-2025,Business,Train,2,2956.6,9
TRIP14155,USER6775,Dubai,18-06-2024,27-10-2024,Family,Flight,3,582.24,7
TRIP14156,USER4432,Dubai,20-01-2025,12-04-2025,Cultural,Flight,4,1183.32,6
TRIP14157,USER9794,London,27-06-2024,31-03-2025,Beach,Cruise,3,4936.6,5
TRIP14158,USER9208,Bangkok,19-05-2024,27-10-2024,Cultural,Car,5,2013.31,7
TRIP14159,USER9717,Sydney,02-11-2024,04-11-2024,Leisure,Train,5,3588.33,5
TRIP14160,USER7421,Dubai,22-05-2024,23-08-2024,Family,Cruise,5,1971.92,10
TRIP14161,USER9206,Rome,19-12-2024,03-01-2025,Leisure,Train,1,610.75,10
TRIP14162,USER6965,Dubai,19-03-2024,10-12-2024,Adventure,Cruise,4,3571.5,3
TRIP14163,USER4295,Paris,28-06-2024,20-03-2025,Family,Bus,4,579.85,4
TRIP14165,USER7655,Dubai,24-11-2024,14-12-2024,Family,Cruise,2,863.13,1
TRIP14166,USER4010,Tokyo,28-03-2024,01-02-2025,Cultural,Cruise,3,3472.29,5
TRIP14167,USER7851,Sydney,16-06-2024,02-04-2025,Business,Train,4,4313.19,6
TRIP14168,USER1790,New York,29-08-2024,03-03-2025,Adventure,Bus,2,4343.72,1
TRIP14169,USER8123,Tokyo,06-07-2024,16-07-2024,Leisure,Cruise,5,4702.94,4
TRIP14170,USER1159,Tokyo,08-02-2025,09-03-2025,Adventure,Bus,5,1984.59,2
TRIP14171,USER4743,Barcelona,23-05-2024,02-09-2024,Adventure,Train,5,2792.22,10
TRIP14172,USER9623,Barcelona,08-05-2024,08-03-2025,Adventure,Train,3,2153.42,7
TRIP14173,USER8749,London,08-04-2024,11-08-2024,Business,Train,2,1540.6,4
TRIP14174,USER3871,Dubai,29-07-2024,16-03-2025,Cultural,Car,4,1930.09,5
TRIP14175,USER4874,Rome,16-08-2024,06-09-2024,Adventure,Cruise,2,4270.86,8
TRIP14176,USER2481,Paris,18-06-2024,21-09-2024,Cultural,Cruise,4,4094.97,7
TRIP14177,USER7741,Barcelona,06-01-2025,05-02-2025,Family,Cruise,1,3417.91,6
TRIP14178,USER5429,Barcelona,02-10-2024,09-12-2024,Family,Car,3,1225.76,1
TRIP14179,USER8952,Bangkok,11-05-2024,29-08-2024,Business,Flight,3,4330.89,5
TRIP14180,USER3485,Istanbul,08-01-2025,02-03-2025,Family,Train,1,3744.33,7
TRIP14181,USER9616,London,26-07-2024,16-12-2024,Beach,Bus,4,3307.15,10
TRIP14182,USER1136,Tokyo,03-11-2024,06-03-2025,Leisure,Flight,2,1219.39,8
TRIP14183,USER8070,Bangkok,26-09-2024,15-01-2025,Beach,Bus,5,3246.63,6
TRIP14184,USER7785,Istanbul,27-11-2024,07-02-2025,Family,Bus,5,3278.76,8
TRIP14185,USER9737,Dubai,08-04-2024,28-09-2024,Business,Car,2,3897.83,1
TRIP14186,USER7457,Istanbul,07-04-2024,09-05-2024,Business,Train,3,2526.18,4
TRIP14187,USER6540,Paris,29-10-2024,27-01-2025,Business,Car,4,1676.64,5
TRIP14188,USER6083,Rome,21-04-2024,07-05-2024,Beach,Flight,5,557.27,8
TRIP14189,USER3545,Paris,24-08-2024,17-11-2024,Cultural,Flight,4,3286.16,2
TRIP14190,USER5715,Tokyo,26-01-2025,27-03-2025,Family,Flight,2,4389.51,9
TRIP14191,USER2921,Sydney,01-01-2025,15-04-2025,Family,Flight,1,968.39,8
TRIP14192,USER8876,Barcelona,20-03-2024,29-07-2024,Business,Cruise,4,1071.24,5
TRIP14193,USER2824,Tokyo,20-07-2024,18-11-2024,Leisure,Car,1,4136.89,6
TRIP14194,USER8345,Rome,04-08-2024,11-01-2025,Adventure,Car,3,2400.18,7
TRIP14195,USER1148,Rome,10-03-2025,12-04-2025,Family,Train,5,1867.91,10
TRIP14196,USER8808,Bangkok,30-05-2024,25-06-2024,Cultural,Car,3,3228.23,5
TRIP14197,USER1490,London,28-09-2024,11-01-2025,Adventure,Flight,3,4812.36,9
TRIP14198,USER1754,Istanbul,17-08-2024,09-10-2024,Cultural,Bus,2,4657.84,7
TRIP14199,USER2434,Tokyo,13-04-2024,01-08-2024,Leisure,Cruise,1,2029.17,7
TRIP14200,USER2415,Dubai,16-03-2025,04-04-2025,Leisure,Cruise,1,2616.84,3
TRIP14201,USER1472,Istanbul,26-11-2024,22-03-2025,Beach,Bus,2,1694.9,6
TRIP14202,USER7618,Paris,06-06-2024,27-01-2025,Adventure,Flight,3,4594.07,3
TRIP14203,USER3769,Bangkok,11-07-2024,06-09-2024,Cultural,Flight,1,2663.34,9
TRIP14204,USER8513,New York,05-11-2024,10-12-2024,Adventure,Car,5,1209.71,9
TRIP14205,USER2049,Barcelona,26-10-2024,02-03-2025,Adventure,Flight,5,2029.04,5
TRIP14206,USER1010,Tokyo,01-03-2025,25-03-2025,Adventure,Car,3,1419.21,7
TRIP14207,USER2421,Barcelona,17-02-2025,28-03-2025,Business,Bus,3,3605.61,1
TRIP14208,USER6968,Barcelona,23-03-2024,27-02-2025,Adventure,Flight,2,4544.19,6
TRIP14209,USER9677,Paris,18-09-2024,04-02-2025,Business,Train,4,1793.88,3
TRIP14210,USER4090,New York,11-04-2024,18-07-2024,Adventure,Bus,1,4912.82,3
TRIP14211,USER4886,Barcelona,09-12-2024,16-01-2025,Family,Train,3,1474.43,10
TRIP14212,USER6255,Rome,24-01-2025,04-03-2025,Beach,Car,3,2336.35,6
TRIP14213,USER8914,Istanbul,19-12-2024,29-12-2024,Beach,Bus,1,4113.4,10
TRIP14214,USER6868,Rome,21-09-2024,09-11-2024,Adventure,Train,3,2803.43,3
TRIP14215,USER4039,Tokyo,17-12-2024,10-03-2025,Leisure,Cruise,4,4736.03,6
TRIP14216,USER3435,Tokyo,21-04-2024,10-12-2024,Cultural,Car,4,4438.83,1
TRIP14217,USER8708,Rome,26-05-2024,30-07-2024,Leisure,Flight,2,797.24,10
TRIP14218,USER6395,New York,21-11-2024,04-12-2024,Leisure,Bus,4,4007.57,7
TRIP14219,USER5159,Paris,23-08-2024,23-10-2024,Beach,Cruise,1,2143.83,5
TRIP14220,USER6973,Tokyo,12-09-2024,03-03-2025,Beach,Cruise,1,1220.45,10
TRIP14221,USER8631,Barcelona,19-09-2024,21-01-2025,Family,Flight,1,2163.85,1
TRIP14222,USER5512,Rome,11-10-2024,16-11-2024,Beach,Flight,1,1581.7,2
TRIP14223,USER8389,Dubai,23-02-2025,23-02-2025,Cultural,Train,4,2763.1,9
TRIP14224,USER8641,Barcelona,02-12-2024,10-04-2025,Business,Train,1,4856.44,7
TRIP14225,USER5425,New York,24-09-2024,11-04-2025,Adventure,Bus,1,2994.06,6
TRIP14226,USER1393,Rome,19-02-2025,11-03-2025,Adventure,Car,1,3396.77,7
TRIP14227,USER3002,London,15-08-2024,15-10-2024,Beach,Train,3,3277.64,10
TRIP14228,USER5888,Dubai,26-12-2024,29-03-2025,Beach,Flight,4,1771.02,4
TRIP14229,USER8272,Rome,01-01-2025,15-01-2025,Cultural,Car,2,2011.53,5
TRIP14230,USER4685,Paris,23-01-2025,29-01-2025,Leisure,Cruise,1,2529.96,4
TRIP14231,USER1297,Sydney,26-09-2024,27-01-2025,Beach,Bus,3,988.34,2
TRIP14232,USER7695,Bangkok,21-03-2024,14-01-2025,Business,Flight,3,1993.37,5
TRIP14233,USER2414,Bangkok,07-01-2025,19-03-2025,Adventure,Car,1,4906.77,6
TRIP14234,USER5047,Dubai,24-11-2024,23-12-2024,Beach,Cruise,4,3179.07,9
TRIP14235,USER6580,Istanbul,27-01-2025,09-04-2025,Leisure,Train,3,2524.33,3
TRIP14236,USER7778,Bangkok,09-03-2025,20-03-2025,Family,Bus,3,3653.05,8
TRIP14237,USER2344,Istanbul,24-12-2024,07-03-2025,Business,Train,3,718.08,4
TRIP14238,USER6146,London,30-05-2024,27-08-2024,Adventure,Flight,1,3997.35,1
TRIP14239,USER9726,Istanbul,06-01-2025,02-02-2025,Business,Flight,3,3478.35,9
TRIP14240,USER9262,New York,17-04-2024,18-07-2024,Leisure,Flight,4,585.68,7
TRIP14241,USER2133,Dubai,11-01-2025,10-04-2025,Family,Bus,3,4590.31,2
TRIP14242,USER2198,Sydney,30-01-2025,05-04-2025,Family,Train,3,634.73,6
TRIP14243,USER7691,Paris,24-01-2025,24-01-2025,Beach,Car,3,3126.12,10
TRIP14244,USER8436,Sydney,31-08-2024,18-12-2024,Family,Car,3,3980.54,6
TRIP14245,USER5894,Paris,19-04-2024,01-01-2025,Adventure,Flight,1,3976.05,10
TRIP14246,USER4878,Bangkok,11-07-2024,05-03-2025,Beach,Cruise,5,4572.35,4
TRIP14247,USER7840,London,02-05-2024,21-09-2024,Leisure,Train,4,1023.31,6
TRIP14248,USER6274,Istanbul,01-09-2024,12-04-2025,Beach,Bus,1,1983.93,1
TRIP14249,USER2077,Bangkok,13-04-2024,18-12-2024,Beach,Bus,1,2795.29,7
TRIP14250,USER5246,Paris,20-12-2024,22-02-2025,Business,Flight,3,2226.37,2
TRIP14251,USER1242,Rome,28-09-2024,08-04-2025,Beach,Car,1,4333.04,10
TRIP14252,USER6499,Tokyo,27-03-2024,05-09-2024,Beach,Bus,5,2556.5,8
TRIP14253,USER8943,Bangkok,24-07-2024,16-08-2024,Beach,Cruise,3,929.74,5
TRIP14254,USER1490,Paris,09-12-2024,20-03-2025,Family,Cruise,1,2446.8,4
TRIP14255,USER1883,New York,31-03-2024,07-07-2024,Family,Cruise,1,940.66,3
TRIP14256,USER1581,Barcelona,20-10-2024,15-11-2024,Leisure,Car,3,4380.37,6
TRIP14257,USER8535,London,04-08-2024,28-10-2024,Adventure,Bus,3,1469.53,10
TRIP14258,USER6487,Barcelona,13-11-2024,28-02-2025,Family,Flight,3,2313.64,8
TRIP14259,USER5995,Rome,12-08-2024,04-12-2024,Business,Car,2,2988.21,9
TRIP14260,USER6960,Tokyo,19-03-2024,16-03-2025,Beach,Flight,5,2201.57,10
TRIP14261,USER2991,Barcelona,08-04-2024,27-11-2024,Adventure,Car,4,4950.31,8
TRIP14262,USER5470,Bangkok,03-07-2024,01-03-2025,Adventure,Bus,2,3901.76,5
TRIP14263,USER1271,Dubai,03-01-2025,09-04-2025,Cultural,Car,2,2285.99,4
TRIP14264,USER2721,Barcelona,13-06-2024,20-06-2024,Beach,Car,4,3257.33,10
TRIP14265,USER9538,Istanbul,14-01-2025,26-02-2025,Adventure,Car,2,508.7,2
TRIP14266,USER8301,Rome,18-07-2024,18-07-2024,Adventure,Bus,2,1628.52,5
TRIP14267,USER6315,Istanbul,06-09-2024,18-02-2025,Family,Flight,2,1620.8,7
TRIP14268,USER9025,Istanbul,25-06-2024,07-09-2024,Family,Cruise,4,1857.32,5
TRIP14269,USER9710,Barcelona,19-02-2025,01-04-2025,Family,Car,3,3915.42,6
TRIP14270,USER5394,New York,30-04-2024,05-11-2024,Beach,Bus,3,3063.69,2
TRIP14271,USER3035,Bangkok,20-10-2024,10-11-2024,Beach,Train,1,2666.65,5
TRIP14272,USER3302,Dubai,31-03-2024,27-02-2025,Family,Train,5,4164.98,5
TRIP14273,USER8538,New York,02-05-2024,18-05-2024,Beach,Bus,5,3664.08,8
TRIP14274,USER4604,Bangkok,27-02-2025,12-04-2025,Adventure,Train,1,1970.36,1
TRIP14275,USER7624,New York,02-11-2024,13-04-2025,Leisure,Flight,4,3651.77,5
TRIP14276,USER8155,Istanbul,18-07-2024,23-09-2024,Adventure,Car,1,3960.73,3
TRIP14277,USER4734,Paris,16-06-2024,22-02-2025,Adventure,Train,4,4334.11,1
TRIP14278,USER5903,Barcelona,22-10-2024,18-12-2024,Beach,Cruise,2,4919.51,10
TRIP14279,USER7910,Sydney,21-02-2025,10-03-2025,Adventure,Train,5,1286.43,7
TRIP14280,USER2958,Barcelona,08-09-2024,06-01-2025,Business,Flight,4,635.91,10
TRIP14281,USER4301,Rome,12-02-2025,14-03-2025,Family,Flight,3,1670.79,1
TRIP14282,USER3884,Tokyo,28-02-2025,04-04-2025,Cultural,Train,1,4788.89,2
TRIP14283,USER1733,Istanbul,22-05-2024,18-06-2024,Beach,Train,4,3875.99,5
TRIP14284,USER2133,Dubai,26-01-2025,11-04-2025,Adventure,Car,4,1450.44,10
TRIP14285,USER9147,Dubai,11-07-2024,16-11-2024,Leisure,Flight,4,1365.48,8
TRIP14286,USER7936,Sydney,13-04-2024,03-11-2024,Leisure,Bus,4,4874.17,6
TRIP14287,USER6440,Tokyo,29-01-2025,12-03-2025,Beach,Bus,2,888.36,9
TRIP14288,USER4171,Tokyo,18-10-2024,27-03-2025,Family,Flight,3,3639.94,1
TRIP14289,USER2416,Sydney,11-12-2024,15-12-2024,Leisure,Train,1,2406.85,10
TRIP14290,USER1560,Rome,26-02-2025,06-03-2025,Business,Car,4,3590.71,7
TRIP14291,USER5566,Dubai,26-04-2024,05-03-2025,Cultural,Bus,2,2762.48,8
TRIP14292,USER2454,Istanbul,30-12-2024,19-03-2025,Beach,Bus,2,3751.91,1
TRIP14293,USER3201,Istanbul,16-08-2024,29-11-2024,Family,Flight,4,4017.22,3
TRIP14294,USER2526,Paris,11-03-2025,07-04-2025,Family,Train,3,4395.32,1
TRIP14295,USER5452,Bangkok,13-12-2024,11-04-2025,Business,Train,5,907.84,8
TRIP14296,USER3208,Barcelona,06-05-2024,03-11-2024,Business,Train,1,606.59,6
TRIP14297,USER9199,Paris,06-11-2024,13-03-2025,Family,Flight,5,4909.41,1
TRIP14298,USER7808,Bangkok,03-07-2024,27-10-2024,Cultural,Train,5,4673.73,8
TRIP14299,USER8166,Paris,12-06-2024,04-11-2024,Business,Train,1,966.89,4
TRIP14300,USER7976,Tokyo,03-11-2024,13-12-2024,Family,Train,4,3721.59,9
TRIP14301,USER3073,London,25-11-2024,29-11-2024,Cultural,Bus,3,4039,9
TRIP14302,USER9529,Rome,20-04-2024,23-07-2024,Family,Bus,4,3689.72,1
TRIP14303,USER2524,Bangkok,09-11-2024,29-11-2024,Business,Bus,2,1418.07,3
TRIP14304,USER5887,Bangkok,13-02-2025,30-03-2025,Leisure,Cruise,3,2890.32,5
TRIP14305,USER2533,Dubai,10-03-2025,15-04-2025,Beach,Flight,4,4027.59,5
TRIP14306,USER4270,Sydney,03-05-2024,07-03-2025,Business,Train,5,4896.45,4
TRIP14307,USER8443,Istanbul,23-08-2024,13-03-2025,Business,Bus,2,2964.02,1
TRIP14308,USER1996,Sydney,06-01-2025,23-02-2025,Family,Cruise,2,1318.12,7
TRIP14309,USER4481,New York,28-03-2024,04-12-2024,Leisure,Flight,5,3127.78,3
TRIP14310,USER8587,New York,07-03-2025,14-03-2025,Family,Flight,1,4000.63,2
TRIP14311,USER2398,Bangkok,02-06-2024,22-12-2024,Beach,Bus,3,4263.54,2
TRIP14312,USER7982,Istanbul,17-05-2024,20-06-2024,Family,Flight,5,1515.25,5
TRIP14313,USER9497,Tokyo,22-02-2025,11-04-2025,Adventure,Train,4,4802.81,6
TRIP14314,USER8817,London,05-03-2025,12-03-2025,Adventure,Bus,1,1548.07,2
TRIP14315,USER3589,New York,21-05-2024,20-10-2024,Beach,Car,3,3214.63,5
TRIP14316,USER8343,New York,01-09-2024,27-12-2024,Family,Bus,3,1709.01,5
TRIP14317,USER4818,New York,29-08-2024,25-09-2024,Beach,Bus,3,4903.28,5
TRIP14318,USER8852,Barcelona,08-10-2024,11-02-2025,Adventure,Car,4,2863.1,2
TRIP14319,USER6588,Istanbul,16-05-2024,02-01-2025,Family,Cruise,1,4022.35,3
TRIP14320,USER1627,London,03-02-2025,16-03-2025,Business,Car,5,857.68,7
TRIP14321,USER7735,Barcelona,17-06-2024,26-09-2024,Adventure,Bus,3,1800.92,3
TRIP14322,USER5742,Paris,18-10-2024,28-03-2025,Beach,Bus,5,2429.65,3
TRIP14323,USER1287,Tokyo,05-05-2024,08-11-2024,Business,Train,1,2504.13,6
TRIP14324,USER6895,Sydney,03-06-2024,01-10-2024,Leisure,Cruise,2,1476.46,8
TRIP14325,USER5706,Sydney,14-05-2024,20-01-2025,Beach,Bus,3,4566.91,10
TRIP14326,USER7322,Sydney,31-03-2024,27-02-2025,Business,Flight,5,1989.32,4
TRIP14327,USER6405,New York,19-02-2025,23-03-2025,Business,Train,1,4665.1,5
TRIP14328,USER5388,Bangkok,23-06-2024,16-01-2025,Beach,Train,3,2751.7,9
TRIP14329,USER4443,Barcelona,27-08-2024,17-11-2024,Adventure,Bus,1,2659.49,5
TRIP14330,USER5756,London,21-12-2024,12-02-2025,Cultural,Cruise,2,3338.6,5
TRIP14331,USER6823,New York,29-09-2024,25-12-2024,Adventure,Train,4,3360.55,4
TRIP14332,USER2802,Rome,21-05-2024,02-12-2024,Business,Train,4,993.8,4
TRIP14333,USER5618,Dubai,18-10-2024,21-01-2025,Beach,Car,3,4084.68,10
TRIP14334,USER2444,Rome,21-06-2024,09-02-2025,Family,Flight,2,1577.46,8
TRIP14335,USER9790,Sydney,20-04-2024,17-03-2025,Business,Car,3,4888.03,9
TRIP14336,USER3043,Barcelona,13-08-2024,12-04-2025,Family,Car,4,3354.83,4
TRIP14337,USER8293,Bangkok,07-11-2024,04-02-2025,Leisure,Car,3,4310.88,6
TRIP14338,USER6508,Sydney,03-10-2024,26-01-2025,Business,Train,3,1154.95,3
TRIP14339,USER7939,Paris,01-08-2024,17-01-2025,Business,Cruise,5,2169.43,7
TRIP14340,USER5034,Sydney,07-04-2024,19-12-2024,Cultural,Cruise,3,2100.45,5
TRIP14341,USER7734,Dubai,08-06-2024,23-11-2024,Cultural,Cruise,2,3101.54,9
TRIP14342,USER4186,Rome,08-02-2025,18-03-2025,Cultural,Train,1,3368.97,2
TRIP14343,USER2885,Rome,17-07-2024,03-10-2024,Leisure,Bus,2,555.79,5
TRIP14344,USER4276,London,21-12-2024,15-01-2025,Family,Train,3,589.01,3
TRIP14345,USER1747,Dubai,21-07-2024,18-02-2025,Family,Bus,5,4821.71,1
TRIP14346,USER6237,Paris,11-08-2024,15-04-2025,Leisure,Flight,5,3138.24,2
TRIP14347,USER6287,Dubai,31-08-2024,19-02-2025,Beach,Car,5,4458.89,8
TRIP14348,USER8460,Barcelona,18-05-2024,09-07-2024,Beach,Bus,3,3804.73,10
TRIP14349,USER3470,Istanbul,21-10-2024,05-02-2025,Cultural,Cruise,5,1486.28,5
TRIP14350,USER8749,Istanbul,11-01-2025,21-03-2025,Business,Train,4,3296.69,7
TRIP14351,USER8173,Paris,17-07-2024,03-09-2024,Leisure,Cruise,4,983,8
TRIP14352,USER1336,London,25-04-2024,02-03-2025,Leisure,Bus,5,3415.26,8
TRIP14353,USER6828,Sydney,16-12-2024,02-02-2025,Business,Bus,4,1888.97,9
TRIP14354,USER2773,Tokyo,26-06-2024,04-09-2024,Business,Cruise,3,916.63,2
TRIP14355,USER7676,Barcelona,18-03-2024,01-11-2024,Business,Flight,5,3101.74,7
TRIP14356,USER5474,London,24-07-2024,11-08-2024,Family,Bus,5,986.16,4
TRIP14357,USER7132,Istanbul,28-08-2024,31-01-2025,Family,Flight,1,4187.01,7
TRIP14358,USER9418,Tokyo,10-01-2025,02-02-2025,Family,Flight,1,4827.38,9
TRIP14359,USER5607,Paris,19-09-2024,08-04-2025,Family,Train,4,1768.12,9
TRIP14360,USER9791,Barcelona,27-07-2024,01-02-2025,Cultural,Flight,3,2768.08,6
TRIP14361,USER3776,New York,26-07-2024,26-07-2024,Beach,Bus,2,2264.39,4
TRIP14362,USER7296,Dubai,13-09-2024,31-03-2025,Family,Car,4,4148.05,7
TRIP14363,USER8352,Bangkok,17-01-2025,08-04-2025,Beach,Car,4,3324.32,7
TRIP14364,USER2376,Paris,25-04-2024,01-05-2024,Business,Bus,1,2783.59,1
TRIP14365,USER5164,Barcelona,03-04-2024,20-06-2024,Business,Flight,4,4522.8,7
TRIP14366,USER8210,Rome,14-11-2024,01-03-2025,Business,Car,5,2665.82,4
TRIP14367,USER5472,Bangkok,20-05-2024,02-01-2025,Adventure,Flight,5,4467.19,2
TRIP14368,USER2097,New York,11-02-2025,08-03-2025,Beach,Cruise,5,4569.03,5
TRIP14369,USER2559,New York,04-09-2024,06-09-2024,Business,Car,3,734.38,8
TRIP14370,USER7462,Sydney,06-07-2024,23-03-2025,Cultural,Train,4,3923.56,2
TRIP14371,USER8577,New York,18-09-2024,15-04-2025,Family,Train,3,1684.44,8
TRIP14372,USER5135,London,17-03-2024,05-11-2024,Adventure,Cruise,2,4791.06,9
TRIP14373,USER1632,New York,25-02-2025,19-03-2025,Adventure,Car,5,4503.66,3
TRIP14374,USER8488,Rome,24-04-2024,12-09-2024,Beach,Car,1,924.58,10
TRIP14375,USER3853,Barcelona,08-01-2025,25-02-2025,Beach,Cruise,3,3950.41,10
TRIP14376,USER2765,Istanbul,30-11-2024,03-12-2024,Business,Bus,3,1114.21,5
TRIP14377,USER3557,Dubai,03-08-2024,03-12-2024,Business,Cruise,2,3775.09,9
TRIP14378,USER4717,London,29-07-2024,05-10-2024,Leisure,Flight,1,4293.81,7
TRIP14379,USER5709,Bangkok,31-08-2024,14-11-2024,Cultural,Car,2,547.85,7
TRIP14380,USER6413,Tokyo,30-03-2024,19-01-2025,Cultural,Cruise,4,3930.01,6
TRIP14381,USER9360,London,22-04-2024,11-12-2024,Family,Car,1,1912.1,10
TRIP14382,USER4777,Sydney,14-02-2025,15-04-2025,Adventure,Flight,5,4054.58,5
TRIP14383,USER1198,Barcelona,05-11-2024,10-04-2025,Business,Bus,1,1617.89,9
TRIP14384,USER6888,Bangkok,15-08-2024,03-12-2024,Leisure,Bus,1,674.56,6
TRIP14385,USER4279,London,20-11-2024,27-01-2025,Adventure,Bus,1,4500.13,6
TRIP14386,USER4103,Bangkok,15-02-2025,05-03-2025,Cultural,Cruise,1,4746.62,3
TRIP14387,USER8654,Dubai,10-07-2024,09-04-2025,Leisure,Bus,2,1343.2,10
TRIP14388,USER9856,Sydney,24-08-2024,02-10-2024,Cultural,Flight,1,1022.1,1
TRIP14389,USER5671,Dubai,13-03-2025,20-03-2025,Adventure,Train,2,3178.06,1
TRIP14390,USER2064,Dubai,27-03-2024,08-02-2025,Leisure,Car,1,2841.26,6
TRIP14391,USER7029,Rome,13-12-2024,17-12-2024,Family,Car,2,4501.41,9
TRIP14392,USER6747,Istanbul,30-05-2024,27-07-2024,Adventure,Flight,3,4947.65,2
TRIP14393,USER5097,Rome,27-11-2024,21-12-2024,Family,Train,3,4507.22,7
TRIP14394,USER3315,Bangkok,12-12-2024,16-03-2025,Cultural,Train,3,3059.21,3
TRIP14395,USER9488,Bangkok,05-11-2024,11-11-2024,Business,Cruise,4,1269.07,4
TRIP14396,USER3427,Dubai,06-03-2025,14-04-2025,Adventure,Train,1,2237.6,6
TRIP14397,USER8177,Istanbul,01-05-2024,29-08-2024,Business,Flight,1,2433.71,2
TRIP14398,USER1143,Barcelona,28-07-2024,21-09-2024,Business,Cruise,3,4243.87,9
TRIP14399,USER3688,Paris,14-03-2025,14-04-2025,Business,Bus,1,2015.25,5
TRIP14400,USER9429,New York,06-04-2024,13-11-2024,Cultural,Train,1,1935.86,9
TRIP14401,USER5599,Dubai,15-04-2024,07-01-2025,Business,Bus,4,3197.82,1
TRIP14402,USER3236,Sydney,01-08-2024,18-09-2024,Family,Cruise,3,4437.29,1
TRIP14403,USER7700,New York,22-09-2024,11-12-2024,Family,Flight,2,4394.05,10
TRIP14404,USER3629,London,04-03-2025,25-03-2025,Leisure,Car,3,4250.95,10
TRIP14405,USER3835,London,23-11-2024,21-03-2025,Adventure,Bus,4,4091.06,8
TRIP14406,USER1205,Barcelona,09-07-2024,27-02-2025,Leisure,Bus,1,3760.33,5
TRIP14407,USER6310,Bangkok,25-04-2024,13-05-2024,Adventure,Train,1,1372.4,5
TRIP14408,USER9328,New York,02-12-2024,06-02-2025,Leisure,Bus,2,3011.84,9
TRIP14409,USER7020,Tokyo,21-05-2024,21-09-2024,Business,Car,1,4539.07,6
TRIP14410,USER8174,Rome,21-08-2024,01-11-2024,Adventure,Flight,2,3198.52,9
TRIP14411,USER6702,Dubai,09-08-2024,23-01-2025,Family,Car,2,1059.52,4
TRIP14412,USER1700,Bangkok,16-06-2024,05-01-2025,Cultural,Flight,1,4531.09,7
TRIP14413,USER2920,Tokyo,21-10-2024,25-03-2025,Beach,Bus,3,1071.92,3
TRIP14414,USER1077,Istanbul,05-02-2025,17-03-2025,Beach,Cruise,1,1426.85,8
TRIP14415,USER2612,Bangkok,18-11-2024,20-01-2025,Family,Car,2,4141.93,10
TRIP14416,USER3306,Rome,27-10-2024,12-01-2025,Business,Bus,2,1838.42,5
TRIP14417,USER8573,Istanbul,20-04-2024,16-01-2025,Cultural,Train,4,2636.21,6
TRIP14418,USER4662,Rome,05-09-2024,30-12-2024,Family,Bus,5,1319.59,10
TRIP14419,USER9879,Bangkok,10-05-2024,23-10-2024,Business,Flight,5,2615.53,10
TRIP14420,USER8091,Bangkok,16-03-2024,20-05-2024,Business,Cruise,5,3956.54,2
TRIP14421,USER7639,Sydney,07-03-2025,01-04-2025,Adventure,Train,4,4328.18,1
TRIP14422,USER5423,Sydney,22-08-2024,31-12-2024,Family,Bus,1,4750.33,4
TRIP14423,USER5179,Barcelona,23-05-2024,14-06-2024,Adventure,Flight,1,3785.2,6
TRIP14424,USER2308,London,06-11-2024,21-01-2025,Adventure,Flight,1,3818.51,7
TRIP14425,USER2288,Barcelona,29-04-2024,06-08-2024,Business,Cruise,3,1387.06,4
TRIP14426,USER5865,Istanbul,07-11-2024,18-12-2024,Adventure,Flight,5,1340.75,9
TRIP14427,USER5466,Barcelona,12-03-2025,28-03-2025,Adventure,Bus,3,3948.64,3
TRIP14428,USER4835,London,21-08-2024,15-03-2025,Cultural,Cruise,4,572.82,6
TRIP14429,USER1946,Bangkok,23-08-2024,06-02-2025,Leisure,Cruise,3,1386.32,2
TRIP14430,USER7534,Dubai,01-09-2024,24-03-2025,Family,Train,2,1616.02,3
TRIP14431,USER2126,London,29-08-2024,10-03-2025,Leisure,Car,5,4730.63,6
TRIP14432,USER6346,Rome,14-06-2024,19-03-2025,Beach,Train,3,1576.13,8
TRIP14433,USER1144,Istanbul,18-11-2024,30-12-2024,Cultural,Bus,3,1980.48,3
TRIP14434,USER5571,Paris,06-07-2024,20-08-2024,Leisure,Train,1,1900.64,1
TRIP14435,USER5883,London,16-07-2024,10-04-2025,Leisure,Cruise,4,4510.82,8
TRIP14436,USER7846,Paris,11-06-2024,02-07-2024,Leisure,Car,1,2217.77,6
TRIP14437,USER4949,Dubai,25-06-2024,11-12-2024,Beach,Car,1,4143.55,10
TRIP14438,USER2517,Paris,08-10-2024,09-04-2025,Adventure,Flight,5,4671.48,9
TRIP14439,USER2563,New York,09-07-2024,07-03-2025,Leisure,Car,1,1082.04,9
TRIP14440,USER3860,Dubai,17-07-2024,22-10-2024,Family,Bus,4,1394.3,1
TRIP14441,USER8265,Rome,05-10-2024,01-11-2024,Family,Bus,5,1117.49,6
TRIP14442,USER3181,Istanbul,13-05-2024,15-09-2024,Business,Car,4,2972.61,9
TRIP14443,USER3210,New York,05-07-2024,04-04-2025,Family,Flight,2,996.15,7
TRIP14444,USER5951,Barcelona,19-01-2025,09-02-2025,Business,Cruise,1,3018.09,6
TRIP14445,USER5224,Sydney,14-07-2024,07-03-2025,Business,Car,4,3637.34,8
TRIP14446,USER6022,Sydney,10-08-2024,21-11-2024,Cultural,Flight,5,2665.74,5
TRIP14447,USER5484,Barcelona,13-03-2025,18-03-2025,Business,Cruise,4,4333.24,6
TRIP14448,USER4458,Sydney,01-04-2024,30-07-2024,Beach,Flight,1,3555.62,5
TRIP14449,USER7426,Sydney,05-11-2024,21-01-2025,Cultural,Cruise,3,4659.06,10
TRIP14450,USER4026,Istanbul,29-03-2024,03-09-2024,Adventure,Bus,1,3801.5,1
TRIP14451,USER3923,Dubai,23-08-2024,01-01-2025,Family,Bus,3,4285.24,3
TRIP14452,USER1476,Tokyo,16-03-2025,11-04-2025,Adventure,Car,2,3379.4,6
TRIP14453,USER6200,Istanbul,17-03-2024,06-11-2024,Business,Flight,4,3507.4,4
TRIP14454,USER2529,Barcelona,07-11-2024,04-03-2025,Family,Train,3,2406.36,9
TRIP14455,USER9719,London,31-08-2024,31-12-2024,Family,Flight,1,4284.69,9
TRIP14456,USER3156,Paris,06-10-2024,31-12-2024,Cultural,Flight,1,2128.66,6
TRIP14457,USER9694,New York,12-11-2024,31-01-2025,Leisure,Bus,4,1085.47,7
TRIP14458,USER3306,Paris,05-03-2025,08-04-2025,Adventure,Cruise,3,4043.74,7
TRIP14459,USER5480,Istanbul,12-11-2024,10-03-2025,Leisure,Train,3,4515.65,9
TRIP14460,USER7125,Tokyo,12-08-2024,03-10-2024,Cultural,Car,1,1440.72,2
TRIP14461,USER8909,Tokyo,07-11-2024,22-12-2024,Cultural,Cruise,1,2618.55,10
TRIP14462,USER8571,Paris,30-10-2024,07-12-2024,Cultural,Flight,1,1498.45,9
TRIP14463,USER7212,Dubai,18-11-2024,20-11-2024,Adventure,Bus,1,4987.75,8
TRIP14464,USER4754,New York,28-05-2024,26-12-2024,Beach,Flight,1,2087.31,8
TRIP14465,USER5092,Istanbul,21-10-2024,02-04-2025,Adventure,Flight,3,1496.59,3
TRIP14466,USER2992,London,06-11-2024,17-02-2025,Family,Bus,2,624.6,5
TRIP14467,USER7566,Istanbul,06-02-2025,11-04-2025,Leisure,Cruise,4,4730.13,10
TRIP14468,USER2860,Paris,20-07-2024,08-04-2025,Family,Bus,2,2900.58,7
TRIP14469,USER2380,Barcelona,02-05-2024,24-02-2025,Business,Bus,3,2630.47,9
TRIP14470,USER5682,Dubai,16-12-2024,06-03-2025,Business,Flight,5,3480.11,4
TRIP14471,USER4581,Rome,12-06-2024,11-09-2024,Cultural,Bus,4,4687.55,5
TRIP14472,USER8994,Dubai,02-03-2025,07-04-2025,Cultural,Cruise,3,3011.69,3
TRIP14473,USER5700,Bangkok,08-09-2024,22-09-2024,Beach,Car,3,3448.63,5
TRIP14474,USER6125,Dubai,13-12-2024,19-03-2025,Adventure,Train,1,2478.24,4
TRIP14475,USER7257,New York,28-07-2024,04-09-2024,Adventure,Cruise,5,2977.53,8
TRIP14476,USER2124,New York,28-03-2024,15-08-2024,Adventure,Flight,1,3591.48,8
TRIP14477,USER6231,Tokyo,07-07-2024,16-12-2024,Beach,Car,4,2344.54,5
TRIP14478,USER6494,Tokyo,07-12-2024,30-03-2025,Leisure,Bus,4,4778.5,3
TRIP14479,USER9584,London,12-08-2024,24-11-2024,Family,Car,4,2584.73,4
TRIP14480,USER8329,Barcelona,16-06-2024,17-09-2024,Business,Car,1,790.42,7
TRIP14481,USER5987,Tokyo,19-01-2025,16-03-2025,Beach,Bus,5,4122.35,5
TRIP14482,USER6178,New York,09-12-2024,29-12-2024,Beach,Car,1,663.54,1
TRIP14483,USER7562,Dubai,27-11-2024,26-01-2025,Beach,Cruise,1,3251.73,6
TRIP14484,USER6056,Barcelona,29-01-2025,14-04-2025,Family,Flight,1,4446.97,10
TRIP14485,USER7567,London,07-09-2024,14-04-2025,Adventure,Cruise,2,932,7
TRIP14486,USER3140,London,24-09-2024,24-01-2025,Adventure,Car,4,3305.11,8
TRIP14487,USER9013,Bangkok,27-07-2024,26-08-2024,Business,Flight,5,2916.26,10
TRIP14488,USER9662,Sydney,15-01-2025,14-03-2025,Beach,Car,1,3894.32,6
TRIP14489,USER7990,Istanbul,01-02-2025,05-03-2025,Cultural,Train,1,3629.54,1
TRIP14490,USER9651,Bangkok,06-04-2024,14-09-2024,Leisure,Train,4,2196.1,9
TRIP14491,USER8185,New York,15-05-2024,08-11-2024,Business,Train,4,768.27,10
TRIP14492,USER4354,Rome,03-01-2025,17-01-2025,Cultural,Bus,2,2789.07,1
TRIP14493,USER3179,London,27-08-2024,11-01-2025,Beach,Train,1,1438.67,4
TRIP14494,USER7107,Bangkok,11-08-2024,02-01-2025,Family,Cruise,3,4846.89,5
TRIP14495,USER9316,Istanbul,26-05-2024,22-03-2025,Adventure,Train,5,3292.55,7
TRIP14496,USER2345,Barcelona,10-07-2024,14-10-2024,Leisure,Car,5,1748.28,1
TRIP14497,USER7527,Tokyo,23-12-2024,21-03-2025,Business,Cruise,5,3552.06,5
TRIP14498,USER4658,Tokyo,09-09-2024,08-04-2025,Leisure,Flight,3,3094.95,6
TRIP14499,USER9397,Barcelona,11-01-2025,30-03-2025,Leisure,Cruise,1,1861.72,4
TRIP14500,USER6347,Barcelona,21-11-2024,06-12-2024,Beach,Car,3,970.17,4
TRIP14501,USER2090,Sydney,19-12-2024,20-03-2025,Beach,Flight,5,954.09,5
TRIP14502,USER4398,Istanbul,02-11-2024,07-01-2025,Adventure,Cruise,5,940.09,7
TRIP14503,USER2171,Paris,23-11-2024,04-12-2024,Leisure,Car,4,2705.74,10
TRIP14504,USER5168,Rome,06-02-2025,07-04-2025,Beach,Train,2,3162.98,6
TRIP14505,USER3096,New York,24-11-2024,25-12-2024,Family,Bus,2,1841.96,9
TRIP14506,USER7002,Rome,26-03-2024,28-01-2025,Business,Bus,2,2411.81,5
TRIP14507,USER9086,London,03-01-2025,14-03-2025,Adventure,Flight,4,2267.96,8
TRIP14508,USER3172,London,13-02-2025,21-03-2025,Family,Bus,5,2793.43,4
TRIP14509,USER7316,Istanbul,17-08-2024,24-11-2024,Leisure,Cruise,4,1353.87,7
TRIP14510,USER8231,Dubai,16-10-2024,03-03-2025,Adventure,Train,5,2006.31,2
TRIP14511,USER2642,Tokyo,29-10-2024,20-02-2025,Beach,Cruise,2,4533.08,3
TRIP14512,USER6532,Paris,19-10-2024,15-11-2024,Family,Cruise,3,787.64,7
TRIP14513,USER3802,New York,07-01-2025,11-02-2025,Cultural,Cruise,1,4966.05,5
TRIP14514,USER8455,Tokyo,19-11-2024,22-03-2025,Business,Car,1,3635.51,8
TRIP14515,USER6455,Istanbul,02-02-2025,05-02-2025,Business,Bus,2,1684.15,8
TRIP14516,USER2963,Paris,02-06-2024,19-11-2024,Cultural,Cruise,1,1104.77,2
TRIP14517,USER7301,Barcelona,11-09-2024,29-10-2024,Cultural,Flight,4,2277.22,8
TRIP14518,USER9066,New York,10-02-2025,01-04-2025,Leisure,Flight,1,4127.03,10
TRIP14519,USER1301,London,11-03-2025,11-04-2025,Leisure,Cruise,3,3432.75,9
TRIP14520,USER2420,Sydney,12-07-2024,08-01-2025,Business,Bus,2,4431.75,10
TRIP14521,USER9753,Rome,25-12-2024,04-02-2025,Cultural,Flight,5,1824.64,1
TRIP14522,USER9321,Rome,23-03-2024,02-01-2025,Family,Train,3,916.88,10
TRIP14523,USER8925,Dubai,14-01-2025,15-04-2025,Leisure,Bus,1,2352.43,7
TRIP14524,USER7016,Dubai,31-01-2025,20-03-2025,Leisure,Car,4,1835.31,5
TRIP14525,USER2737,Paris,21-10-2024,31-10-2024,Family,Cruise,2,746.72,9
TRIP14526,USER2748,Rome,28-06-2024,09-07-2024,Leisure,Car,2,2171.88,4
TRIP14527,USER4139,Bangkok,25-05-2024,14-10-2024,Business,Car,5,3888.71,5
TRIP14528,USER9165,Bangkok,08-09-2024,04-11-2024,Leisure,Flight,3,1975.07,5
TRIP14529,USER9391,New York,14-12-2024,17-03-2025,Business,Train,4,657.38,7
TRIP14530,USER8123,Istanbul,09-07-2024,08-08-2024,Business,Train,1,850.9,10
TRIP14531,USER9126,London,09-01-2025,22-02-2025,Leisure,Cruise,2,4254.08,1
TRIP14532,USER8834,Rome,23-11-2024,14-03-2025,Business,Train,5,1328.1,1
TRIP14533,USER7732,Rome,02-03-2025,25-03-2025,Beach,Car,3,1685.27,5
TRIP14534,USER4595,Paris,21-04-2024,20-08-2024,Beach,Car,1,4638.69,9
TRIP14535,USER9123,Paris,26-03-2024,18-12-2024,Leisure,Car,1,2290.57,8
TRIP14536,USER6649,Tokyo,15-04-2024,30-06-2024,Leisure,Bus,1,3065.88,3
TRIP14537,USER8432,Bangkok,24-10-2024,01-02-2025,Beach,Car,3,1897.23,7
TRIP14538,USER5417,New York,01-04-2024,08-05-2024,Leisure,Car,1,4693.52,1
TRIP14539,USER7646,Barcelona,29-04-2024,26-09-2024,Cultural,Train,4,1766.14,10
TRIP14540,USER5614,Bangkok,06-01-2025,09-04-2025,Family,Car,4,3688.64,4
TRIP14541,USER3002,Barcelona,16-11-2024,06-01-2025,Business,Cruise,3,935.05,4
TRIP14542,USER4521,Dubai,02-12-2024,05-03-2025,Cultural,Car,3,2440.38,8
TRIP14543,USER6155,Istanbul,21-12-2024,29-12-2024,Leisure,Train,3,798.99,1
TRIP14544,USER2589,Paris,21-01-2025,20-03-2025,Family,Flight,5,4876.72,2
TRIP14545,USER9312,Dubai,03-06-2024,29-12-2024,Business,Train,1,2576.14,7
TRIP14546,USER6630,Barcelona,04-03-2025,20-03-2025,Business,Bus,4,1791.65,1
TRIP14547,USER1915,London,04-01-2025,19-01-2025,Family,Train,5,2208.85,5
TRIP14548,USER9746,Tokyo,05-07-2024,22-10-2024,Leisure,Car,3,902.63,10
TRIP14549,USER5468,New York,16-10-2024,22-12-2024,Family,Train,4,3241.9,10
TRIP14550,USER2324,Bangkok,19-07-2024,24-03-2025,Cultural,Car,4,1733.25,3
TRIP14551,USER4385,New York,18-12-2024,27-03-2025,Adventure,Train,1,2052.47,10
TRIP14552,USER2473,Bangkok,30-05-2024,23-12-2024,Cultural,Train,3,2489.84,5
TRIP14553,USER4828,Paris,18-04-2024,04-07-2024,Beach,Flight,1,948.22,6
TRIP14554,USER1523,Sydney,17-07-2024,07-10-2024,Business,Flight,1,1765.83,4
TRIP14555,USER2126,New York,18-11-2024,03-02-2025,Cultural,Bus,1,3278.86,4
TRIP14556,USER8341,Barcelona,29-03-2024,22-05-2024,Cultural,Car,4,1840.26,10
TRIP14557,USER6093,Dubai,22-02-2025,25-03-2025,Beach,Cruise,3,822.45,9
TRIP14558,USER2803,Rome,26-11-2024,08-02-2025,Business,Train,1,2852.3,3
TRIP14559,USER2136,Dubai,08-01-2025,18-03-2025,Leisure,Flight,3,4869.13,10
TRIP14560,USER5975,Tokyo,26-02-2025,26-03-2025,Business,Flight,5,1262.56,9
TRIP14561,USER7474,Istanbul,20-12-2024,07-04-2025,Beach,Flight,3,2851.56,10
TRIP14562,USER7650,Tokyo,13-03-2025,04-04-2025,Business,Bus,5,2727.62,1
TRIP14563,USER7261,Istanbul,20-08-2024,09-10-2024,Business,Train,3,2887.14,1
TRIP14564,USER3630,Istanbul,16-07-2024,12-08-2024,Cultural,Cruise,2,1687.51,7
TRIP14565,USER7168,Dubai,18-04-2024,23-03-2025,Business,Cruise,4,4375.12,9
TRIP14566,USER1162,Istanbul,13-11-2024,14-03-2025,Leisure,Car,3,2701.63,9
TRIP14567,USER2315,Rome,24-12-2024,24-02-2025,Business,Bus,5,2281.97,7
TRIP14568,USER5082,London,12-05-2024,30-11-2024,Adventure,Cruise,5,3100.73,9
TRIP14570,USER9114,Paris,28-09-2024,22-11-2024,Beach,Car,4,1402.98,4
TRIP14571,USER4053,Dubai,19-05-2024,17-11-2024,Beach,Cruise,2,3386.57,8
TRIP14572,USER8383,Rome,20-09-2024,28-01-2025,Beach,Flight,4,3492.65,3
TRIP14573,USER1310,Istanbul,11-09-2024,23-10-2024,Adventure,Train,5,2372.19,2
TRIP14574,USER3875,Paris,07-01-2025,16-03-2025,Adventure,Cruise,3,1684.13,8
TRIP14575,USER9418,Sydney,14-05-2024,12-04-2025,Family,Cruise,1,4392.08,5
TRIP14576,USER7375,London,01-12-2024,29-01-2025,Adventure,Train,5,2581.45,8
TRIP14577,USER6839,Istanbul,28-08-2024,20-12-2024,Beach,Car,3,723.97,7
TRIP14578,USER1423,Tokyo,04-07-2024,27-09-2024,Leisure,Car,1,2604.42,4
TRIP14579,USER6691,Rome,30-10-2024,04-02-2025,Family,Flight,3,2186.25,3
TRIP14580,USER2270,Sydney,13-10-2024,02-12-2024,Leisure,Flight,1,3218.61,9
TRIP14581,USER1667,Istanbul,15-12-2024,10-03-2025,Adventure,Cruise,5,558.42,1
TRIP14582,USER7379,Paris,22-01-2025,27-03-2025,Leisure,Bus,4,4659.05,4
TRIP14583,USER3289,Bangkok,23-07-2024,14-03-2025,Family,Bus,4,4822.76,8
TRIP14584,USER1958,New York,13-10-2024,03-12-2024,Leisure,Bus,4,4058.39,4
TRIP14585,USER8995,Paris,16-07-2024,06-03-2025,Cultural,Bus,1,904.4,7
TRIP14586,USER6032,New York,22-06-2024,15-01-2025,Business,Train,1,2872.91,3
TRIP14587,USER5358,Paris,17-02-2025,09-04-2025,Adventure,Car,1,4203.05,8
TRIP14588,USER8020,Bangkok,24-06-2024,27-10-2024,Family,Bus,4,2084.27,6
TRIP14589,USER1939,London,03-11-2024,20-03-2025,Beach,Train,1,3031.04,5
TRIP14590,USER5927,Dubai,30-07-2024,01-08-2024,Leisure,Cruise,5,2300.51,9
TRIP14591,USER7651,London,02-09-2024,07-04-2025,Cultural,Bus,1,1400.78,6
TRIP14592,USER2270,Rome,31-07-2024,12-03-2025,Beach,Flight,2,4767.98,1
TRIP14593,USER2870,Tokyo,28-12-2024,12-01-2025,Family,Train,1,511.66,6
TRIP14594,USER2983,Bangkok,03-04-2024,07-03-2025,Beach,Car,4,842.58,2
TRIP14595,USER7866,Dubai,10-05-2024,27-02-2025,Adventure,Flight,4,1513.44,10
TRIP14596,USER4512,Sydney,14-07-2024,08-02-2025,Leisure,Bus,1,2682.75,6
TRIP14597,USER4247,Istanbul,08-06-2024,11-08-2024,Leisure,Bus,1,2522.74,3
TRIP14598,USER7266,London,11-02-2025,19-02-2025,Leisure,Cruise,5,4367.69,5
TRIP14599,USER2667,Bangkok,01-10-2024,11-03-2025,Adventure,Flight,1,3404.83,1
TRIP14600,USER5105,London,14-09-2024,28-09-2024,Leisure,Cruise,3,1226.1,7
TRIP14601,USER5442,Barcelona,18-08-2024,16-01-2025,Beach,Flight,5,934.65,7
TRIP14602,USER1830,Dubai,10-01-2025,27-01-2025,Business,Car,2,3988.78,2
TRIP14603,USER5858,Dubai,26-10-2024,20-12-2024,Business,Train,2,1422.96,6
TRIP14604,USER3751,New York,06-02-2025,13-03-2025,Adventure,Cruise,4,3065.96,7
TRIP14605,USER2370,Paris,28-02-2025,20-03-2025,Business,Flight,4,3160.71,2
TRIP14606,USER6296,Dubai,09-11-2024,09-04-2025,Adventure,Cruise,4,2822.18,1
TRIP14607,USER1992,Paris,20-02-2025,11-04-2025,Beach,Cruise,1,2006.52,2
TRIP14608,USER5504,Tokyo,07-08-2024,04-04-2025,Cultural,Flight,4,939.01,7
TRIP14609,USER8224,Paris,31-08-2024,13-02-2025,Business,Car,1,2310.92,4
TRIP14610,USER3716,Rome,16-10-2024,08-03-2025,Adventure,Bus,5,1096.55,2
TRIP14611,USER1258,Bangkok,21-10-2024,10-02-2025,Business,Flight,1,2387.73,3
TRIP14612,USER5199,New York,23-09-2024,10-01-2025,Adventure,Train,5,2492.01,10
TRIP14613,USER6178,Sydney,08-11-2024,11-01-2025,Leisure,Cruise,1,1935.67,8
TRIP14614,USER9111,Paris,25-11-2024,17-01-2025,Beach,Bus,4,3361.33,3
TRIP14615,USER1802,Dubai,25-10-2024,06-11-2024,Family,Bus,4,4530.48,9
TRIP14616,USER4436,Paris,22-01-2025,30-03-2025,Business,Bus,3,925.44,10
TRIP14617,USER8468,London,01-12-2024,01-12-2024,Business,Cruise,1,2148.62,4
TRIP14618,USER3549,New York,22-08-2024,04-11-2024,Cultural,Bus,4,2314.24,9
TRIP14619,USER1304,New York,20-08-2024,30-03-2025,Business,Flight,1,2777.59,3
TRIP14620,USER4049,Barcelona,08-09-2024,08-12-2024,Business,Train,3,3502.27,1
TRIP14621,USER3241,Tokyo,04-02-2025,12-03-2025,Adventure,Car,5,4460.15,1
TRIP14622,USER5211,New York,20-02-2025,28-03-2025,Beach,Train,4,2273.57,7
TRIP14623,USER9972,Istanbul,06-10-2024,27-03-2025,Leisure,Flight,3,1300.95,3
TRIP14624,USER5200,Tokyo,30-11-2024,01-01-2025,Leisure,Cruise,2,3756.9,1
TRIP14625,USER1671,Rome,06-06-2024,05-02-2025,Cultural,Flight,3,2913.59,6
TRIP14626,USER7689,New York,11-08-2024,31-12-2024,Family,Car,2,3051.53,9
TRIP14627,USER5871,Barcelona,10-07-2024,07-04-2025,Adventure,Cruise,4,3371,10
TRIP14628,USER6056,Paris,16-06-2024,06-02-2025,Family,Car,2,830.76,10
TRIP14629,USER7115,London,22-09-2024,09-11-2024,Business,Cruise,1,3826.8,7
TRIP14630,USER7657,New York,20-11-2024,15-03-2025,Adventure,Car,3,1125.34,8
TRIP14631,USER6278,New York,16-06-2024,27-08-2024,Adventure,Flight,4,2393.83,3
TRIP14632,USER7114,London,27-11-2024,10-12-2024,Cultural,Bus,5,2767.23,8
TRIP14633,USER9715,Rome,29-07-2024,14-08-2024,Business,Car,3,1465.65,4
TRIP14634,USER6732,Sydney,31-03-2024,10-04-2024,Family,Flight,2,2083.94,5
TRIP14635,USER1577,New York,07-09-2024,04-10-2024,Cultural,Cruise,3,3457.44,7
TRIP14636,USER4233,Barcelona,11-06-2024,31-03-2025,Adventure,Train,1,942.85,10
TRIP14637,USER4134,Sydney,25-04-2024,31-07-2024,Business,Train,3,758.87,6
TRIP14638,USER1530,Rome,31-05-2024,04-11-2024,Family,Car,3,3737.1,6
TRIP14639,USER2063,Sydney,17-06-2024,13-07-2024,Leisure,Flight,4,1284.69,9
TRIP14640,USER1440,Tokyo,06-08-2024,23-08-2024,Beach,Train,3,3894.54,1
TRIP14641,USER9818,Barcelona,14-08-2024,05-02-2025,Beach,Train,3,4603.36,7
TRIP14642,USER2317,Paris,20-07-2024,13-09-2024,Business,Flight,1,4456.78,5
TRIP14643,USER4251,Paris,11-04-2024,09-05-2024,Business,Cruise,3,4774.47,4
TRIP14644,USER5794,Istanbul,22-12-2024,11-01-2025,Leisure,Flight,1,571.33,5
TRIP14645,USER6909,New York,19-06-2024,05-07-2024,Beach,Flight,5,3740.56,10
TRIP14646,USER5489,Barcelona,07-07-2024,05-11-2024,Cultural,Train,4,4318.83,2
TRIP14647,USER3762,Tokyo,28-07-2024,03-03-2025,Leisure,Flight,4,4938.61,2
TRIP14648,USER8104,Istanbul,01-05-2024,10-02-2025,Family,Car,5,3195.52,10
TRIP14649,USER1179,New York,09-07-2024,18-12-2024,Cultural,Cruise,4,1518.61,7
TRIP14650,USER8902,Dubai,18-05-2024,12-08-2024,Leisure,Flight,2,3497.07,8
TRIP14651,USER3860,Bangkok,03-06-2024,07-04-2025,Leisure,Car,1,1433.28,10
TRIP14652,USER2462,Sydney,28-12-2024,04-04-2025,Business,Flight,2,2148.66,8
TRIP14653,USER5583,London,01-03-2025,03-03-2025,Beach,Flight,1,4552.88,2
TRIP14654,USER7846,Tokyo,18-07-2024,14-02-2025,Family,Cruise,2,1774.77,10
TRIP14655,USER1828,Istanbul,27-10-2024,01-04-2025,Beach,Train,3,1130.74,5
TRIP14656,USER6422,New York,05-03-2025,15-03-2025,Cultural,Bus,5,3697.12,2
TRIP14657,USER9564,Istanbul,23-11-2024,06-01-2025,Beach,Car,1,4028.93,10
TRIP14658,USER4881,Rome,06-04-2024,04-05-2024,Business,Train,5,4028.53,5
TRIP14659,USER2839,Bangkok,27-11-2024,05-02-2025,Family,Car,4,804.96,4
TRIP14660,USER2088,Barcelona,03-11-2024,03-12-2024,Family,Bus,2,2120.8,2
TRIP14661,USER5828,Bangkok,10-05-2024,04-04-2025,Adventure,Bus,3,4075.49,8
TRIP14662,USER4468,Paris,01-12-2024,25-01-2025,Adventure,Flight,1,3041.93,9
TRIP14663,USER4087,Istanbul,19-10-2024,21-01-2025,Cultural,Car,3,4693.05,9
TRIP14664,USER9633,Bangkok,07-12-2024,19-03-2025,Business,Train,1,4074.78,9
TRIP14665,USER3822,Istanbul,18-06-2024,07-03-2025,Adventure,Car,2,4695.72,1
TRIP14666,USER5333,London,13-01-2025,13-04-2025,Cultural,Car,1,3405.31,1
TRIP14667,USER7489,Paris,29-10-2024,28-01-2025,Beach,Train,4,3490.15,9
TRIP14668,USER2863,Tokyo,18-08-2024,15-11-2024,Family,Train,5,3871.39,1
TRIP14669,USER3880,Barcelona,05-07-2024,21-10-2024,Adventure,Car,3,1848.85,4
TRIP14670,USER5473,Barcelona,25-07-2024,06-11-2024,Leisure,Flight,2,4653.74,10
TRIP14671,USER5719,Tokyo,24-11-2024,06-02-2025,Cultural,Train,4,3081.04,6
TRIP14672,USER3962,Dubai,30-06-2024,25-07-2024,Business,Bus,2,2806.28,6
TRIP14673,USER2530,Sydney,30-08-2024,21-11-2024,Business,Bus,3,3803.97,1
TRIP14674,USER9061,New York,03-06-2024,03-11-2024,Beach,Train,2,1013.39,8
TRIP14675,USER8635,Istanbul,29-04-2024,08-04-2025,Leisure,Bus,5,2055.88,6
TRIP14676,USER8778,Istanbul,13-12-2024,12-04-2025,Adventure,Flight,3,2135.95,2
TRIP14677,USER9883,Sydney,09-05-2024,07-04-2025,Cultural,Car,3,2339.08,3
TRIP14678,USER8441,Tokyo,30-06-2024,07-03-2025,Family,Cruise,5,3932.68,8
TRIP14679,USER6949,Tokyo,24-02-2025,11-03-2025,Adventure,Car,4,558.81,7
TRIP14680,USER8522,Barcelona,29-05-2024,27-08-2024,Adventure,Cruise,1,1545.81,9
TRIP14681,USER7059,Istanbul,16-07-2024,26-08-2024,Beach,Flight,5,996.57,8
TRIP14682,USER8823,London,11-10-2024,20-12-2024,Cultural,Train,4,2984.43,3
TRIP14683,USER5281,London,15-02-2025,16-03-2025,Cultural,Flight,3,4844.09,2
TRIP14684,USER8269,Tokyo,03-03-2025,10-03-2025,Cultural,Cruise,1,3580.78,8
TRIP14685,USER1797,Tokyo,16-02-2025,12-04-2025,Family,Flight,4,4933.43,2
TRIP14686,USER5044,Bangkok,13-01-2025,25-03-2025,Adventure,Train,2,772.93,5
TRIP14687,USER5006,New York,08-04-2024,09-11-2024,Adventure,Bus,2,2982.24,10
TRIP14688,USER5074,London,18-08-2024,28-09-2024,Cultural,Cruise,5,4646.19,2
TRIP14689,USER2641,Tokyo,17-07-2024,12-01-2025,Leisure,Cruise,5,4766.09,4
TRIP14690,USER4030,New York,07-05-2024,29-07-2024,Family,Flight,1,3490.02,1
TRIP14691,USER8531,New York,13-01-2025,08-04-2025,Adventure,Train,3,1095.72,5
TRIP14692,USER1274,New York,25-09-2024,28-03-2025,Cultural,Train,5,593.49,9
TRIP14693,USER1783,Dubai,24-01-2025,27-01-2025,Business,Bus,1,3598.43,1
TRIP14694,USER7245,Paris,16-11-2024,14-03-2025,Business,Train,4,3596.5,5
TRIP14695,USER5127,Bangkok,10-10-2024,03-04-2025,Cultural,Bus,4,4160.33,7
TRIP14696,USER1498,Bangkok,30-09-2024,25-02-2025,Cultural,Train,1,1821.03,7
TRIP14697,USER5305,New York,24-05-2024,19-02-2025,Adventure,Flight,3,3857.96,2
TRIP14698,USER6074,Paris,19-05-2024,06-08-2024,Family,Flight,3,4733.9,9
TRIP14699,USER9919,Bangkok,18-12-2024,14-04-2025,Family,Flight,2,2545.93,7
TRIP14700,USER9383,Dubai,23-04-2024,31-12-2024,Beach,Flight,3,2511.34,7
TRIP14701,USER8616,New York,03-07-2024,31-12-2024,Leisure,Bus,4,3473.86,10
TRIP14702,USER2782,Dubai,05-02-2025,16-02-2025,Cultural,Car,4,4936.11,6
TRIP14703,USER4201,London,24-06-2024,15-04-2025,Leisure,Car,3,3367.61,9
TRIP14704,USER9787,Sydney,23-10-2024,21-11-2024,Cultural,Car,4,4074.81,3
TRIP14705,USER3425,Sydney,25-02-2025,05-03-2025,Business,Flight,4,4346.1,4
TRIP14706,USER3454,Bangkok,24-08-2024,31-01-2025,Adventure,Cruise,5,2466.94,7
TRIP14707,USER9101,Paris,03-05-2024,26-07-2024,Business,Cruise,5,2969.5,5
TRIP14708,USER9578,New York,15-01-2025,30-01-2025,Business,Train,4,3578.53,10
TRIP14709,USER3863,Bangkok,20-10-2024,01-11-2024,Beach,Flight,4,1479.79,4
TRIP14710,USER4092,Istanbul,03-07-2024,11-04-2025,Family,Train,5,1964.71,4
TRIP14711,USER1873,London,30-09-2024,23-11-2024,Beach,Train,2,2067.51,9
TRIP14712,USER7068,Paris,12-11-2024,12-12-2024,Leisure,Train,4,2355.8,2
TRIP14713,USER4502,Tokyo,01-12-2024,02-02-2025,Leisure,Bus,3,1543.59,4
TRIP14714,USER1871,Barcelona,31-08-2024,19-03-2025,Leisure,Car,4,1669.04,3
TRIP14715,USER7785,Dubai,28-06-2024,10-08-2024,Leisure,Bus,1,1924.82,7
TRIP14716,USER5026,Istanbul,11-09-2024,25-02-2025,Business,Bus,4,3192.49,10
TRIP14717,USER3666,Tokyo,11-12-2024,09-02-2025,Business,Cruise,3,2984.96,10
TRIP14718,USER3921,Dubai,10-06-2024,03-02-2025,Leisure,Train,2,2366.61,7
TRIP14719,USER2784,Dubai,02-11-2024,06-12-2024,Cultural,Cruise,2,773.45,8
TRIP14720,USER9813,Bangkok,19-03-2024,26-10-2024,Adventure,Cruise,1,4171.46,4
TRIP14721,USER4304,New York,08-06-2024,20-12-2024,Leisure,Flight,1,729.68,10
TRIP14722,USER9165,Paris,27-07-2024,10-09-2024,Beach,Car,4,4190.62,6
TRIP14723,USER6468,Dubai,27-02-2025,30-03-2025,Beach,Bus,1,638.95,4
TRIP14724,USER9940,New York,30-03-2024,14-05-2024,Business,Train,5,736.84,2
TRIP14725,USER4453,Barcelona,10-04-2024,23-06-2024,Beach,Car,5,2730.46,5
TRIP14726,USER2358,Bangkok,21-09-2024,27-11-2024,Family,Car,2,2778.8,8
TRIP14727,USER3069,Sydney,18-08-2024,01-03-2025,Beach,Flight,1,4895.76,5
TRIP14728,USER1076,Sydney,21-08-2024,12-09-2024,Adventure,Flight,1,4149.7,10
TRIP14729,USER2985,Rome,15-01-2025,09-03-2025,Beach,Car,1,3081.28,2
TRIP14730,USER6471,Dubai,02-08-2024,05-02-2025,Cultural,Bus,2,1241.66,5
TRIP14731,USER5983,Barcelona,23-07-2024,21-01-2025,Adventure,Cruise,1,2701.83,1
TRIP14732,USER9309,Barcelona,25-01-2025,17-02-2025,Adventure,Train,3,4956.18,7
TRIP14733,USER2154,Barcelona,13-01-2025,05-03-2025,Business,Bus,4,4845.49,9
TRIP14734,USER3993,Istanbul,29-01-2025,01-04-2025,Beach,Train,2,1074.37,1
TRIP14735,USER6948,Dubai,19-10-2024,14-01-2025,Leisure,Car,2,4485,2
TRIP14736,USER9137,Bangkok,15-03-2025,03-04-2025,Adventure,Car,2,1707.79,2
TRIP14737,USER9952,London,11-12-2024,07-02-2025,Leisure,Cruise,3,2289.29,2
TRIP14738,USER5740,Tokyo,29-08-2024,14-11-2024,Cultural,Cruise,5,2961.23,9
TRIP14739,USER7423,London,04-01-2025,18-02-2025,Beach,Bus,4,3184.41,10
TRIP14740,USER8782,Rome,04-02-2025,27-03-2025,Business,Train,2,3742.95,6
TRIP14741,USER1620,Paris,04-05-2024,10-09-2024,Beach,Car,2,1132.97,1
TRIP14742,USER5577,Paris,02-11-2024,10-01-2025,Business,Bus,2,2473.66,3
TRIP14743,USER4776,Tokyo,18-10-2024,13-12-2024,Leisure,Bus,1,4985.62,4
TRIP14744,USER6707,New York,09-11-2024,29-12-2024,Family,Car,2,3385.56,1
TRIP14745,USER3323,New York,19-09-2024,19-01-2025,Business,Flight,1,2196.51,6
TRIP14746,USER2729,Barcelona,18-07-2024,30-10-2024,Cultural,Bus,2,4530.41,6
TRIP14747,USER3327,Rome,28-08-2024,16-02-2025,Cultural,Bus,3,1071.57,7
TRIP14748,USER7512,New York,02-11-2024,04-02-2025,Family,Bus,3,2001.54,1
TRIP14749,USER5027,Dubai,22-03-2024,19-12-2024,Adventure,Flight,1,3303.92,5
TRIP14750,USER8257,Dubai,25-06-2024,12-09-2024,Leisure,Cruise,2,4596.36,3
TRIP14751,USER3430,Sydney,13-01-2025,22-03-2025,Cultural,Cruise,4,1382.79,10
TRIP14752,USER9254,Sydney,25-11-2024,27-11-2024,Cultural,Cruise,3,898.5,6
TRIP14753,USER2029,Istanbul,16-03-2025,07-04-2025,Cultural,Car,3,606.21,6
TRIP14755,USER5321,Paris,11-05-2024,19-11-2024,Cultural,Train,3,4391.46,10
TRIP14756,USER9470,Istanbul,12-08-2024,23-01-2025,Beach,Car,3,3975.65,3
TRIP14757,USER9494,London,09-06-2024,25-11-2024,Leisure,Car,2,2527.31,6
TRIP14758,USER8086,Tokyo,31-07-2024,24-08-2024,Family,Cruise,1,2664.05,8
TRIP14759,USER8241,Bangkok,07-04-2024,19-07-2024,Adventure,Car,5,2151.47,9
TRIP14760,USER8563,Istanbul,07-01-2025,02-03-2025,Family,Car,1,1893.16,8
TRIP14761,USER3505,London,24-11-2024,07-01-2025,Business,Flight,5,3332,2
TRIP14762,USER1760,New York,10-02-2025,28-03-2025,Family,Flight,4,3344.37,9
TRIP14763,USER4637,London,01-09-2024,01-11-2024,Family,Flight,3,4603.52,10
TRIP14764,USER3723,New York,13-09-2024,11-10-2024,Adventure,Flight,4,4945.26,3
TRIP14765,USER1202,Paris,29-12-2024,14-03-2025,Adventure,Car,3,2797.25,10
TRIP14766,USER1517,Bangkok,08-06-2024,05-07-2024,Adventure,Cruise,3,1959.98,3
TRIP14767,USER1256,Barcelona,12-04-2024,13-03-2025,Family,Train,4,4818.39,9
TRIP14768,USER1704,Bangkok,08-10-2024,18-12-2024,Family,Bus,1,3758.89,2
TRIP14769,USER1421,Tokyo,31-05-2024,14-09-2024,Adventure,Car,5,2746.27,1
TRIP14770,USER6191,New York,11-08-2024,25-12-2024,Leisure,Bus,3,873.69,3
TRIP14771,USER1140,Bangkok,24-05-2024,29-12-2024,Leisure,Bus,3,707.55,9
TRIP14772,USER4288,Rome,03-12-2024,29-12-2024,Family,Car,5,1291.62,10
TRIP14773,USER3363,New York,14-08-2024,10-11-2024,Family,Bus,1,768.41,6
TRIP14774,USER8956,Istanbul,11-11-2024,01-01-2025,Beach,Flight,3,3411.47,3
TRIP14775,USER7991,Sydney,28-09-2024,10-12-2024,Beach,Flight,5,3381.37,5
TRIP14776,USER3090,Barcelona,01-10-2024,15-01-2025,Family,Train,2,679.33,1
TRIP14777,USER1184,Istanbul,17-12-2024,27-03-2025,Business,Car,4,3304.64,3
TRIP14778,USER7541,Paris,17-01-2025,14-04-2025,Business,Car,5,4265.09,5
TRIP14779,USER7437,London,01-12-2024,08-02-2025,Beach,Train,3,2240.96,7
TRIP14780,USER1698,Tokyo,30-10-2024,01-12-2024,Business,Flight,3,3887.26,7
TRIP14781,USER7540,Tokyo,13-02-2025,29-03-2025,Beach,Flight,3,3691.68,3
TRIP14782,USER2735,New York,17-12-2024,22-12-2024,Family,Car,1,2147.6,7
TRIP14783,USER8053,Barcelona,26-03-2024,14-12-2024,Business,Train,4,1653.84,6
TRIP14784,USER7917,Istanbul,20-01-2025,18-02-2025,Business,Flight,1,1127.28,8
TRIP14785,USER7080,Dubai,13-06-2024,06-04-2025,Leisure,Train,5,4476.31,1
TRIP14786,USER2908,Bangkok,03-02-2025,09-03-2025,Business,Bus,4,2976.95,2
TRIP14787,USER4851,Barcelona,08-02-2025,10-04-2025,Beach,Bus,5,1050.24,7
TRIP14788,USER9717,New York,12-02-2025,26-03-2025,Beach,Flight,3,3003.74,5
TRIP14789,USER7584,New York,08-12-2024,08-03-2025,Cultural,Cruise,5,648,8
TRIP14790,USER8490,Dubai,05-05-2024,25-03-2025,Adventure,Bus,3,1493.43,3
TRIP14791,USER1272,Barcelona,23-03-2024,26-02-2025,Cultural,Cruise,1,1038.35,4
TRIP14792,USER3435,New York,24-01-2025,27-02-2025,Beach,Cruise,3,2647.46,4
TRIP14793,USER5116,Dubai,07-04-2024,25-12-2024,Family,Train,2,2474.05,10
TRIP14794,USER5240,New York,21-01-2025,04-02-2025,Cultural,Flight,5,954.1,4
TRIP14795,USER9746,Tokyo,11-08-2024,05-09-2024,Adventure,Cruise,2,1957.26,7
TRIP14796,USER9546,Bangkok,01-05-2024,22-12-2024,Cultural,Car,3,3401.74,8
TRIP14797,USER1815,Dubai,02-06-2024,10-04-2025,Family,Train,3,2693.05,8
TRIP14798,USER2474,Istanbul,19-09-2024,07-02-2025,Adventure,Flight,3,1909.35,6
TRIP14799,USER4465,Rome,02-04-2024,21-09-2024,Adventure,Bus,2,4206.27,2
TRIP14800,USER7953,Paris,24-09-2024,20-02-2025,Business,Cruise,2,3417.87,7
TRIP14801,USER9716,London,22-03-2024,08-04-2024,Business,Train,2,2479.78,4
TRIP14802,USER6249,London,09-02-2025,12-02-2025,Leisure,Car,4,2212.73,4
TRIP14803,USER3758,New York,04-12-2024,17-02-2025,Business,Flight,1,1781.33,1
TRIP14804,USER6794,Paris,27-08-2024,21-10-2024,Adventure,Bus,4,2152.69,10
TRIP14805,USER5857,Paris,31-01-2025,29-03-2025,Beach,Cruise,4,818.63,1
TRIP14806,USER1373,New York,04-11-2024,22-11-2024,Adventure,Train,2,2086.37,9
TRIP14807,USER4828,Tokyo,27-10-2024,27-02-2025,Adventure,Cruise,5,4834.84,1
TRIP14808,USER8510,Tokyo,14-04-2024,22-09-2024,Cultural,Flight,5,4313,9
TRIP14809,USER9475,Sydney,14-07-2024,13-12-2024,Cultural,Bus,3,2146.46,5
TRIP14810,USER4560,Sydney,26-10-2024,10-02-2025,Leisure,Train,3,2059.21,6
TRIP14811,USER4468,London,26-08-2024,30-09-2024,Cultural,Cruise,3,2828.89,3
TRIP14812,USER8347,London,29-07-2024,12-08-2024,Family,Cruise,4,2346.35,9
TRIP14813,USER5406,Rome,28-12-2024,06-01-2025,Beach,Bus,4,4967.08,6
TRIP14814,USER9263,Istanbul,20-08-2024,17-03-2025,Adventure,Bus,2,2148.47,10
TRIP14815,USER8608,Tokyo,01-08-2024,21-09-2024,Adventure,Cruise,4,3905.74,4
TRIP14816,USER8758,New York,19-04-2024,17-02-2025,Leisure,Cruise,2,3284.39,7
TRIP14817,USER1818,New York,01-09-2024,25-09-2024,Cultural,Car,5,2781.81,4
TRIP14818,USER5655,Rome,18-01-2025,07-03-2025,Cultural,Car,2,1571.49,3
TRIP14819,USER6406,Barcelona,12-11-2024,27-01-2025,Business,Car,2,4735.31,10
TRIP14820,USER6467,Paris,07-07-2024,12-10-2024,Family,Bus,4,3070.24,6
TRIP14821,USER8403,New York,07-06-2024,23-02-2025,Leisure,Bus,1,547.13,5
TRIP14822,USER2085,Paris,19-05-2024,18-10-2024,Business,Train,4,4022.86,3
TRIP14823,USER9233,Barcelona,07-02-2025,26-02-2025,Leisure,Cruise,5,4102.7,4
TRIP14824,USER8555,London,21-07-2024,09-09-2024,Leisure,Bus,4,951.52,10
TRIP14825,USER2179,Tokyo,22-04-2024,09-04-2025,Cultural,Car,2,703.91,1
TRIP14826,USER2146,Bangkok,23-10-2024,21-11-2024,Leisure,Cruise,4,1765.7,7
TRIP14827,USER4176,Istanbul,27-11-2024,18-02-2025,Adventure,Flight,2,738.59,6
TRIP14828,USER1949,Istanbul,21-10-2024,02-02-2025,Adventure,Bus,3,1477.02,5
TRIP14829,USER1874,Bangkok,29-05-2024,11-09-2024,Cultural,Car,4,1610.96,10
TRIP14830,USER1379,New York,13-07-2024,26-11-2024,Business,Train,4,4280.63,2
TRIP14831,USER4773,Bangkok,31-05-2024,16-02-2025,Family,Car,4,1307.56,9
TRIP14832,USER9525,Istanbul,15-12-2024,23-12-2024,Adventure,Cruise,3,2811.47,4
TRIP14833,USER3443,Paris,23-10-2024,22-11-2024,Leisure,Train,3,2279.73,9
TRIP14834,USER5265,Paris,09-04-2024,09-12-2024,Family,Train,5,3295.47,3
TRIP14835,USER9210,Tokyo,30-11-2024,14-12-2024,Family,Bus,3,1792.64,7
TRIP14836,USER2933,Sydney,03-08-2024,19-12-2024,Leisure,Flight,5,1357.25,8
TRIP14837,USER3801,Bangkok,15-08-2024,20-10-2024,Business,Cruise,1,2365.54,5
TRIP14838,USER1579,Bangkok,09-05-2024,22-03-2025,Adventure,Train,5,3989.8,3
TRIP14839,USER1594,Barcelona,07-05-2024,08-11-2024,Adventure,Train,2,2940.05,1
TRIP14840,USER5572,Tokyo,01-06-2024,16-10-2024,Family,Car,4,2740.57,6
TRIP14841,USER6385,Rome,01-07-2024,23-10-2024,Family,Train,2,4837.38,4
TRIP14842,USER9960,Bangkok,29-09-2024,14-02-2025,Cultural,Train,5,3299.95,7
TRIP14843,USER6334,Barcelona,18-12-2024,18-01-2025,Leisure,Flight,4,523.66,8
TRIP14844,USER3345,London,03-03-2025,03-04-2025,Business,Bus,5,4914.63,7
TRIP14845,USER2958,Sydney,06-01-2025,27-02-2025,Family,Car,5,3868.82,9
TRIP14846,USER8287,London,29-09-2024,02-04-2025,Beach,Cruise,2,2378.63,10
TRIP14847,USER3620,Paris,22-11-2024,09-04-2025,Cultural,Train,4,2164.74,10
TRIP14848,USER5713,Dubai,21-01-2025,28-03-2025,Beach,Flight,1,1628.72,2
TRIP14849,USER7243,Barcelona,18-08-2024,18-12-2024,Leisure,Cruise,3,3024.99,6
TRIP14850,USER7769,Bangkok,16-02-2025,23-03-2025,Family,Flight,5,1675.42,2
TRIP14851,USER8955,Rome,19-02-2025,04-03-2025,Leisure,Cruise,4,1982.61,3
TRIP14852,USER5391,Bangkok,23-07-2024,18-03-2025,Beach,Car,3,1912.82,6
TRIP14853,USER3674,New York,09-03-2025,05-04-2025,Business,Bus,4,4149.18,4
TRIP14854,USER8207,Rome,23-07-2024,23-11-2024,Cultural,Car,4,2503.9,7
TRIP14855,USER6540,London,08-09-2024,07-04-2025,Business,Car,1,3085.75,3
TRIP14856,USER8184,Sydney,11-04-2024,30-12-2024,Beach,Bus,5,3824.75,5
TRIP14857,USER8896,Paris,01-03-2025,05-04-2025,Cultural,Car,3,2105.73,7
TRIP14858,USER3270,New York,27-05-2024,26-01-2025,Adventure,Train,2,4967.51,7
TRIP14859,USER4015,Istanbul,16-11-2024,19-03-2025,Adventure,Bus,5,2414.43,10
TRIP14860,USER1613,Tokyo,29-03-2024,04-09-2024,Beach,Train,4,1629.21,6
TRIP14861,USER1956,London,17-06-2024,15-03-2025,Cultural,Car,1,1057.49,10
TRIP14862,USER5812,Sydney,19-10-2024,18-12-2024,Cultural,Cruise,4,745.72,1
TRIP14863,USER3476,Dubai,22-02-2025,06-03-2025,Family,Cruise,1,1721.37,10
TRIP14864,USER9442,Rome,30-07-2024,07-03-2025,Leisure,Car,4,1772.89,9
TRIP14865,USER7157,Istanbul,26-07-2024,12-04-2025,Adventure,Cruise,2,875.62,8
TRIP14866,USER3223,Dubai,06-07-2024,30-10-2024,Family,Train,1,3594.86,3
TRIP14867,USER9557,Rome,10-04-2024,12-07-2024,Cultural,Flight,5,4474.84,9
TRIP14868,USER6739,Bangkok,03-05-2024,18-02-2025,Family,Bus,2,3685.98,4
TRIP14869,USER7389,Barcelona,06-10-2024,15-03-2025,Leisure,Train,2,4116.53,7
TRIP14870,USER9278,London,14-12-2024,09-04-2025,Family,Car,4,3224.74,5
TRIP14871,USER7267,Barcelona,20-10-2024,26-02-2025,Cultural,Flight,1,2676.81,4
TRIP14872,USER3165,Sydney,17-02-2025,12-04-2025,Family,Cruise,1,4341.18,1
TRIP14873,USER1861,Sydney,25-12-2024,08-02-2025,Family,Train,4,4575.25,5
TRIP14874,USER4863,Sydney,28-10-2024,11-02-2025,Adventure,Car,1,2641.54,1
TRIP14875,USER2397,Tokyo,28-04-2024,14-03-2025,Adventure,Train,3,3216.73,4
TRIP14876,USER7303,Rome,03-02-2025,12-03-2025,Cultural,Flight,1,3800.26,9
TRIP14877,USER7833,Barcelona,08-03-2025,26-03-2025,Beach,Flight,2,2158.19,5
TRIP14878,USER3060,Istanbul,19-03-2024,29-03-2025,Cultural,Car,3,3000.23,8
TRIP14879,USER6784,Istanbul,19-02-2025,29-03-2025,Business,Cruise,3,1740.64,3
TRIP14880,USER8270,Rome,06-07-2024,10-08-2024,Leisure,Train,2,1467.36,8
TRIP14881,USER3291,Rome,18-10-2024,07-04-2025,Adventure,Car,4,1370.86,10
TRIP14882,USER1493,Barcelona,08-05-2024,11-01-2025,Business,Cruise,5,4031.91,8
TRIP14883,USER6101,Paris,15-08-2024,09-09-2024,Beach,Car,5,4187.69,2
TRIP14884,USER6592,Sydney,25-05-2024,10-02-2025,Cultural,Car,2,2023.68,1
TRIP14885,USER1967,New York,12-02-2025,27-02-2025,Family,Train,5,4818.13,8
TRIP14886,USER7345,Barcelona,23-06-2024,12-02-2025,Family,Bus,1,3275.17,6
TRIP14887,USER9861,Barcelona,15-08-2024,14-03-2025,Beach,Flight,4,1457.53,6
TRIP14888,USER1615,Paris,22-12-2024,10-04-2025,Beach,Flight,3,4714.56,8
TRIP14889,USER5534,Istanbul,26-03-2024,23-09-2024,Cultural,Train,3,1980,8
TRIP14890,USER2827,Rome,20-01-2025,26-03-2025,Cultural,Flight,5,3437.48,3
TRIP14891,USER6164,Paris,04-09-2024,01-12-2024,Business,Train,4,2080.04,3
TRIP14892,USER2288,New York,07-08-2024,04-03-2025,Family,Flight,4,3606.98,9
TRIP14893,USER8012,Dubai,04-11-2024,09-03-2025,Adventure,Train,4,1668.68,1
TRIP14894,USER9733,Dubai,11-09-2024,13-01-2025,Adventure,Bus,5,4057.29,2
TRIP14895,USER7109,Istanbul,14-03-2025,13-04-2025,Cultural,Flight,5,4229.74,9
TRIP14896,USER6348,New York,12-11-2024,11-01-2025,Beach,Cruise,2,2491.32,10
TRIP14897,USER3199,Tokyo,12-02-2025,02-04-2025,Family,Flight,2,3421.1,9
TRIP14898,USER3392,Istanbul,24-11-2024,05-02-2025,Cultural,Car,5,4859.57,4
TRIP14899,USER4482,Istanbul,14-09-2024,24-12-2024,Beach,Flight,4,2453.78,7
TRIP14900,USER8067,Barcelona,31-03-2024,03-01-2025,Business,Train,2,3778.86,4
TRIP14901,USER6390,Istanbul,28-12-2024,06-02-2025,Family,Train,4,2391.9,5
TRIP14902,USER7874,Barcelona,22-03-2024,28-05-2024,Business,Car,4,2449.89,2
TRIP14903,USER5171,Istanbul,24-09-2024,19-01-2025,Cultural,Cruise,3,1983.31,5
TRIP14904,USER5009,Istanbul,12-12-2024,11-01-2025,Cultural,Flight,3,1370.35,2
TRIP14905,USER5611,London,02-06-2024,24-12-2024,Adventure,Flight,1,1273.58,9
TRIP14906,USER6617,Istanbul,22-03-2024,12-10-2024,Leisure,Flight,5,4435.44,9
TRIP14907,USER8800,Paris,13-02-2025,22-02-2025,Cultural,Cruise,1,4668.92,9
TRIP14908,USER4425,Istanbul,20-01-2025,03-02-2025,Leisure,Bus,2,3647.63,7
TRIP14909,USER3899,Dubai,01-08-2024,12-04-2025,Family,Flight,5,2704.23,6
TRIP14910,USER1758,London,10-08-2024,14-03-2025,Beach,Bus,5,1381.77,6
TRIP14911,USER3258,New York,08-04-2024,07-01-2025,Adventure,Train,1,4169.11,10
TRIP14912,USER8560,London,16-09-2024,21-10-2024,Beach,Flight,1,4024.28,3
TRIP14913,USER9466,Istanbul,04-06-2024,11-09-2024,Family,Car,3,4658.6,1
TRIP14914,USER9994,Tokyo,20-08-2024,27-11-2024,Leisure,Bus,2,2770.73,5
TRIP14915,USER2454,London,07-12-2024,19-01-2025,Adventure,Flight,1,4410.89,9
TRIP14916,USER8182,London,22-10-2024,30-03-2025,Business,Car,5,1980.74,8
TRIP14917,USER7275,London,04-06-2024,06-09-2024,Business,Car,5,3693.35,6
TRIP14918,USER8038,New York,17-05-2024,02-04-2025,Leisure,Cruise,2,1818.78,2
TRIP14919,USER7221,Bangkok,14-06-2024,26-01-2025,Business,Flight,1,1937.96,2
TRIP14920,USER6980,London,13-05-2024,23-07-2024,Adventure,Train,5,3679.81,6
TRIP14921,USER1894,Bangkok,26-04-2024,07-05-2024,Business,Car,2,4780.65,5
TRIP14922,USER1779,Bangkok,30-05-2024,28-08-2024,Beach,Car,4,4160.59,1
TRIP14923,USER4312,Dubai,08-02-2025,21-03-2025,Leisure,Train,3,4828.54,2
TRIP14924,USER2889,Sydney,10-07-2024,07-12-2024,Business,Car,4,1653.11,4
TRIP14925,USER6517,Barcelona,06-09-2024,26-03-2025,Family,Train,3,3421.46,8
TRIP14926,USER5167,New York,28-02-2025,15-04-2025,Cultural,Car,2,3801.17,1
TRIP14927,USER3617,Rome,12-05-2024,27-03-2025,Family,Bus,2,4265.37,1
TRIP14928,USER5991,Istanbul,31-05-2024,15-06-2024,Adventure,Car,3,1785.96,2
TRIP14929,USER4245,Paris,25-08-2024,11-10-2024,Beach,Cruise,3,1963.75,5
TRIP14930,USER4265,Bangkok,30-07-2024,26-08-2024,Family,Train,1,3757.34,5
TRIP14931,USER6795,Rome,03-05-2024,05-05-2024,Family,Cruise,3,579,2
TRIP14932,USER2610,London,04-04-2024,12-11-2024,Adventure,Cruise,2,3038.21,5
TRIP14933,USER5754,London,21-05-2024,14-01-2025,Beach,Bus,4,4965.61,6
TRIP14934,USER1457,Rome,03-08-2024,30-09-2024,Leisure,Flight,2,2785.5,2
TRIP14935,USER8765,Paris,24-02-2025,02-03-2025,Business,Bus,1,677.19,8
TRIP14936,USER8002,Dubai,05-06-2024,26-08-2024,Leisure,Car,1,1165.54,1
TRIP14937,USER2727,Paris,27-01-2025,12-04-2025,Family,Car,1,2654.32,7
TRIP14938,USER7088,Rome,12-12-2024,09-02-2025,Cultural,Bus,2,3730.76,4
TRIP14939,USER8739,Barcelona,17-10-2024,24-03-2025,Adventure,Train,5,3239.11,1
TRIP14940,USER6985,Sydney,28-11-2024,16-02-2025,Beach,Train,4,3490.04,5
TRIP14941,USER3142,Rome,30-07-2024,30-11-2024,Business,Car,5,4071.48,10
TRIP14942,USER7041,Barcelona,20-02-2025,12-04-2025,Business,Train,4,4222.04,9
TRIP14943,USER4235,Tokyo,13-11-2024,03-04-2025,Business,Cruise,2,3813.44,7
TRIP14944,USER3139,New York,12-10-2024,02-12-2024,Business,Cruise,4,915.12,3
TRIP14945,USER8506,Sydney,10-03-2025,23-03-2025,Adventure,Cruise,2,3034.13,2
TRIP14946,USER6329,Paris,16-12-2024,04-03-2025,Beach,Car,2,4756.62,4
TRIP14947,USER3776,Istanbul,22-08-2024,12-03-2025,Adventure,Cruise,4,2862.71,10
TRIP14948,USER4311,London,16-03-2025,31-03-2025,Family,Train,3,3242.96,10
TRIP14949,USER2911,Barcelona,19-05-2024,15-03-2025,Family,Flight,3,3315.28,3
TRIP14950,USER9930,Bangkok,05-02-2025,11-02-2025,Beach,Bus,1,2294.13,7
TRIP14951,USER1073,Dubai,01-10-2024,26-01-2025,Family,Cruise,5,655.36,5
TRIP14952,USER3216,Dubai,21-11-2024,13-03-2025,Family,Flight,5,1795.1,8
TRIP14953,USER7616,Istanbul,28-06-2024,06-01-2025,Business,Train,4,3832.15,8
TRIP14954,USER7203,Bangkok,12-01-2025,29-03-2025,Business,Flight,5,1174.13,6
TRIP14955,USER3114,Barcelona,14-03-2025,23-03-2025,Beach,Car,1,4851.6,10
TRIP14956,USER5018,Sydney,06-06-2024,11-11-2024,Leisure,Cruise,4,1119.77,6
TRIP14957,USER3617,Bangkok,10-04-2024,29-06-2024,Adventure,Flight,5,2695.16,3
TRIP14958,USER9586,Barcelona,15-12-2024,03-01-2025,Leisure,Train,4,3253.79,6
TRIP14959,USER6535,Rome,06-09-2024,28-09-2024,Business,Bus,1,3536.9,3
TRIP14960,USER8697,New York,27-04-2024,04-03-2025,Beach,Train,5,676.71,9
TRIP14961,USER8519,Istanbul,15-02-2025,29-03-2025,Family,Flight,4,1671.13,6
TRIP14962,USER4948,London,07-08-2024,24-01-2025,Beach,Cruise,2,564.99,3
TRIP14963,USER3000,Tokyo,13-12-2024,26-02-2025,Leisure,Flight,2,3994.61,9
TRIP14964,USER6832,Bangkok,27-05-2024,06-01-2025,Family,Flight,5,2879.23,7
TRIP14965,USER3226,Bangkok,06-02-2025,24-02-2025,Leisure,Flight,3,1146.52,9
TRIP14966,USER5984,Tokyo,25-11-2024,04-01-2025,Business,Car,5,2562.17,6
TRIP14967,USER4514,Sydney,15-12-2024,03-04-2025,Beach,Bus,5,2701.03,3
TRIP14968,USER3870,Bangkok,25-06-2024,13-09-2024,Family,Bus,2,3525.66,10
TRIP14969,USER7022,Tokyo,03-09-2024,07-01-2025,Beach,Car,4,2057.92,10
TRIP14970,USER4618,Paris,14-02-2025,20-03-2025,Family,Bus,3,2435.72,1
TRIP14971,USER5825,Bangkok,10-12-2024,30-03-2025,Business,Flight,4,4121.12,3
TRIP14972,USER9173,London,24-05-2024,11-08-2024,Family,Train,2,1726.21,2
TRIP14973,USER8452,Dubai,08-12-2024,15-12-2024,Beach,Cruise,3,2346.14,7
TRIP14974,USER1430,London,04-06-2024,18-08-2024,Beach,Bus,3,1047.55,1
TRIP14975,USER9861,Sydney,26-07-2024,01-03-2025,Cultural,Car,5,4497.57,7
TRIP14976,USER7486,Sydney,15-07-2024,27-11-2024,Family,Train,4,3934.78,8
TRIP14978,USER9152,Paris,30-08-2024,01-12-2024,Leisure,Flight,3,822.9,2
TRIP14979,USER1880,Barcelona,09-09-2024,06-12-2024,Leisure,Cruise,3,873.56,6
TRIP14980,USER3911,Paris,13-01-2025,30-03-2025,Beach,Flight,3,4275.02,4
TRIP14981,USER5205,Istanbul,30-08-2024,03-03-2025,Business,Flight,1,1784.08,1
TRIP14982,USER8534,Istanbul,06-09-2024,15-09-2024,Beach,Train,2,2763.46,6
TRIP14983,USER4656,Barcelona,15-01-2025,11-03-2025,Cultural,Car,3,3497.23,8
TRIP14984,USER4843,Paris,30-03-2024,08-05-2024,Business,Car,4,571.11,6
TRIP14985,USER9759,Rome,16-09-2024,03-10-2024,Beach,Car,4,678.98,5
TRIP14986,USER1565,Barcelona,14-08-2024,15-04-2025,Beach,Cruise,2,1760.99,9
TRIP14987,USER5658,Barcelona,20-02-2025,04-03-2025,Business,Car,4,2131.2,8
TRIP14988,USER6170,London,19-09-2024,01-11-2024,Leisure,Cruise,4,4051.48,3
TRIP14989,USER1616,Paris,07-10-2024,09-03-2025,Adventure,Train,2,4308.43,10
TRIP14990,USER9464,Bangkok,30-05-2024,21-03-2025,Business,Flight,2,4439.33,4
TRIP14992,USER6319,New York,12-10-2024,22-10-2024,Business,Bus,4,3968.74,2
TRIP14993,USER6047,Istanbul,13-05-2024,06-06-2024,Beach,Train,5,4235.21,9
TRIP14994,USER9656,Paris,07-06-2024,19-10-2024,Cultural,Train,4,1194.4,2
TRIP14995,USER9525,Sydney,01-09-2024,29-01-2025,Family,Train,2,4769.53,6
TRIP14996,USER4244,Barcelona,22-04-2024,24-12-2024,Leisure,Cruise,1,3108.79,5
TRIP14997,USER5863,Istanbul,03-03-2025,06-03-2025,Cultural,Train,2,3053.42,8
TRIP14998,USER7302,Dubai,15-06-2024,20-08-2024,Cultural,Flight,5,1898.29,2
TRIP14999,USER9006,Tokyo,27-02-2025,16-03-2025,Cultural,Bus,5,1780.22,9
TRIP15000,USER4167,New York,15-09-2024,05-01-2025,Cultural,Flight,2,4778.53,2
TRIP15001,USER2669,New York,07-04-2024,27-06-2024,Beach,Bus,5,2696.46,9
TRIP15002,USER7607,Bangkok,26-05-2024,22-08-2024,Family,Bus,3,791.15,4
TRIP15003,USER6134,Istanbul,02-07-2024,03-02-2025,Business,Flight,5,2737.28,6
TRIP15004,USER1665,Bangkok,24-01-2025,22-03-2025,Beach,Car,4,2212.49,3
TRIP15005,USER3694,Barcelona,02-08-2024,04-12-2024,Business,Train,2,4795.58,5
TRIP15006,USER9419,New York,13-03-2025,13-03-2025,Leisure,Car,3,2198.15,1
TRIP15007,USER7058,Sydney,13-11-2024,20-01-2025,Cultural,Car,5,3991.96,2
TRIP15008,USER4483,Sydney,31-12-2024,03-01-2025,Family,Train,2,1444.11,6
TRIP15009,USER7193,Dubai,06-03-2025,23-03-2025,Cultural,Train,3,1880.91,2
TRIP15010,USER1776,Paris,08-05-2024,17-06-2024,Family,Cruise,2,3256.07,1
TRIP15011,USER3507,London,05-04-2024,19-08-2024,Business,Train,5,716.87,2
TRIP15012,USER2836,Istanbul,23-09-2024,16-11-2024,Adventure,Cruise,4,1791.71,8
TRIP15013,USER9767,Rome,17-02-2025,15-03-2025,Adventure,Train,5,2713.87,10
TRIP15014,USER4544,Sydney,16-03-2024,19-05-2024,Leisure,Flight,2,650.03,7
TRIP15015,USER7430,Paris,24-06-2024,30-08-2024,Adventure,Train,2,4670.17,3
TRIP15016,USER9012,Dubai,30-06-2024,17-11-2024,Family,Car,5,2606.3,8
TRIP15017,USER6825,Dubai,05-08-2024,23-08-2024,Adventure,Bus,4,846.51,4
TRIP15018,USER8027,Bangkok,26-10-2024,04-11-2024,Beach,Car,4,3536.39,7
TRIP15019,USER6349,Barcelona,24-04-2024,23-07-2024,Leisure,Car,3,3061.12,4
TRIP15020,USER9720,Bangkok,18-12-2024,05-04-2025,Adventure,Cruise,4,1707.07,10
TRIP15021,USER3119,Dubai,13-01-2025,11-03-2025,Family,Bus,4,2793.18,2
TRIP15022,USER3968,Paris,23-02-2025,28-03-2025,Beach,Cruise,5,1874.13,5
TRIP15023,USER5594,Barcelona,31-01-2025,05-02-2025,Adventure,Flight,5,2602.27,9
TRIP15024,USER5482,Barcelona,17-07-2024,18-12-2024,Family,Flight,2,3080.53,8
TRIP15025,USER8763,Bangkok,30-01-2025,23-02-2025,Beach,Car,1,4456.28,9
TRIP15026,USER2905,Sydney,05-04-2024,26-04-2024,Leisure,Bus,3,2313.13,8
TRIP15027,USER8997,Tokyo,28-06-2024,01-01-2025,Adventure,Train,1,2836.65,4
TRIP15028,USER5658,Istanbul,31-08-2024,30-11-2024,Cultural,Train,2,4819.13,9
TRIP15029,USER9590,Istanbul,08-09-2024,10-09-2024,Cultural,Flight,2,1768.14,1
TRIP15030,USER3265,Bangkok,06-09-2024,15-11-2024,Adventure,Car,2,599.64,8
TRIP15031,USER5212,London,06-12-2024,16-03-2025,Cultural,Train,2,1676.69,1
TRIP15032,USER8397,Rome,09-06-2024,23-09-2024,Adventure,Cruise,2,2961.46,8
TRIP15033,USER9548,Bangkok,16-07-2024,16-12-2024,Adventure,Bus,5,4166.14,5
TRIP15034,USER9529,Paris,12-10-2024,19-11-2024,Business,Bus,4,3474.37,7
TRIP15035,USER8435,Sydney,30-03-2024,30-08-2024,Cultural,Train,4,744.39,3
TRIP15036,USER8717,Tokyo,01-12-2024,19-03-2025,Leisure,Flight,5,2123.69,4
TRIP15037,USER7650,Rome,22-06-2024,16-01-2025,Family,Flight,1,1405.16,10
TRIP15038,USER1769,Sydney,22-05-2024,01-11-2024,Leisure,Train,5,2856.91,10
TRIP15039,USER1513,Barcelona,06-08-2024,01-12-2024,Leisure,Flight,1,1139.93,5
TRIP15040,USER2812,New York,28-09-2024,26-12-2024,Leisure,Train,5,1902.27,1
TRIP15041,USER3716,Bangkok,25-12-2024,03-02-2025,Adventure,Flight,2,1695.06,9
TRIP15042,USER5939,Paris,16-09-2024,13-03-2025,Leisure,Flight,5,2779.33,9
TRIP15043,USER7401,Rome,12-04-2024,23-04-2024,Cultural,Bus,4,4127.89,3
TRIP15044,USER4023,Barcelona,17-02-2025,06-04-2025,Cultural,Train,4,2065.73,3
TRIP15045,USER4841,Rome,03-07-2024,10-09-2024,Business,Bus,5,1790.08,4
TRIP15046,USER4185,Paris,31-12-2024,08-03-2025,Leisure,Cruise,3,1150.86,4
TRIP15047,USER6145,Barcelona,10-06-2024,22-12-2024,Adventure,Flight,4,2490.18,9
TRIP15048,USER7799,Barcelona,20-07-2024,26-09-2024,Adventure,Bus,5,4545.29,9
TRIP15049,USER3820,Paris,10-08-2024,24-09-2024,Family,Cruise,3,3664.71,7
TRIP15050,USER7628,Istanbul,08-10-2024,22-11-2024,Leisure,Train,2,572.54,4
TRIP15051,USER9368,Istanbul,05-06-2024,19-11-2024,Beach,Train,3,3718.12,9
TRIP15052,USER1774,Istanbul,09-01-2025,22-03-2025,Leisure,Cruise,2,4783.73,5
TRIP15053,USER9598,Rome,03-08-2024,13-11-2024,Cultural,Car,3,896.13,4
TRIP15054,USER4721,London,25-12-2024,02-03-2025,Adventure,Car,3,713.73,3
TRIP15055,USER7085,Paris,09-11-2024,12-12-2024,Business,Car,4,4779,2
TRIP15056,USER9885,Sydney,14-11-2024,26-11-2024,Business,Train,5,3455.12,10
TRIP15057,USER5407,Dubai,14-07-2024,15-04-2025,Cultural,Bus,2,828.02,7
TRIP15058,USER9836,Tokyo,25-06-2024,17-01-2025,Leisure,Train,4,2430.14,6
TRIP15059,USER7133,Bangkok,13-11-2024,19-11-2024,Family,Train,1,2063.04,1
TRIP15060,USER9743,Bangkok,29-03-2024,06-02-2025,Adventure,Car,2,1391.34,2
TRIP15061,USER7220,Rome,09-07-2024,26-02-2025,Family,Flight,1,4622.96,4
TRIP15062,USER8120,Rome,29-06-2024,17-01-2025,Leisure,Bus,2,3861.74,9
TRIP15063,USER1360,New York,29-10-2024,01-12-2024,Family,Train,5,605.38,7
TRIP15064,USER8168,London,10-08-2024,05-02-2025,Adventure,Flight,5,2880.04,7
TRIP15065,USER5842,Istanbul,02-02-2025,11-02-2025,Leisure,Train,1,4687.43,9
TRIP15066,USER8542,Dubai,29-07-2024,22-10-2024,Business,Flight,4,714.24,4
TRIP15067,USER2604,Tokyo,08-01-2025,08-04-2025,Business,Car,2,2037.72,3
TRIP15068,USER9924,Barcelona,06-05-2024,01-02-2025,Business,Car,1,1322.98,7
TRIP15069,USER8183,Barcelona,05-08-2024,19-02-2025,Cultural,Flight,1,3450.45,4
TRIP15070,USER1660,Dubai,01-12-2024,30-12-2024,Leisure,Train,1,1109.64,9
TRIP15071,USER7864,Bangkok,29-09-2024,04-02-2025,Adventure,Cruise,2,1257.53,8
TRIP15072,USER4482,New York,05-05-2024,23-07-2024,Family,Flight,1,4496.88,8
TRIP15073,USER5528,Bangkok,02-08-2024,05-02-2025,Beach,Bus,4,4290.66,7
TRIP15074,USER3722,Dubai,26-08-2024,05-10-2024,Leisure,Flight,4,3495.15,2
TRIP15075,USER2818,Istanbul,24-02-2025,10-04-2025,Family,Cruise,1,2142.41,5
TRIP15076,USER4565,Istanbul,05-11-2024,07-11-2024,Adventure,Car,5,2924.59,8
TRIP15077,USER1246,Paris,07-02-2025,24-02-2025,Adventure,Train,4,1012.61,8
TRIP15078,USER2006,Barcelona,08-08-2024,19-03-2025,Cultural,Car,1,2549.01,4
TRIP15079,USER1566,Tokyo,15-03-2025,19-03-2025,Cultural,Bus,3,4914.42,1
TRIP15080,USER5565,Dubai,07-05-2024,18-03-2025,Business,Flight,2,627.96,9
TRIP15081,USER5699,Sydney,02-11-2024,17-02-2025,Beach,Train,3,1124.02,2
TRIP15082,USER1508,Tokyo,12-08-2024,06-09-2024,Business,Bus,1,2703.25,9
TRIP15083,USER4412,Sydney,13-11-2024,24-12-2024,Family,Bus,4,4650.97,7
TRIP15084,USER2085,Barcelona,04-04-2024,01-04-2025,Beach,Train,2,527.3,8
TRIP15085,USER2878,Barcelona,07-04-2024,17-06-2024,Beach,Car,2,1962.41,3
TRIP15086,USER5130,Paris,15-10-2024,16-01-2025,Cultural,Bus,1,1885.03,4
TRIP15087,USER1524,Sydney,04-06-2024,20-11-2024,Leisure,Flight,4,3119.88,4
TRIP15088,USER4215,London,30-10-2024,08-11-2024,Beach,Cruise,3,3670.5,7
TRIP15089,USER6348,New York,04-11-2024,21-01-2025,Business,Car,1,1536.49,6
TRIP15090,USER5268,Sydney,10-05-2024,24-03-2025,Adventure,Cruise,5,2260.32,4
TRIP15091,USER4600,Istanbul,31-07-2024,28-01-2025,Beach,Cruise,5,712.87,9
TRIP15092,USER4346,New York,15-04-2024,30-03-2025,Cultural,Car,3,1138.77,9
TRIP15093,USER4655,Istanbul,13-02-2025,10-03-2025,Business,Flight,3,4163.05,7
TRIP15094,USER6291,Istanbul,08-11-2024,12-04-2025,Adventure,Train,3,3084.23,9
TRIP15095,USER2012,Dubai,30-01-2025,06-02-2025,Business,Train,5,4249.75,6
TRIP15096,USER5841,Sydney,19-04-2024,13-09-2024,Family,Bus,5,3549.82,7
TRIP15097,USER4899,New York,05-02-2025,05-02-2025,Leisure,Car,5,625.89,10
TRIP15098,USER6226,Sydney,04-06-2024,22-11-2024,Business,Flight,5,651.2,3
TRIP15099,USER2090,Barcelona,04-11-2024,04-11-2024,Leisure,Bus,3,4213.39,5
TRIP15100,USER5671,New York,09-06-2024,14-07-2024,Adventure,Train,2,4265.12,7
TRIP15101,USER1379,Istanbul,25-12-2024,26-12-2024,Cultural,Cruise,2,3064.74,9
TRIP15102,USER4997,New York,05-04-2024,20-08-2024,Cultural,Bus,1,3727.23,7
TRIP15103,USER8372,London,18-08-2024,31-10-2024,Business,Flight,4,557.51,5
TRIP15104,USER9767,Rome,08-03-2025,23-03-2025,Family,Car,1,2986.64,1
TRIP15105,USER6628,Tokyo,08-10-2024,23-10-2024,Leisure,Cruise,1,1445.29,6
TRIP15106,USER2910,Sydney,12-02-2025,12-03-2025,Family,Flight,4,1614.24,5
TRIP15107,USER7592,Dubai,13-06-2024,23-10-2024,Leisure,Car,3,1554.14,1
TRIP15108,USER1999,Barcelona,08-09-2024,02-04-2025,Adventure,Bus,3,3325.42,6
TRIP15109,USER1338,Rome,10-07-2024,02-02-2025,Cultural,Flight,4,4989.33,9
TRIP15110,USER2239,Dubai,14-12-2024,29-01-2025,Adventure,Bus,3,4724.55,6
TRIP15111,USER7433,Istanbul,14-10-2024,31-10-2024,Beach,Bus,5,2282.88,7
TRIP15112,USER8121,Dubai,13-01-2025,05-02-2025,Beach,Flight,1,1641.05,3
TRIP15113,USER5049,London,20-02-2025,25-03-2025,Cultural,Bus,3,2880.73,2
TRIP15114,USER1035,Bangkok,19-08-2024,02-02-2025,Business,Cruise,4,4036.6,6
TRIP15115,USER8647,London,01-04-2024,12-07-2024,Business,Bus,2,648.62,4
TRIP15116,USER9255,Paris,29-12-2024,20-03-2025,Cultural,Bus,3,1511.82,9
TRIP15117,USER9330,Paris,26-07-2024,08-08-2024,Beach,Flight,5,4632.64,6
TRIP15118,USER3995,New York,26-10-2024,08-04-2025,Cultural,Car,3,1992.07,8
TRIP15119,USER1443,Istanbul,20-02-2025,15-03-2025,Cultural,Bus,5,3182.46,5
TRIP15120,USER1688,Tokyo,10-08-2024,02-04-2025,Leisure,Cruise,3,4391.8,3
TRIP15121,USER4024,Bangkok,29-05-2024,29-05-2024,Beach,Bus,2,2855.67,6
TRIP15122,USER4114,Dubai,24-10-2024,19-11-2024,Business,Cruise,4,3404.49,2
TRIP15123,USER1524,London,05-04-2024,11-01-2025,Adventure,Cruise,3,4330.24,10
TRIP15124,USER9501,Sydney,12-04-2024,28-04-2024,Beach,Flight,2,2756.85,2
TRIP15125,USER5997,Rome,29-07-2024,11-09-2024,Adventure,Cruise,2,3054.87,4
TRIP15126,USER8724,Barcelona,22-01-2025,12-04-2025,Family,Cruise,1,4962.5,10
TRIP15127,USER2558,Sydney,24-10-2024,12-02-2025,Cultural,Train,4,4038.53,9
TRIP15128,USER5443,Bangkok,20-11-2024,09-03-2025,Business,Train,3,1839.85,2
TRIP15129,USER7148,Paris,15-10-2024,09-12-2024,Family,Flight,3,2622.32,6
TRIP15130,USER4558,Istanbul,30-10-2024,14-12-2024,Adventure,Cruise,3,4518.18,7
TRIP15131,USER9217,Rome,27-04-2024,26-07-2024,Cultural,Car,3,2302.94,4
TRIP15132,USER5152,London,03-01-2025,08-03-2025,Business,Car,4,4163.25,4
TRIP15133,USER1182,Barcelona,08-04-2024,13-10-2024,Adventure,Bus,4,2668.31,5
TRIP15134,USER1231,New York,20-12-2024,30-01-2025,Leisure,Cruise,4,3671.81,8
TRIP15135,USER7997,Dubai,08-06-2024,18-10-2024,Adventure,Cruise,4,4621.86,4
TRIP15136,USER7367,Bangkok,29-04-2024,01-03-2025,Cultural,Car,3,4289.01,8
TRIP15137,USER8970,Paris,07-12-2024,15-01-2025,Family,Train,2,3277.68,4
TRIP15138,USER1535,Bangkok,04-09-2024,02-12-2024,Cultural,Bus,4,3718.64,4
TRIP15139,USER5566,Dubai,01-10-2024,30-03-2025,Business,Flight,2,1331.74,1
TRIP15140,USER8687,Rome,06-08-2024,06-01-2025,Leisure,Bus,2,1122.33,6
TRIP15141,USER2609,Dubai,04-09-2024,24-01-2025,Adventure,Train,5,1758.24,6
TRIP15142,USER3572,Rome,12-12-2024,23-12-2024,Leisure,Bus,2,4465.43,6
TRIP15143,USER8899,Istanbul,19-01-2025,06-03-2025,Business,Cruise,4,2141.57,2
TRIP15144,USER4583,Rome,15-03-2025,22-03-2025,Leisure,Bus,5,2697.93,10
TRIP15145,USER3027,Dubai,23-10-2024,15-01-2025,Leisure,Flight,4,4407.56,8
TRIP15146,USER8180,Bangkok,10-06-2024,04-10-2024,Adventure,Cruise,5,2492.14,3
TRIP15147,USER9716,Rome,05-08-2024,05-03-2025,Family,Car,2,589.34,1
TRIP15148,USER2093,Rome,15-03-2025,14-04-2025,Business,Bus,4,980.38,1
TRIP15149,USER3619,New York,01-10-2024,25-03-2025,Adventure,Flight,5,4922.4,8
TRIP15150,USER2370,Rome,05-04-2024,24-10-2024,Adventure,Bus,4,741.07,2
TRIP15151,USER7162,Dubai,17-06-2024,13-10-2024,Adventure,Bus,4,3723.2,3
TRIP15152,USER9911,Paris,16-03-2024,26-06-2024,Business,Flight,2,2345.87,8
TRIP15153,USER6402,Bangkok,20-06-2024,20-11-2024,Adventure,Train,2,4947.95,10
TRIP15154,USER7767,Sydney,03-06-2024,25-06-2024,Beach,Cruise,5,3085.85,9
TRIP15155,USER4432,Paris,27-09-2024,21-11-2024,Beach,Car,5,4534.52,3
TRIP15157,USER3047,Barcelona,30-01-2025,06-03-2025,Family,Cruise,1,4895.05,1
TRIP15158,USER8746,Rome,24-08-2024,28-11-2024,Leisure,Cruise,2,1410.6,8
TRIP15159,USER4099,Tokyo,27-01-2025,15-04-2025,Family,Train,1,959.9,1
TRIP15160,USER6944,Barcelona,28-04-2024,10-01-2025,Cultural,Cruise,3,3321.38,2
TRIP15161,USER9679,Rome,26-01-2025,25-02-2025,Business,Car,3,2395.93,2
TRIP15162,USER3471,Bangkok,25-01-2025,12-04-2025,Leisure,Car,5,1858.78,6
TRIP15163,USER9813,New York,25-12-2024,09-03-2025,Adventure,Train,3,2222.41,6
TRIP15164,USER8122,Tokyo,23-09-2024,31-10-2024,Cultural,Train,3,4048.39,7
TRIP15165,USER5857,Paris,29-03-2024,28-03-2025,Beach,Car,4,1038.49,9
TRIP15166,USER2532,Dubai,03-11-2024,05-04-2025,Business,Car,5,898.76,4
TRIP15167,USER6886,Tokyo,04-08-2024,03-10-2024,Business,Cruise,5,4301.28,4
TRIP15168,USER6567,London,13-08-2024,07-03-2025,Cultural,Flight,2,4470.67,9
TRIP15169,USER6433,Bangkok,18-02-2025,05-03-2025,Leisure,Cruise,2,4787.16,1
TRIP15170,USER3322,Bangkok,26-09-2024,01-10-2024,Family,Flight,2,4282.27,10
TRIP15171,USER1479,Sydney,06-04-2024,30-04-2024,Family,Train,5,1650.26,6
TRIP15172,USER5381,Sydney,18-08-2024,19-10-2024,Business,Car,2,3010.79,3
TRIP15173,USER1327,Dubai,02-04-2024,11-07-2024,Beach,Car,1,3847.85,9
TRIP15174,USER1475,New York,25-11-2024,13-04-2025,Leisure,Bus,3,1015.49,4
TRIP15175,USER9100,Barcelona,24-05-2024,09-10-2024,Adventure,Bus,2,1684.07,8
TRIP15176,USER6108,Tokyo,09-03-2025,02-04-2025,Leisure,Flight,1,4127.12,5
TRIP15177,USER6151,Tokyo,17-02-2025,21-02-2025,Leisure,Cruise,2,3490.66,2
TRIP15178,USER5877,London,22-04-2024,06-03-2025,Beach,Train,1,4106.01,1
TRIP15179,USER4008,Tokyo,19-05-2024,07-04-2025,Business,Cruise,5,4198.95,5
TRIP15180,USER1849,New York,20-03-2024,24-02-2025,Cultural,Cruise,1,2990.07,4
TRIP15181,USER1049,Tokyo,22-09-2024,22-01-2025,Beach,Car,3,1218.29,7
TRIP15182,USER8143,New York,25-05-2024,07-12-2024,Leisure,Cruise,3,4877.89,7
TRIP15183,USER4899,Rome,26-01-2025,01-02-2025,Leisure,Bus,5,1068.96,4
TRIP15184,USER3885,Rome,12-10-2024,28-10-2024,Family,Cruise,1,3343.14,7
TRIP15185,USER8279,Paris,11-03-2025,19-03-2025,Cultural,Train,4,3314.78,4
TRIP15186,USER7799,Sydney,21-12-2024,14-04-2025,Cultural,Train,1,3353.24,1
TRIP15187,USER4082,Paris,25-10-2024,05-12-2024,Cultural,Car,2,943.41,6
TRIP15188,USER5387,New York,04-05-2024,07-02-2025,Adventure,Car,2,3890.96,3
TRIP15189,USER3327,Istanbul,04-10-2024,10-03-2025,Adventure,Cruise,2,4968.24,6
TRIP15190,USER5569,Barcelona,03-05-2024,27-07-2024,Leisure,Bus,2,4919.51,1
TRIP15191,USER7412,Rome,23-11-2024,17-12-2024,Family,Car,5,2731.93,5
TRIP15192,USER1276,Barcelona,21-01-2025,02-03-2025,Beach,Bus,3,2031.36,4
TRIP15193,USER5752,Istanbul,20-09-2024,06-03-2025,Cultural,Flight,1,2761.33,10
TRIP15194,USER8902,Rome,15-03-2025,23-03-2025,Family,Bus,4,1695.82,4
TRIP15195,USER2728,Dubai,01-08-2024,16-09-2024,Adventure,Bus,4,1825.67,3
TRIP15196,USER8776,Dubai,21-05-2024,17-06-2024,Adventure,Train,5,3619.13,8
TRIP15197,USER8338,Dubai,19-01-2025,07-04-2025,Adventure,Car,2,516.57,9
TRIP15198,USER6745,Istanbul,19-10-2024,01-03-2025,Cultural,Cruise,3,3101.42,3
TRIP15199,USER3580,Rome,08-09-2024,05-03-2025,Family,Flight,3,1230.08,3
TRIP15200,USER2346,Paris,28-03-2024,11-06-2024,Family,Train,5,2376.03,7
TRIP15201,USER6432,Istanbul,07-09-2024,02-03-2025,Cultural,Train,1,4844.66,8
TRIP15202,USER7507,Barcelona,01-04-2024,11-01-2025,Cultural,Train,5,1778.33,5
TRIP15203,USER2597,Bangkok,25-10-2024,14-12-2024,Adventure,Flight,1,4606.28,3
TRIP15204,USER9361,Sydney,09-11-2024,03-02-2025,Beach,Cruise,1,1488.47,5
TRIP15205,USER4062,Sydney,20-09-2024,19-11-2024,Adventure,Car,4,2813.54,6
TRIP15206,USER8191,Istanbul,05-06-2024,01-12-2024,Business,Train,1,3477.96,2
TRIP15207,USER2235,Paris,02-07-2024,07-02-2025,Beach,Car,2,3310.47,6
TRIP15208,USER9969,Tokyo,15-03-2025,14-04-2025,Beach,Train,1,1063.97,9
TRIP15209,USER8830,Dubai,12-07-2024,25-07-2024,Beach,Car,4,3123.76,3
TRIP15210,USER8341,Rome,22-04-2024,13-11-2024,Business,Bus,4,4556.92,1
TRIP15211,USER1839,Barcelona,23-08-2024,19-09-2024,Family,Cruise,2,2322.73,9
TRIP15212,USER4676,Dubai,18-05-2024,26-05-2024,Beach,Car,5,2592.69,8
TRIP15213,USER4824,Sydney,06-11-2024,04-12-2024,Leisure,Train,1,4738.63,7
TRIP15214,USER7977,New York,13-09-2024,20-12-2024,Business,Cruise,2,4394.29,10
TRIP15215,USER9890,Dubai,22-05-2024,26-08-2024,Cultural,Train,2,3347.92,9
TRIP15216,USER6159,Tokyo,22-11-2024,29-11-2024,Adventure,Flight,4,4226.99,2
TRIP15217,USER4874,Barcelona,08-12-2024,22-02-2025,Business,Bus,5,2397.74,7
TRIP15218,USER8616,New York,25-08-2024,15-02-2025,Business,Cruise,5,1387.23,2
TRIP15219,USER1962,New York,31-03-2024,04-04-2025,Beach,Cruise,4,4622.17,10
TRIP15220,USER4127,Istanbul,19-03-2024,07-06-2024,Adventure,Train,3,1961.39,8
TRIP15221,USER8861,Bangkok,14-12-2024,20-02-2025,Business,Car,2,1958.87,9
TRIP15222,USER7472,New York,24-11-2024,01-04-2025,Family,Flight,5,915.49,4
TRIP15223,USER7343,Paris,10-02-2025,21-03-2025,Cultural,Flight,4,508.73,6
TRIP15224,USER6059,Sydney,06-03-2025,11-04-2025,Leisure,Car,4,3559.36,7
TRIP15225,USER7466,Barcelona,09-05-2024,30-12-2024,Family,Car,1,4912.75,7
TRIP15226,USER1489,Dubai,23-11-2024,03-01-2025,Beach,Train,5,1047.67,7
TRIP15227,USER9313,Bangkok,18-05-2024,31-01-2025,Beach,Car,1,1877.59,5
TRIP15228,USER9168,Barcelona,18-06-2024,03-03-2025,Beach,Car,2,4336.8,2
TRIP15229,USER4860,London,22-05-2024,03-04-2025,Cultural,Cruise,3,2344.9,7
TRIP15230,USER8659,Tokyo,25-08-2024,12-09-2024,Cultural,Train,1,3019.78,8
TRIP15231,USER5383,Istanbul,11-10-2024,27-03-2025,Family,Flight,4,4202.27,7
TRIP15232,USER9670,Istanbul,19-03-2024,17-05-2024,Adventure,Flight,4,2421.91,3
TRIP15233,USER4684,Sydney,09-05-2024,16-08-2024,Business,Flight,3,2747.94,2
TRIP15234,USER2359,London,10-12-2024,03-03-2025,Cultural,Train,5,3133.86,4
TRIP15235,USER5560,Barcelona,02-07-2024,23-03-2025,Family,Bus,1,2945.84,7
TRIP15236,USER4583,London,30-01-2025,31-03-2025,Leisure,Train,4,3401.36,4
TRIP15237,USER4277,Istanbul,12-12-2024,07-04-2025,Adventure,Car,3,2152.5,1
TRIP15238,USER4092,Tokyo,05-03-2025,07-04-2025,Adventure,Car,2,1078.71,10
TRIP15239,USER8041,New York,27-07-2024,04-04-2025,Beach,Car,5,2972.83,7
TRIP15240,USER2115,Rome,13-08-2024,30-09-2024,Business,Flight,3,4610.74,3
TRIP15241,USER1956,Sydney,21-03-2024,05-06-2024,Business,Cruise,2,4675.23,10
TRIP15242,USER6673,Bangkok,11-12-2024,02-01-2025,Business,Bus,1,1266.93,3
TRIP15243,USER6514,Dubai,23-07-2024,20-10-2024,Leisure,Cruise,5,3200.87,10
TRIP15244,USER3579,Istanbul,08-12-2024,04-03-2025,Leisure,Cruise,1,4293.91,10
TRIP15245,USER3215,Barcelona,10-01-2025,26-01-2025,Cultural,Car,4,1792.42,1
TRIP15246,USER8104,New York,16-10-2024,26-12-2024,Leisure,Bus,5,1850.75,3
TRIP15247,USER4749,New York,07-04-2024,11-08-2024,Beach,Car,4,4122.82,1
TRIP15248,USER2288,Barcelona,19-09-2024,20-01-2025,Cultural,Cruise,1,3268.03,5
TRIP15249,USER6078,Dubai,12-09-2024,09-02-2025,Beach,Train,1,2090.14,2
TRIP15250,USER8408,Tokyo,07-04-2024,11-07-2024,Cultural,Bus,4,3564.85,5
TRIP15251,USER1611,Paris,27-05-2024,14-10-2024,Adventure,Train,5,2376.42,4
TRIP15252,USER7264,Rome,03-06-2024,13-01-2025,Business,Car,5,4321.41,1
TRIP15253,USER2728,Tokyo,07-01-2025,11-04-2025,Cultural,Cruise,4,2970.36,1
TRIP15254,USER1565,Bangkok,30-05-2024,22-03-2025,Family,Car,2,4893.52,1
TRIP15255,USER2752,Istanbul,19-07-2024,24-03-2025,Family,Train,2,4594.27,3
TRIP15256,USER6926,Barcelona,05-02-2025,18-02-2025,Adventure,Train,5,736.28,5
TRIP15257,USER7450,Tokyo,21-06-2024,11-10-2024,Family,Bus,3,4809.33,4
TRIP15258,USER2416,Dubai,24-05-2024,15-03-2025,Family,Car,3,616.78,4
TRIP15259,USER4377,Bangkok,26-08-2024,25-01-2025,Leisure,Cruise,2,2064.94,7
TRIP15260,USER8300,Dubai,13-02-2025,13-04-2025,Business,Bus,4,4114.6,9
TRIP15261,USER2951,London,03-07-2024,01-03-2025,Business,Train,3,1434.61,4
TRIP15262,USER9498,Istanbul,16-04-2024,21-01-2025,Adventure,Cruise,1,3123.25,4
TRIP15263,USER2851,London,28-02-2025,26-03-2025,Cultural,Flight,4,4234.05,9
TRIP15264,USER8906,Paris,20-12-2024,17-03-2025,Cultural,Train,2,2953.05,1
TRIP15265,USER5065,Bangkok,09-11-2024,14-01-2025,Cultural,Cruise,2,3957.05,7
TRIP15266,USER3267,Paris,07-10-2024,18-11-2024,Leisure,Bus,4,4576.23,8
TRIP15267,USER3888,Barcelona,06-12-2024,12-03-2025,Leisure,Bus,3,712.54,3
TRIP15268,USER7577,Tokyo,26-02-2025,20-03-2025,Adventure,Flight,2,4385.05,5
TRIP15269,USER8427,Tokyo,19-01-2025,23-02-2025,Family,Flight,4,3701.34,2
TRIP15270,USER1937,Paris,31-05-2024,16-09-2024,Leisure,Flight,2,3856.07,5
TRIP15271,USER5493,Istanbul,20-09-2024,01-01-2025,Adventure,Cruise,4,2060.88,3
TRIP15272,USER7330,Bangkok,13-02-2025,14-02-2025,Business,Cruise,1,4242.64,4
TRIP15273,USER4230,Dubai,09-07-2024,10-09-2024,Adventure,Cruise,5,1557.41,8
TRIP15274,USER6852,Rome,17-06-2024,11-08-2024,Business,Train,3,3077.28,5
TRIP15275,USER4737,Paris,01-06-2024,20-01-2025,Family,Cruise,1,3535.31,8
TRIP15276,USER7758,Bangkok,05-01-2025,05-04-2025,Beach,Train,1,3111.81,7
TRIP15277,USER7498,Barcelona,14-01-2025,25-03-2025,Leisure,Flight,2,3228.52,4
TRIP15278,USER8901,London,25-07-2024,18-02-2025,Leisure,Flight,1,903.88,7
TRIP15279,USER6765,London,14-07-2024,07-12-2024,Adventure,Car,5,1998.25,8
TRIP15280,USER2857,Paris,29-11-2024,10-03-2025,Beach,Bus,4,2148.13,10
TRIP15281,USER1527,Istanbul,04-09-2024,23-03-2025,Cultural,Car,5,3813.87,9
TRIP15282,USER3795,Istanbul,16-04-2024,14-07-2024,Family,Cruise,4,893.78,6
TRIP15283,USER5591,Dubai,01-10-2024,13-02-2025,Family,Flight,5,931.18,3
TRIP15284,USER7065,Rome,28-10-2024,17-11-2024,Cultural,Flight,2,1034.17,2
TRIP15285,USER3956,New York,19-04-2024,01-05-2024,Leisure,Car,4,661.98,7
TRIP15286,USER2180,Sydney,26-05-2024,29-03-2025,Leisure,Bus,3,4685.76,6
TRIP15287,USER7306,Istanbul,21-08-2024,28-09-2024,Family,Train,5,3037.71,7
TRIP15288,USER2548,Istanbul,06-03-2025,20-03-2025,Adventure,Cruise,5,2033.93,8
TRIP15289,USER7704,Tokyo,24-06-2024,25-08-2024,Business,Flight,3,3923.55,5
TRIP15290,USER4306,Barcelona,22-10-2024,31-12-2024,Cultural,Car,3,940.19,2
TRIP15291,USER6502,London,30-10-2024,11-11-2024,Cultural,Car,2,1762.8,6
TRIP15292,USER2970,New York,03-01-2025,15-04-2025,Leisure,Car,3,4011.92,6
TRIP15293,USER6263,Barcelona,24-04-2024,05-03-2025,Business,Bus,5,4157.53,9
TRIP15294,USER4437,Barcelona,31-03-2024,12-04-2025,Leisure,Bus,3,1672.37,2
TRIP15295,USER1651,Istanbul,21-12-2024,29-01-2025,Business,Train,1,3089.38,1
TRIP15296,USER2571,Dubai,05-06-2024,10-06-2024,Cultural,Bus,1,4940.86,5
TRIP15297,USER8456,Sydney,18-06-2024,12-02-2025,Adventure,Car,2,1722.61,9
TRIP15298,USER1801,New York,20-03-2024,17-05-2024,Family,Flight,4,3204.91,3
TRIP15299,USER6440,Paris,29-06-2024,03-04-2025,Adventure,Bus,3,3535.44,3
TRIP15300,USER7858,Bangkok,01-04-2024,05-05-2024,Adventure,Flight,2,3796.48,7
TRIP15301,USER6861,New York,11-12-2024,13-03-2025,Family,Train,5,2118.97,3
TRIP15302,USER7613,Barcelona,10-12-2024,05-01-2025,Cultural,Bus,4,1636.72,10
TRIP15303,USER6319,London,19-05-2024,03-03-2025,Leisure,Car,5,945.03,2
TRIP15304,USER9539,New York,26-02-2025,12-03-2025,Family,Train,5,1785.34,9
TRIP15306,USER7466,Istanbul,08-07-2024,17-10-2024,Business,Train,4,782.72,3
TRIP15307,USER5966,Barcelona,17-09-2024,02-12-2024,Leisure,Bus,3,3222.26,10
TRIP15308,USER3532,Paris,07-12-2024,28-03-2025,Beach,Bus,5,3592.64,10
TRIP15309,USER4978,New York,17-07-2024,23-09-2024,Adventure,Cruise,1,1811.58,10
TRIP15310,USER7419,London,03-06-2024,03-12-2024,Leisure,Flight,4,1338.22,7
TRIP15311,USER2563,Tokyo,23-06-2024,20-07-2024,Cultural,Flight,1,3519.07,3
TRIP15312,USER8399,Barcelona,05-05-2024,03-02-2025,Beach,Flight,5,4761.18,3
TRIP15313,USER6898,Bangkok,24-07-2024,08-04-2025,Family,Cruise,4,2386.76,6
TRIP15314,USER5332,Istanbul,25-03-2024,09-03-2025,Business,Flight,5,642.92,1
TRIP15315,USER7421,Rome,14-12-2024,17-12-2024,Family,Flight,4,2991.95,3
TRIP15316,USER7507,Bangkok,29-12-2024,05-04-2025,Family,Cruise,1,3977.4,6
TRIP15317,USER7441,Paris,03-02-2025,10-04-2025,Cultural,Car,3,3553.11,3
TRIP15318,USER7068,Istanbul,23-03-2024,06-08-2024,Beach,Car,4,4663.09,6
TRIP15319,USER3658,Dubai,04-03-2025,05-04-2025,Leisure,Train,1,3970.43,1
TRIP15320,USER5332,Bangkok,19-12-2024,21-01-2025,Adventure,Flight,4,3004.77,9
TRIP15321,USER7308,Barcelona,09-09-2024,13-04-2025,Cultural,Bus,5,2311.72,1
TRIP15322,USER2490,Bangkok,19-08-2024,27-08-2024,Family,Cruise,1,1371.92,6
TRIP15323,USER3851,London,01-03-2025,07-04-2025,Adventure,Flight,4,548.69,7
TRIP15324,USER6989,Rome,30-07-2024,12-02-2025,Cultural,Flight,3,2183.04,1
TRIP15325,USER4597,London,03-01-2025,23-01-2025,Beach,Flight,4,3062.64,7
TRIP15326,USER4596,Rome,01-08-2024,24-08-2024,Business,Train,1,3195.56,6
TRIP15327,USER5113,London,24-07-2024,11-09-2024,Leisure,Train,5,1373.37,3
TRIP15328,USER1505,Bangkok,18-04-2024,23-02-2025,Business,Flight,5,1331,5
TRIP15329,USER4677,Rome,26-05-2024,22-12-2024,Leisure,Car,3,3208.18,9
TRIP15330,USER3526,London,03-06-2024,16-01-2025,Leisure,Train,1,1614.73,2
TRIP15331,USER5924,Sydney,27-07-2024,12-12-2024,Cultural,Train,4,3453.84,2
TRIP15332,USER7052,Dubai,17-10-2024,17-12-2024,Adventure,Flight,4,2471.72,10
TRIP15333,USER3843,Rome,07-08-2024,31-03-2025,Business,Car,5,4176.04,7
TRIP15334,USER7734,London,28-03-2024,19-09-2024,Adventure,Train,3,3756.16,10
TRIP15335,USER6845,New York,27-06-2024,30-01-2025,Cultural,Car,2,886.68,10
TRIP15336,USER6108,London,25-07-2024,20-01-2025,Cultural,Flight,5,3217.09,7
TRIP15337,USER1568,Bangkok,17-06-2024,11-09-2024,Business,Flight,5,1880.08,2
TRIP15338,USER5917,Rome,09-07-2024,06-10-2024,Adventure,Car,5,3319.24,1
TRIP15339,USER9176,Dubai,17-09-2024,28-03-2025,Beach,Flight,1,2843.9,6
TRIP15340,USER5489,Rome,23-03-2024,04-08-2024,Family,Train,4,4963.57,5
TRIP15341,USER5346,Bangkok,03-06-2024,31-08-2024,Cultural,Car,4,1268.96,1
TRIP15342,USER8035,Barcelona,18-02-2025,27-02-2025,Business,Flight,1,1320.03,6
TRIP15343,USER8690,Paris,06-03-2025,11-03-2025,Beach,Train,2,4083.94,1
TRIP15344,USER2156,Sydney,08-02-2025,19-03-2025,Beach,Train,1,2843.56,2
TRIP15345,USER6527,Rome,27-09-2024,14-02-2025,Family,Cruise,5,4944.31,10
TRIP15346,USER7562,Istanbul,06-01-2025,08-01-2025,Cultural,Bus,3,565.13,9
TRIP15347,USER7227,Dubai,22-07-2024,09-11-2024,Beach,Train,1,2096.64,7
TRIP15348,USER8062,Rome,07-08-2024,06-10-2024,Leisure,Cruise,2,3443.99,6
TRIP15349,USER2388,London,24-12-2024,26-02-2025,Beach,Bus,5,723.15,1
TRIP15350,USER2699,Paris,06-03-2025,08-04-2025,Family,Car,4,1979.16,4
TRIP15351,USER7290,Tokyo,10-09-2024,02-11-2024,Family,Bus,3,4614.89,10
TRIP15352,USER4920,Dubai,26-09-2024,28-01-2025,Adventure,Car,1,2557.69,1
TRIP15353,USER3077,Bangkok,23-05-2024,15-03-2025,Business,Train,2,3143.1,4
TRIP15354,USER2883,Barcelona,26-01-2025,04-03-2025,Leisure,Cruise,4,3061.02,8
TRIP15355,USER4458,Istanbul,15-05-2024,06-08-2024,Beach,Car,2,2892.54,5
TRIP15356,USER7244,Sydney,09-06-2024,16-07-2024,Cultural,Cruise,1,4397.89,5
TRIP15357,USER3882,Bangkok,07-08-2024,13-09-2024,Beach,Bus,4,3792.96,4
TRIP15358,USER3829,Bangkok,28-07-2024,01-11-2024,Leisure,Flight,2,1871.29,5
TRIP15359,USER2757,London,16-10-2024,28-01-2025,Family,Cruise,5,2537.22,6
TRIP15360,USER1211,New York,20-01-2025,28-01-2025,Business,Cruise,1,1000.05,6
TRIP15361,USER3189,Istanbul,31-08-2024,09-04-2025,Beach,Train,3,2479.73,6
TRIP15362,USER5745,Bangkok,26-10-2024,21-01-2025,Beach,Flight,4,2584.43,10
TRIP15363,USER4994,New York,16-10-2024,11-04-2025,Leisure,Cruise,4,654.23,10
TRIP15364,USER9149,Istanbul,15-06-2024,14-11-2024,Adventure,Flight,1,4377.88,3
TRIP15365,USER5130,Barcelona,12-12-2024,08-02-2025,Adventure,Train,5,962.31,2
TRIP15366,USER8405,Rome,01-07-2024,16-07-2024,Business,Flight,3,3603.8,4
TRIP15367,USER5499,Sydney,18-11-2024,12-02-2025,Leisure,Cruise,4,4328.07,4
TRIP15368,USER4860,New York,29-04-2024,13-02-2025,Family,Train,4,672.41,2
TRIP15369,USER9386,Barcelona,11-01-2025,14-01-2025,Family,Flight,3,4414.1,3
TRIP15370,USER8513,Barcelona,10-09-2024,27-03-2025,Family,Car,5,3318.34,10
TRIP15371,USER8572,Istanbul,14-10-2024,29-12-2024,Business,Cruise,2,2264.95,5
TRIP15372,USER3170,Rome,09-01-2025,26-03-2025,Beach,Cruise,1,1974.73,10
TRIP15373,USER3841,Barcelona,15-04-2024,25-07-2024,Leisure,Car,3,4398.64,10
TRIP15374,USER7612,Paris,24-11-2024,01-02-2025,Beach,Cruise,4,2973.36,5
TRIP15375,USER6745,Sydney,07-01-2025,20-01-2025,Beach,Bus,1,2934.65,7
TRIP15376,USER5467,Rome,25-09-2024,01-10-2024,Business,Train,1,2386.36,5
TRIP15377,USER7183,Paris,07-09-2024,21-02-2025,Beach,Car,3,3794.28,10
TRIP15378,USER1738,Sydney,13-07-2024,23-10-2024,Adventure,Train,1,876.03,2
TRIP15379,USER8993,New York,08-11-2024,23-12-2024,Beach,Car,1,2849.25,4
TRIP15380,USER3841,Dubai,03-10-2024,14-10-2024,Business,Car,4,1466.11,10
TRIP15381,USER5998,Tokyo,12-10-2024,26-01-2025,Beach,Car,3,989.9,2
TRIP15382,USER8307,Sydney,09-07-2024,19-07-2024,Beach,Car,1,2465.04,5
TRIP15383,USER5221,Bangkok,03-09-2024,19-09-2024,Leisure,Train,3,1827.51,7
TRIP15384,USER6806,New York,20-07-2024,16-01-2025,Business,Train,1,786.28,10
TRIP15385,USER5988,Istanbul,15-04-2024,17-02-2025,Leisure,Flight,2,2643.72,10
TRIP15386,USER6345,Dubai,18-10-2024,15-03-2025,Beach,Train,2,1573.94,7
TRIP15387,USER5723,New York,11-07-2024,25-01-2025,Cultural,Car,3,1511.41,5
TRIP15388,USER9504,Istanbul,18-07-2024,11-10-2024,Beach,Train,5,2168.39,6
TRIP15389,USER4655,Rome,02-12-2024,18-03-2025,Family,Cruise,2,3348.88,1
TRIP15390,USER9114,Istanbul,30-05-2024,04-09-2024,Business,Train,1,4312.98,8
TRIP15391,USER8446,Rome,25-09-2024,03-10-2024,Cultural,Bus,4,2798.55,6
TRIP15392,USER3866,Sydney,02-07-2024,23-11-2024,Adventure,Bus,3,4394.39,2
TRIP15393,USER2904,Paris,19-06-2024,03-07-2024,Cultural,Flight,5,4207.57,4
TRIP15394,USER5267,Rome,26-10-2024,21-03-2025,Business,Flight,3,3119.91,6
TRIP15395,USER3914,London,28-12-2024,17-01-2025,Cultural,Train,3,3824.95,8
TRIP15396,USER3851,Tokyo,04-08-2024,16-03-2025,Beach,Flight,1,1795.96,9
TRIP15397,USER8527,Barcelona,20-04-2024,22-01-2025,Leisure,Bus,3,1428.67,1
TRIP15398,USER5198,Bangkok,02-08-2024,16-03-2025,Business,Cruise,4,4020.55,10
TRIP15399,USER1330,New York,24-03-2024,06-07-2024,Adventure,Flight,2,3269,8
TRIP15400,USER9934,Dubai,17-06-2024,24-09-2024,Business,Cruise,3,1445.09,5
TRIP15401,USER1777,Dubai,28-09-2024,01-04-2025,Adventure,Cruise,4,2870.72,10
TRIP15402,USER5366,Sydney,14-07-2024,25-03-2025,Adventure,Cruise,1,3478.2,5
TRIP15403,USER6401,Tokyo,14-03-2025,01-04-2025,Adventure,Bus,5,731.43,1
TRIP15404,USER8720,Tokyo,02-11-2024,15-02-2025,Leisure,Car,1,1584.81,10
TRIP15405,USER8556,Rome,04-09-2024,16-11-2024,Business,Train,2,1443.33,1
TRIP15406,USER3010,Barcelona,16-03-2024,21-04-2024,Business,Train,5,1774.66,3
TRIP15407,USER1799,Dubai,17-07-2024,17-02-2025,Business,Cruise,1,2466.49,6
TRIP15408,USER2986,Barcelona,01-07-2024,28-02-2025,Cultural,Car,5,3832.75,8
TRIP15409,USER6375,Rome,21-03-2024,05-08-2024,Beach,Flight,3,4822.09,8
TRIP15410,USER6821,Tokyo,08-04-2024,27-11-2024,Cultural,Car,2,1935.37,1
TRIP15411,USER1180,Rome,20-06-2024,12-02-2025,Cultural,Car,4,3502.32,7
TRIP15412,USER8501,London,09-12-2024,06-02-2025,Cultural,Bus,5,1783.74,1
TRIP15413,USER6789,Paris,06-07-2024,14-02-2025,Adventure,Flight,2,4537.52,10
TRIP15414,USER4954,London,11-10-2024,08-04-2025,Business,Train,3,1369.57,2
TRIP15415,USER9346,New York,24-07-2024,14-03-2025,Adventure,Bus,3,2176,3
TRIP15416,USER3627,Istanbul,21-08-2024,19-10-2024,Adventure,Car,5,2719.04,2
TRIP15417,USER7223,Rome,05-04-2024,20-05-2024,Cultural,Car,3,3338.6,7
TRIP15418,USER7344,Dubai,27-10-2024,17-12-2024,Business,Bus,2,4276.05,1
TRIP15419,USER4123,Bangkok,25-11-2024,08-03-2025,Beach,Cruise,5,1040.45,3
TRIP15420,USER3419,Sydney,25-11-2024,02-12-2024,Adventure,Train,4,4990.54,6
TRIP15421,USER5019,Dubai,07-12-2024,02-03-2025,Leisure,Cruise,4,2197.89,4
TRIP15422,USER1550,Sydney,07-03-2025,14-03-2025,Business,Bus,4,1939.05,10
TRIP15423,USER6176,London,27-08-2024,15-02-2025,Business,Flight,4,1456.21,7
TRIP15424,USER5600,Istanbul,24-11-2024,23-12-2024,Cultural,Train,1,1845.12,6
TRIP15425,USER8420,Barcelona,30-04-2024,11-04-2025,Business,Bus,3,4845.52,5
TRIP15426,USER8492,Istanbul,09-10-2024,16-10-2024,Adventure,Cruise,4,1394.92,6
TRIP15427,USER3582,Tokyo,18-12-2024,21-02-2025,Leisure,Flight,4,4734.19,3
TRIP15428,USER9607,Barcelona,04-09-2024,30-10-2024,Business,Bus,3,3131.64,4
TRIP15429,USER9478,London,21-01-2025,08-04-2025,Beach,Flight,2,4416.85,10
TRIP15430,USER9025,Istanbul,10-04-2024,11-04-2024,Cultural,Car,3,726.49,4
TRIP15431,USER3561,London,23-05-2024,25-05-2024,Cultural,Cruise,5,1685.33,2
TRIP15432,USER5865,London,06-09-2024,12-09-2024,Adventure,Bus,4,1627.52,9
TRIP15433,USER8000,Paris,13-08-2024,03-01-2025,Cultural,Train,1,3138.21,2
TRIP15434,USER2001,New York,04-01-2025,02-03-2025,Adventure,Bus,1,1986.03,9
TRIP15435,USER7743,Sydney,24-12-2024,12-02-2025,Family,Car,3,1179.85,10
TRIP15436,USER6661,Istanbul,24-04-2024,23-05-2024,Family,Cruise,4,3175.23,8
TRIP15437,USER9137,Sydney,17-05-2024,09-02-2025,Adventure,Bus,3,1629.26,1
TRIP15438,USER8060,Istanbul,29-09-2024,14-03-2025,Leisure,Flight,2,4134.45,4
TRIP15439,USER9819,Sydney,09-07-2024,15-07-2024,Leisure,Train,5,2488.31,5
TRIP15440,USER2535,Sydney,21-10-2024,05-12-2024,Business,Flight,5,750.66,1
TRIP15442,USER9905,Sydney,04-11-2024,20-11-2024,Business,Cruise,1,1225.74,2
TRIP15443,USER7340,Bangkok,14-08-2024,05-10-2024,Leisure,Car,3,4777.44,8
TRIP15444,USER1830,Tokyo,14-09-2024,07-11-2024,Adventure,Car,1,3979.31,9
TRIP15445,USER6237,Bangkok,27-01-2025,01-03-2025,Adventure,Cruise,1,1001.26,8
TRIP15446,USER4274,Sydney,19-08-2024,26-01-2025,Business,Flight,3,2318.08,9
TRIP15447,USER2502,Bangkok,16-12-2024,10-03-2025,Cultural,Train,3,2780.06,3
TRIP15448,USER3804,Bangkok,30-04-2024,05-10-2024,Adventure,Train,2,3567.51,8
TRIP15449,USER3749,Paris,03-09-2024,21-09-2024,Business,Bus,3,2580.79,1
TRIP15450,USER4991,Rome,05-12-2024,09-03-2025,Business,Flight,3,3776.26,8
TRIP15451,USER2740,Bangkok,11-10-2024,31-03-2025,Beach,Bus,5,2029.61,2
TRIP15452,USER1643,Sydney,24-02-2025,24-02-2025,Leisure,Car,2,1872.39,1
TRIP15453,USER1698,London,10-07-2024,21-01-2025,Cultural,Cruise,2,4884.07,10
TRIP15454,USER9542,Barcelona,29-03-2024,18-04-2024,Beach,Train,3,3401.87,7
TRIP15455,USER7600,New York,28-02-2025,17-03-2025,Business,Train,5,2998.96,3
TRIP15457,USER7742,Paris,08-05-2024,25-08-2024,Leisure,Car,2,2854.96,3
TRIP15458,USER2848,Bangkok,01-04-2024,21-09-2024,Beach,Cruise,4,740.11,2
TRIP15459,USER8976,Rome,23-04-2024,27-01-2025,Family,Bus,2,4287.24,2
TRIP15460,USER8750,Tokyo,22-08-2024,22-08-2024,Cultural,Flight,3,2285.9,5
TRIP15461,USER6439,Bangkok,16-06-2024,03-09-2024,Family,Train,5,2574.28,5
TRIP15462,USER3095,Barcelona,16-11-2024,15-04-2025,Cultural,Train,5,516.01,6
TRIP15463,USER9767,Tokyo,30-10-2024,06-12-2024,Family,Train,2,1705.69,1
TRIP15464,USER9418,Barcelona,02-12-2024,02-03-2025,Family,Car,1,886,6
TRIP15465,USER6997,London,10-09-2024,17-01-2025,Adventure,Car,4,508.32,2
TRIP15466,USER4724,Dubai,08-05-2024,25-03-2025,Beach,Flight,2,4446.81,5
TRIP15467,USER7830,Paris,24-12-2024,02-04-2025,Beach,Bus,5,3567.61,8
TRIP15468,USER4947,Dubai,30-07-2024,09-11-2024,Beach,Cruise,1,936.07,8
TRIP15469,USER5067,New York,24-09-2024,26-11-2024,Business,Car,5,2327.37,2
TRIP15470,USER4534,Barcelona,26-08-2024,04-11-2024,Family,Cruise,5,3598.99,2
TRIP15471,USER8963,Rome,03-10-2024,08-02-2025,Adventure,Car,1,4673.03,1
TRIP15472,USER9577,Paris,22-09-2024,22-12-2024,Leisure,Flight,2,3845.86,7
TRIP15473,USER7674,Tokyo,17-11-2024,01-02-2025,Family,Car,5,3001.92,3
TRIP15474,USER5516,New York,28-04-2024,24-10-2024,Leisure,Train,2,4013.57,8
TRIP15475,USER8490,Dubai,21-10-2024,10-11-2024,Leisure,Train,4,4278.01,7
TRIP15476,USER3168,Rome,25-07-2024,04-03-2025,Adventure,Cruise,2,3933.88,10
TRIP15477,USER9019,Barcelona,11-06-2024,17-03-2025,Adventure,Cruise,4,3730.44,2
TRIP15478,USER5595,Rome,08-07-2024,20-02-2025,Adventure,Car,4,3279.67,7
TRIP15479,USER3716,Rome,23-12-2024,01-02-2025,Family,Cruise,2,1190.74,1
TRIP15480,USER3754,Rome,07-01-2025,15-02-2025,Leisure,Car,1,553.83,10
TRIP15481,USER8905,London,31-10-2024,12-03-2025,Business,Train,2,2163.53,7
TRIP15482,USER8230,Sydney,12-02-2025,03-03-2025,Business,Train,5,4574.31,9
TRIP15483,USER2669,Sydney,04-01-2025,05-04-2025,Adventure,Car,4,1709.38,1
TRIP15484,USER1583,Dubai,05-04-2024,04-07-2024,Adventure,Bus,5,4698.11,6
TRIP15485,USER8777,London,28-11-2024,10-12-2024,Adventure,Cruise,2,2347.81,10
TRIP15486,USER4735,Barcelona,16-03-2024,23-09-2024,Beach,Flight,5,1077.28,9
TRIP15487,USER8692,New York,12-02-2025,15-04-2025,Adventure,Train,4,3214.57,5
TRIP15488,USER8401,Bangkok,14-12-2024,29-12-2024,Leisure,Cruise,1,3473.46,4
TRIP15489,USER4052,Barcelona,30-12-2024,17-01-2025,Beach,Cruise,2,2228.48,3
TRIP15490,USER6157,Bangkok,20-08-2024,18-03-2025,Family,Cruise,2,2576.15,10
TRIP15491,USER2742,Istanbul,05-09-2024,12-10-2024,Family,Flight,5,3068.21,3
TRIP15492,USER1229,Paris,13-01-2025,08-04-2025,Adventure,Flight,4,2623.61,6
TRIP15493,USER4165,London,26-11-2024,03-03-2025,Cultural,Bus,4,839.87,5
TRIP15494,USER6034,Rome,15-05-2024,03-03-2025,Business,Car,2,3479.02,6
TRIP15495,USER3658,Dubai,25-06-2024,12-03-2025,Leisure,Flight,5,2259.94,2
TRIP15496,USER6923,Sydney,22-06-2024,03-04-2025,Cultural,Bus,1,4652.21,10
TRIP15497,USER9499,Barcelona,31-10-2024,08-02-2025,Beach,Cruise,1,550.39,1
TRIP15498,USER9096,Rome,21-04-2024,18-10-2024,Adventure,Train,1,1613.11,1
TRIP15499,USER6229,Istanbul,15-12-2024,13-02-2025,Leisure,Flight,4,4057.81,7
TRIP15500,USER3405,Sydney,02-01-2025,18-01-2025,Beach,Train,1,597.4,2
TRIP15501,USER4094,London,22-06-2024,31-08-2024,Cultural,Train,2,2766.79,7
TRIP15502,USER6785,Paris,24-06-2024,31-12-2024,Leisure,Flight,1,1315.47,9
TRIP15503,USER7723,London,04-05-2024,20-05-2024,Family,Flight,4,4708.06,10
TRIP15504,USER9162,Sydney,23-02-2025,09-03-2025,Leisure,Bus,4,3605.83,6
TRIP15505,USER1304,Paris,10-05-2024,31-01-2025,Family,Train,4,4545.85,6
TRIP15506,USER2888,Istanbul,19-12-2024,02-04-2025,Adventure,Cruise,1,4840.21,4
TRIP15507,USER3726,Tokyo,31-01-2025,06-02-2025,Adventure,Flight,2,4603.59,10
TRIP15508,USER2915,Istanbul,30-08-2024,07-01-2025,Business,Car,5,4518.77,10
TRIP15509,USER2044,London,15-04-2024,12-11-2024,Leisure,Bus,2,1966.41,7
TRIP15510,USER8506,Istanbul,01-05-2024,29-10-2024,Leisure,Cruise,1,3568.97,2
TRIP15511,USER1947,London,28-08-2024,16-10-2024,Cultural,Cruise,4,2892.03,3
TRIP15512,USER4492,Dubai,03-03-2025,25-03-2025,Business,Train,4,739.12,2
TRIP15513,USER7307,Tokyo,31-03-2024,20-08-2024,Adventure,Cruise,3,965.06,9
TRIP15514,USER1272,Paris,22-03-2024,03-07-2024,Cultural,Car,2,4840.18,6
TRIP15515,USER2792,London,28-03-2024,22-06-2024,Business,Car,2,3888.82,5
TRIP15516,USER4246,Istanbul,03-04-2024,06-09-2024,Leisure,Train,4,3092.39,3
TRIP15517,USER7376,London,02-08-2024,27-12-2024,Cultural,Cruise,5,1063.73,4
TRIP15518,USER8357,Sydney,03-04-2024,11-11-2024,Cultural,Cruise,3,3897.66,1
TRIP15519,USER2748,Tokyo,05-09-2024,14-12-2024,Leisure,Car,2,4049,5
TRIP15520,USER2600,Sydney,06-03-2025,19-03-2025,Adventure,Bus,4,2271.29,2
TRIP15521,USER1548,Bangkok,03-01-2025,13-03-2025,Leisure,Train,4,2818.78,4
TRIP15522,USER9428,Sydney,23-05-2024,14-12-2024,Cultural,Cruise,1,3775.11,9
TRIP15523,USER1805,Istanbul,25-02-2025,20-03-2025,Business,Train,4,4396.61,3
TRIP15524,USER7453,London,12-01-2025,23-01-2025,Beach,Train,5,4988.02,10
TRIP15525,USER4492,Dubai,23-02-2025,06-04-2025,Leisure,Bus,1,2472.99,4
TRIP15526,USER7198,Bangkok,24-12-2024,31-01-2025,Adventure,Car,1,3924.23,10
TRIP15527,USER8583,Istanbul,24-03-2024,07-12-2024,Leisure,Car,4,4170.6,1
TRIP15528,USER9959,Rome,10-03-2025,14-03-2025,Leisure,Flight,2,1320.59,1
TRIP15529,USER8468,Paris,13-10-2024,13-01-2025,Family,Train,5,4512.41,3
TRIP15530,USER5497,Istanbul,11-05-2024,14-01-2025,Business,Bus,2,2408.2,5
TRIP15531,USER6339,Dubai,13-06-2024,17-11-2024,Beach,Bus,1,4854.22,6
TRIP15532,USER3100,Istanbul,16-09-2024,02-11-2024,Business,Train,3,4345.84,6
TRIP15533,USER4335,Barcelona,31-07-2024,13-04-2025,Business,Train,1,4277.39,3
TRIP15534,USER2896,London,29-07-2024,21-11-2024,Family,Car,2,4693.21,6
TRIP15535,USER3470,Paris,07-10-2024,12-04-2025,Adventure,Bus,2,3380.35,3
TRIP15536,USER8773,Tokyo,06-06-2024,20-08-2024,Beach,Flight,2,2707.03,6
TRIP15537,USER4758,Istanbul,24-09-2024,14-03-2025,Family,Cruise,5,4262.62,6
TRIP15539,USER8188,Dubai,06-05-2024,21-12-2024,Cultural,Flight,3,1092.09,8
TRIP15540,USER2890,London,16-08-2024,04-12-2024,Leisure,Car,4,4513.73,3
TRIP15541,USER5729,Rome,25-09-2024,04-11-2024,Beach,Flight,1,3858.06,7
TRIP15542,USER7325,London,03-02-2025,12-04-2025,Business,Cruise,4,3813.37,8
TRIP15543,USER4107,London,21-04-2024,13-04-2025,Family,Bus,2,3036.49,4
TRIP15544,USER4373,Tokyo,19-12-2024,29-12-2024,Adventure,Bus,5,1515.98,7
TRIP15545,USER4956,Dubai,05-10-2024,02-01-2025,Family,Train,2,1670.66,2
TRIP15546,USER4646,Barcelona,08-04-2024,14-11-2024,Beach,Car,5,1140.19,3
TRIP15547,USER1847,Sydney,09-03-2025,26-03-2025,Leisure,Train,5,4104.11,3
TRIP15548,USER7138,Istanbul,22-02-2025,27-03-2025,Family,Bus,4,3505.47,5
TRIP15549,USER2201,Dubai,13-08-2024,08-03-2025,Leisure,Flight,1,910.28,10
TRIP15550,USER4124,Sydney,29-05-2024,07-12-2024,Beach,Train,5,2127.96,4
TRIP15551,USER7054,Dubai,13-01-2025,04-02-2025,Family,Train,3,4117.6,3
TRIP15552,USER3101,Sydney,20-12-2024,19-03-2025,Cultural,Flight,5,3325.71,3
TRIP15553,USER1002,Dubai,23-01-2025,03-03-2025,Business,Car,4,1194.86,4
TRIP15554,USER5238,Paris,27-07-2024,08-03-2025,Adventure,Bus,3,3979.82,3
TRIP15555,USER6155,London,27-04-2024,17-10-2024,Cultural,Flight,3,3640.94,7
TRIP15556,USER4769,Dubai,13-02-2025,22-02-2025,Leisure,Cruise,2,702.95,8
TRIP15557,USER3005,Tokyo,08-03-2025,17-03-2025,Family,Cruise,3,1118.59,10
TRIP15558,USER3627,Sydney,07-12-2024,03-02-2025,Beach,Flight,4,1853.86,4
TRIP15559,USER4276,Barcelona,17-12-2024,28-02-2025,Leisure,Car,2,2006.41,4
TRIP15560,USER1284,Istanbul,07-10-2024,05-03-2025,Business,Cruise,1,4330.94,7
TRIP15561,USER9541,Istanbul,08-08-2024,09-03-2025,Business,Bus,1,2957.79,1
TRIP15562,USER8516,Istanbul,06-04-2024,06-02-2025,Family,Flight,3,911.25,9
TRIP15563,USER1147,Sydney,22-10-2024,24-11-2024,Cultural,Train,3,3358.87,7
TRIP15564,USER7418,Dubai,29-12-2024,07-04-2025,Beach,Car,4,4117.28,6
TRIP15565,USER7389,Sydney,18-01-2025,17-03-2025,Adventure,Car,4,3904.91,4
TRIP15566,USER1952,Bangkok,29-11-2024,20-12-2024,Business,Flight,5,859.93,1
TRIP15567,USER9041,Sydney,29-09-2024,10-04-2025,Beach,Car,3,2262.73,10
TRIP15568,USER8585,Paris,15-07-2024,25-11-2024,Leisure,Bus,3,2106.71,6
TRIP15569,USER4608,Sydney,16-08-2024,19-10-2024,Leisure,Cruise,5,4301.63,1
TRIP15570,USER1846,Tokyo,17-03-2024,18-07-2024,Family,Train,2,3372.85,1
TRIP15571,USER7618,Istanbul,05-06-2024,14-03-2025,Adventure,Car,5,4746.01,2
TRIP15572,USER4752,London,27-08-2024,27-09-2024,Business,Flight,1,2050.7,2
TRIP15573,USER6088,Tokyo,14-03-2025,15-03-2025,Business,Car,4,586.98,1
TRIP15574,USER5782,Tokyo,15-06-2024,27-06-2024,Adventure,Flight,5,2666.61,10
TRIP15575,USER7621,London,24-07-2024,09-09-2024,Business,Train,1,3528.93,10
TRIP15576,USER4747,Bangkok,13-08-2024,01-10-2024,Adventure,Flight,3,4700.21,1
TRIP15577,USER3608,Bangkok,28-06-2024,22-09-2024,Beach,Flight,2,1230.34,1
TRIP15578,USER9677,London,22-08-2024,16-09-2024,Family,Train,1,2097.38,6
TRIP15579,USER5804,Rome,25-11-2024,14-12-2024,Business,Bus,1,869.51,2
TRIP15580,USER4952,Rome,25-07-2024,10-08-2024,Family,Flight,1,4561.26,8
TRIP15581,USER9617,Barcelona,04-02-2025,27-03-2025,Leisure,Bus,1,3824.25,5
TRIP15582,USER4539,Rome,03-12-2024,05-02-2025,Cultural,Train,2,1001.18,2
TRIP15583,USER9596,Rome,07-02-2025,11-02-2025,Cultural,Bus,5,2976.73,5
TRIP15584,USER4077,London,20-04-2024,01-04-2025,Leisure,Car,1,632.55,10
TRIP15585,USER2566,Tokyo,28-01-2025,07-02-2025,Beach,Bus,2,4481.68,2
TRIP15586,USER1733,Barcelona,01-05-2024,05-04-2025,Cultural,Bus,2,1647.42,10
TRIP15587,USER9930,Tokyo,11-10-2024,02-11-2024,Leisure,Train,5,1646.1,10
TRIP15588,USER5531,Tokyo,22-05-2024,18-02-2025,Cultural,Train,2,1381.26,2
TRIP15589,USER8744,Sydney,17-09-2024,15-02-2025,Leisure,Train,4,823.63,5
TRIP15590,USER2612,Sydney,06-10-2024,28-10-2024,Leisure,Bus,4,2942.99,10
TRIP15591,USER8868,Bangkok,06-05-2024,08-06-2024,Beach,Car,1,4247.32,5
TRIP15592,USER5188,Dubai,12-11-2024,11-04-2025,Leisure,Bus,1,4375.11,4
TRIP15593,USER1269,Paris,24-03-2024,29-06-2024,Adventure,Car,2,2891.28,9
TRIP15594,USER3468,Barcelona,16-07-2024,05-09-2024,Family,Cruise,1,2662.91,6
TRIP15595,USER2535,Tokyo,17-11-2024,10-12-2024,Family,Train,5,2851.84,10
TRIP15596,USER2919,Bangkok,28-12-2024,21-02-2025,Family,Train,4,508.6,3
TRIP15597,USER7982,New York,03-06-2024,13-12-2024,Adventure,Train,1,568.96,9
TRIP15598,USER3440,London,29-06-2024,12-04-2025,Business,Flight,1,3929.26,8
TRIP15599,USER3608,Istanbul,29-06-2024,09-01-2025,Adventure,Flight,2,652.58,7
TRIP15600,USER3399,Bangkok,23-07-2024,08-02-2025,Business,Car,1,1227.64,8
TRIP15601,USER7008,Sydney,03-07-2024,28-09-2024,Business,Train,3,908.66,1
TRIP15602,USER7226,Rome,13-06-2024,20-08-2024,Cultural,Flight,5,1276.03,3
TRIP15603,USER6450,Istanbul,11-04-2024,27-11-2024,Family,Train,5,600.03,5
TRIP15604,USER1164,Istanbul,14-07-2024,08-04-2025,Beach,Bus,4,4776.31,5
TRIP15605,USER5708,Dubai,01-01-2025,22-02-2025,Leisure,Train,3,1585.46,10
TRIP15606,USER6113,Dubai,07-05-2024,09-09-2024,Adventure,Car,3,4578.74,7
TRIP15607,USER5221,Sydney,21-12-2024,05-02-2025,Business,Cruise,1,4521.79,8
TRIP15608,USER7019,Rome,04-12-2024,28-02-2025,Cultural,Train,5,3671.1,6
TRIP15609,USER3072,Tokyo,08-12-2024,04-03-2025,Cultural,Car,3,3814.28,2
TRIP15610,USER8326,London,24-10-2024,03-11-2024,Cultural,Cruise,1,612.59,3
TRIP15611,USER5547,Dubai,10-10-2024,20-02-2025,Family,Flight,4,2211.77,10
TRIP15612,USER9692,Rome,27-07-2024,22-11-2024,Beach,Car,4,4283.98,7
TRIP15613,USER6170,Bangkok,19-08-2024,13-02-2025,Adventure,Train,2,657.78,4
TRIP15614,USER3994,Bangkok,13-12-2024,12-01-2025,Family,Cruise,3,2135.4,10
TRIP15615,USER1482,Dubai,09-01-2025,18-03-2025,Family,Train,2,715.89,6
TRIP15616,USER1964,Paris,02-11-2024,15-03-2025,Beach,Cruise,2,2338.19,6
TRIP15617,USER5254,New York,05-02-2025,06-03-2025,Family,Train,3,3408.57,10
TRIP15618,USER1046,Rome,09-03-2025,22-03-2025,Leisure,Flight,1,4334.16,6
TRIP15619,USER9760,Bangkok,12-01-2025,17-02-2025,Business,Cruise,3,2858,4
TRIP15620,USER7068,Istanbul,08-04-2024,07-05-2024,Cultural,Flight,3,2579.64,5
TRIP15621,USER9776,Istanbul,05-04-2024,24-11-2024,Family,Bus,3,740.49,3
TRIP15622,USER1080,Sydney,03-10-2024,16-12-2024,Family,Train,5,4976.4,8
TRIP15623,USER2621,Barcelona,21-09-2024,31-12-2024,Adventure,Flight,2,4196.15,4
TRIP15624,USER7701,Paris,19-02-2025,21-03-2025,Family,Train,3,4407.85,6
TRIP15625,USER4828,London,14-04-2024,09-10-2024,Adventure,Car,4,3926.65,8
TRIP15626,USER6692,London,26-07-2024,19-09-2024,Family,Cruise,1,2447.2,6
TRIP15627,USER2422,Dubai,22-09-2024,08-02-2025,Adventure,Train,4,956.98,1
TRIP15628,USER5703,Sydney,10-12-2024,23-01-2025,Family,Cruise,5,3249.72,10
TRIP15629,USER1714,New York,26-01-2025,21-02-2025,Business,Car,4,1802.9,10
TRIP15630,USER3936,Sydney,16-09-2024,17-02-2025,Leisure,Train,3,3729.1,3
TRIP15631,USER2146,Rome,13-04-2024,28-03-2025,Adventure,Train,4,4881.5,9
TRIP15632,USER8874,Istanbul,07-03-2025,08-03-2025,Beach,Train,1,1423.69,4
TRIP15633,USER1869,Tokyo,17-11-2024,24-11-2024,Adventure,Train,4,2278.18,7
TRIP15634,USER4337,Istanbul,25-03-2024,09-10-2024,Beach,Car,1,4606.01,9
TRIP15635,USER4750,Dubai,26-12-2024,22-01-2025,Beach,Car,4,992.89,2
TRIP15636,USER8846,Tokyo,24-07-2024,30-10-2024,Business,Train,4,3536.17,7
TRIP15637,USER3703,London,15-08-2024,15-11-2024,Business,Car,3,3071.15,2
TRIP15638,USER4030,Rome,26-11-2024,03-01-2025,Business,Flight,5,4231.95,7
TRIP15639,USER6787,Dubai,27-10-2024,13-11-2024,Leisure,Train,5,4504.39,9
TRIP15640,USER5385,Sydney,28-12-2024,26-03-2025,Family,Bus,1,4476.44,6
TRIP15641,USER2386,Barcelona,08-01-2025,22-03-2025,Adventure,Car,4,1622.33,2
TRIP15642,USER8488,Istanbul,13-05-2024,16-06-2024,Business,Bus,5,933.9,1
TRIP15643,USER2854,London,14-02-2025,28-02-2025,Beach,Flight,5,1111.36,10
TRIP15644,USER8121,Tokyo,04-08-2024,19-01-2025,Leisure,Cruise,2,4048.63,9
TRIP15645,USER9425,New York,19-08-2024,23-08-2024,Cultural,Cruise,5,2560.75,4
TRIP15647,USER4480,London,31-10-2024,15-03-2025,Beach,Train,5,4254.53,10
TRIP15648,USER3868,London,04-01-2025,16-02-2025,Business,Car,2,504.02,9
TRIP15649,USER6525,Sydney,02-03-2025,13-04-2025,Adventure,Cruise,4,4616.96,7
TRIP15650,USER5959,Sydney,29-04-2024,11-07-2024,Cultural,Car,3,1513.46,2
TRIP15651,USER2496,New York,28-07-2024,18-08-2024,Business,Train,5,3743.61,10
TRIP15652,USER4045,Tokyo,17-02-2025,11-03-2025,Beach,Cruise,1,4562.06,4
TRIP15653,USER6086,London,12-02-2025,18-03-2025,Cultural,Bus,5,4131.68,10
TRIP15654,USER3533,New York,10-05-2024,17-02-2025,Leisure,Bus,1,2460.81,2
TRIP15655,USER4757,Sydney,07-11-2024,13-02-2025,Beach,Car,1,3430.36,4
TRIP15656,USER9454,New York,11-08-2024,19-02-2025,Leisure,Bus,3,3749.46,5
TRIP15657,USER6165,Bangkok,27-06-2024,21-07-2024,Family,Cruise,1,2148.58,1
TRIP15658,USER2740,Sydney,24-12-2024,02-01-2025,Family,Bus,2,1043.13,8
TRIP15659,USER7023,Rome,06-06-2024,10-09-2024,Business,Flight,4,3995.47,8
TRIP15660,USER6009,Paris,03-11-2024,15-02-2025,Business,Train,4,3258.63,3
TRIP15661,USER4434,Sydney,07-10-2024,24-10-2024,Beach,Train,5,2141.61,3
TRIP15662,USER8256,Tokyo,03-07-2024,05-03-2025,Business,Car,3,3834.24,8
TRIP15663,USER8790,Rome,01-03-2025,01-04-2025,Cultural,Flight,4,3049.24,9
TRIP15664,USER6395,Rome,08-01-2025,04-04-2025,Cultural,Cruise,5,2422.85,4
TRIP15665,USER5528,New York,01-11-2024,15-02-2025,Beach,Bus,1,3216.54,10
TRIP15666,USER2206,Rome,21-05-2024,20-12-2024,Cultural,Train,2,574.47,8
TRIP15667,USER1478,Rome,07-09-2024,28-11-2024,Adventure,Train,5,541.89,4
TRIP15668,USER1863,Barcelona,28-12-2024,09-03-2025,Leisure,Car,2,562.93,1
TRIP15669,USER2636,Tokyo,20-05-2024,04-08-2024,Business,Train,3,1422.79,6
TRIP15670,USER5048,Istanbul,25-01-2025,07-03-2025,Business,Car,4,818.13,3
TRIP15671,USER7572,Barcelona,22-06-2024,01-08-2024,Business,Train,1,1127.99,4
TRIP15672,USER1108,New York,26-07-2024,02-11-2024,Business,Cruise,2,4192.47,5
TRIP15673,USER1137,Tokyo,08-03-2025,31-03-2025,Cultural,Flight,5,2192.3,4
TRIP15674,USER6914,London,05-01-2025,11-04-2025,Cultural,Bus,3,1255.07,6
TRIP15675,USER3163,Bangkok,10-10-2024,08-11-2024,Business,Car,5,1255.74,4
TRIP15676,USER2777,Tokyo,31-12-2024,12-03-2025,Family,Cruise,1,4142.63,3
TRIP15677,USER2480,Rome,18-07-2024,24-11-2024,Beach,Car,3,4949.86,1
TRIP15678,USER5290,Sydney,29-01-2025,28-03-2025,Adventure,Cruise,2,4523.12,1
TRIP15679,USER2852,Rome,31-08-2024,24-11-2024,Business,Cruise,2,1185.4,9
TRIP15680,USER9357,Barcelona,01-12-2024,23-03-2025,Cultural,Flight,4,1005.48,6
TRIP15681,USER7535,Sydney,13-02-2025,02-04-2025,Family,Train,2,2737.21,3
TRIP15682,USER7111,Istanbul,04-06-2024,25-09-2024,Cultural,Car,2,1534.55,7
TRIP15683,USER8494,Paris,02-02-2025,26-03-2025,Adventure,Car,4,1362.71,9
TRIP15684,USER1667,Bangkok,04-07-2024,09-08-2024,Business,Flight,2,2906.74,6
TRIP15685,USER3535,Bangkok,18-11-2024,30-11-2024,Family,Cruise,5,1025.41,5
TRIP15686,USER6669,Sydney,16-04-2024,18-02-2025,Adventure,Bus,1,3590.67,3
TRIP15687,USER8602,London,14-08-2024,11-02-2025,Adventure,Car,5,521.14,1
TRIP15688,USER2154,Istanbul,15-06-2024,16-10-2024,Cultural,Bus,4,3406.29,7
TRIP15689,USER2957,London,31-07-2024,26-03-2025,Adventure,Cruise,4,3632.58,4
TRIP15690,USER9689,Bangkok,12-12-2024,17-03-2025,Leisure,Bus,5,3812.76,2
TRIP15691,USER9054,Istanbul,18-06-2024,07-09-2024,Leisure,Car,2,4196.05,2
TRIP15692,USER8891,Tokyo,14-06-2024,17-02-2025,Leisure,Cruise,5,3644.63,1
TRIP15693,USER7409,London,08-08-2024,19-02-2025,Leisure,Car,1,4384.36,3
TRIP15694,USER8395,London,09-01-2025,28-01-2025,Beach,Cruise,3,1964.97,1
TRIP15695,USER4896,Istanbul,18-05-2024,14-01-2025,Business,Train,5,4959.57,8
TRIP15696,USER7620,Dubai,03-09-2024,07-11-2024,Cultural,Bus,2,3598.66,9
TRIP15697,USER6805,Rome,19-03-2024,10-03-2025,Family,Train,5,1142.65,4
TRIP15698,USER5666,Istanbul,14-12-2024,21-02-2025,Business,Bus,3,2033.64,4
TRIP15700,USER8406,Istanbul,17-07-2024,29-10-2024,Cultural,Bus,4,707.81,1
TRIP15701,USER5557,Barcelona,04-09-2024,01-11-2024,Cultural,Bus,1,3835.03,3
TRIP15702,USER3561,Sydney,19-05-2024,05-02-2025,Leisure,Train,4,4393.02,10
TRIP15703,USER1140,Rome,19-05-2024,26-07-2024,Adventure,Flight,4,4483.77,1
TRIP15704,USER4014,Barcelona,22-08-2024,06-03-2025,Family,Train,2,2931.97,4
TRIP15705,USER4302,Dubai,24-08-2024,12-12-2024,Cultural,Bus,5,2373.17,9
TRIP15706,USER6565,New York,30-03-2024,23-08-2024,Adventure,Flight,2,3242.4,5
TRIP15707,USER9939,Paris,28-06-2024,17-11-2024,Business,Cruise,5,655.44,10
TRIP15708,USER1938,Dubai,17-02-2025,26-03-2025,Leisure,Bus,4,4916.3,5
TRIP15709,USER6632,Bangkok,24-08-2024,29-11-2024,Adventure,Bus,3,2043.54,2
TRIP15710,USER1828,Dubai,13-08-2024,28-01-2025,Beach,Train,1,3570.88,1
TRIP15711,USER8652,Paris,18-01-2025,01-02-2025,Cultural,Bus,5,3609.24,5
TRIP15712,USER7978,Paris,11-07-2024,12-01-2025,Family,Bus,1,1639.85,3
TRIP15713,USER1610,Sydney,15-11-2024,18-11-2024,Leisure,Bus,5,4671.91,6
TRIP15714,USER3652,London,13-06-2024,05-10-2024,Business,Flight,4,4458.2,6
TRIP15715,USER2029,Istanbul,12-12-2024,13-12-2024,Business,Flight,5,3148.4,7
TRIP15716,USER7213,Barcelona,15-10-2024,04-01-2025,Adventure,Cruise,4,1987.76,5
TRIP15717,USER6101,Sydney,17-02-2025,23-02-2025,Adventure,Car,4,3364.48,7
TRIP15718,USER6001,Rome,20-06-2024,21-08-2024,Leisure,Flight,2,3250.54,9
TRIP15719,USER2769,Barcelona,24-08-2024,15-04-2025,Beach,Flight,1,2862.54,2
TRIP15720,USER4149,Sydney,05-01-2025,15-02-2025,Leisure,Cruise,3,1955.27,6
TRIP15721,USER2118,Bangkok,20-09-2024,20-11-2024,Leisure,Cruise,5,776.02,5
TRIP15722,USER6905,Dubai,13-04-2024,04-03-2025,Adventure,Bus,2,2531.84,1
TRIP15723,USER2796,New York,06-11-2024,01-03-2025,Beach,Cruise,4,4816.56,6
TRIP15724,USER5926,Sydney,13-12-2024,02-04-2025,Business,Train,5,837.81,6
TRIP15725,USER5033,Rome,27-02-2025,08-04-2025,Family,Bus,2,1063.21,6
TRIP15726,USER2332,Rome,28-06-2024,17-08-2024,Leisure,Cruise,1,2343.75,5
TRIP15727,USER7842,New York,25-06-2024,21-08-2024,Cultural,Train,5,3676.55,6
TRIP15728,USER3624,Rome,03-04-2024,19-05-2024,Family,Flight,1,1828.19,4
TRIP15729,USER2312,New York,29-07-2024,10-02-2025,Family,Bus,1,2897.3,8
TRIP15730,USER7923,Bangkok,11-09-2024,28-02-2025,Beach,Train,1,3610.71,5
TRIP15731,USER9380,Rome,24-03-2024,10-09-2024,Leisure,Cruise,1,3643.33,3
TRIP15732,USER7027,Dubai,25-03-2024,16-02-2025,Adventure,Car,3,4655.27,3
TRIP15733,USER4323,Paris,18-10-2024,31-01-2025,Adventure,Train,5,3417.88,9
TRIP15734,USER3709,Bangkok,21-06-2024,07-09-2024,Cultural,Bus,3,1996.44,7
TRIP15735,USER4848,Barcelona,05-08-2024,09-08-2024,Cultural,Car,4,2685.66,6
TRIP15736,USER3647,Sydney,06-01-2025,11-02-2025,Adventure,Car,5,1850.84,8
TRIP15737,USER1744,Dubai,06-01-2025,04-04-2025,Beach,Car,4,1318.07,5
TRIP15738,USER9358,Barcelona,20-12-2024,25-01-2025,Adventure,Train,1,1845.54,7
TRIP15739,USER4676,London,13-06-2024,08-01-2025,Cultural,Bus,1,4773.69,9
TRIP15740,USER9192,Bangkok,12-07-2024,04-04-2025,Family,Train,3,1345.72,3
TRIP15741,USER8337,Istanbul,23-07-2024,01-12-2024,Beach,Flight,4,1772.91,5
TRIP15742,USER7472,Rome,20-08-2024,20-09-2024,Adventure,Cruise,4,3121.1,3
TRIP15743,USER6458,Tokyo,08-04-2024,23-11-2024,Cultural,Cruise,5,649.49,5
TRIP15744,USER1353,Paris,30-06-2024,16-09-2024,Cultural,Bus,2,4935.69,7
TRIP15745,USER8268,London,14-11-2024,10-12-2024,Family,Cruise,4,3043.13,6
TRIP15746,USER7502,Tokyo,11-06-2024,14-07-2024,Family,Bus,2,4804.03,4
TRIP15747,USER2888,Barcelona,29-04-2024,04-11-2024,Family,Bus,3,2652.87,5
TRIP15748,USER1605,London,27-07-2024,23-10-2024,Beach,Car,5,1821.11,6
TRIP15749,USER3994,Dubai,28-05-2024,10-09-2024,Family,Cruise,2,2785.48,9
TRIP15750,USER9276,Rome,04-04-2024,01-03-2025,Beach,Train,3,3975.23,8
TRIP15751,USER3769,London,02-03-2025,15-04-2025,Leisure,Train,1,4034.41,1
TRIP15752,USER2996,Sydney,13-05-2024,06-09-2024,Adventure,Cruise,4,986.69,1
TRIP15753,USER7811,Dubai,11-12-2024,11-02-2025,Beach,Bus,5,4595.74,6
TRIP15754,USER7740,Tokyo,22-08-2024,07-12-2024,Family,Flight,5,4383.14,4
TRIP15755,USER7826,Istanbul,02-02-2025,03-02-2025,Beach,Car,5,1070.63,7
TRIP15756,USER5957,Sydney,12-05-2024,25-03-2025,Leisure,Cruise,1,893.02,10
TRIP15757,USER7745,Paris,11-04-2024,25-10-2024,Adventure,Flight,1,3050.21,6
TRIP15758,USER4178,Rome,04-11-2024,07-02-2025,Business,Car,4,1318.65,7
TRIP15759,USER2612,London,24-08-2024,29-01-2025,Business,Car,2,601.07,4
TRIP15760,USER9701,Barcelona,19-01-2025,28-01-2025,Family,Car,1,2276.35,1
TRIP15761,USER9819,Dubai,26-06-2024,02-04-2025,Beach,Train,4,1976.64,9
TRIP15762,USER7810,Sydney,15-05-2024,14-04-2025,Business,Train,3,3423.17,5
TRIP15763,USER4335,Rome,24-01-2025,06-02-2025,Business,Cruise,2,4156.98,3
TRIP15764,USER5402,Paris,02-04-2024,29-12-2024,Adventure,Car,4,3576.02,8
TRIP15765,USER2610,London,13-06-2024,10-09-2024,Beach,Cruise,5,3625.44,8
TRIP15766,USER9511,Rome,28-10-2024,23-01-2025,Leisure,Train,5,4052.4,10
TRIP15767,USER4390,Dubai,23-02-2025,28-02-2025,Family,Cruise,1,3136.57,8
TRIP15768,USER5239,Rome,15-03-2025,09-04-2025,Beach,Car,4,1628.11,10
TRIP15769,USER8460,Sydney,09-06-2024,27-02-2025,Business,Car,2,861.88,10
TRIP15770,USER8326,New York,12-07-2024,28-11-2024,Cultural,Bus,3,2120.84,10
TRIP15771,USER2626,Dubai,09-04-2024,16-02-2025,Business,Flight,3,574.41,6
TRIP15772,USER7622,Istanbul,29-12-2024,10-03-2025,Cultural,Car,2,4307.78,2
TRIP15773,USER3843,Sydney,26-09-2024,02-01-2025,Cultural,Bus,1,1035.68,1
TRIP15774,USER8105,Dubai,26-01-2025,21-02-2025,Beach,Bus,5,4703.09,9
TRIP15775,USER8976,Dubai,26-02-2025,27-02-2025,Adventure,Train,2,1554.58,5
TRIP15776,USER6222,Barcelona,08-06-2024,09-12-2024,Leisure,Train,5,2739.34,7
TRIP15777,USER7691,Sydney,13-03-2025,23-03-2025,Beach,Train,5,1530.68,6
TRIP15778,USER5348,London,16-05-2024,31-08-2024,Adventure,Cruise,1,1934.38,9
TRIP15779,USER5331,Bangkok,12-03-2025,26-03-2025,Cultural,Flight,3,1214.29,6
TRIP15780,USER1454,Bangkok,04-01-2025,14-01-2025,Family,Train,2,4373.37,6
TRIP15781,USER1269,Dubai,07-10-2024,13-01-2025,Leisure,Bus,1,2265.92,9
TRIP15782,USER4880,Rome,19-06-2024,14-08-2024,Business,Cruise,1,1282.71,10
TRIP15784,USER2777,Sydney,28-12-2024,26-03-2025,Beach,Train,2,687.23,9
TRIP15785,USER1647,Bangkok,06-09-2024,18-11-2024,Cultural,Bus,1,2564.65,7
TRIP15786,USER3719,Tokyo,22-08-2024,09-02-2025,Leisure,Bus,2,3818.16,7
TRIP15787,USER3526,London,22-05-2024,09-01-2025,Family,Cruise,1,1712.45,1
TRIP15788,USER1277,Rome,08-06-2024,07-11-2024,Adventure,Flight,1,2575.01,9
TRIP15789,USER1152,Paris,28-02-2025,25-03-2025,Adventure,Flight,3,2204.55,6
TRIP15790,USER4086,Bangkok,22-12-2024,27-12-2024,Business,Cruise,2,995.2,4
TRIP15791,USER1168,London,27-03-2024,03-04-2024,Leisure,Flight,1,984.59,10
TRIP15792,USER5694,Istanbul,05-12-2024,12-02-2025,Adventure,Car,5,4038.44,6
TRIP15793,USER4202,Dubai,08-10-2024,11-10-2024,Cultural,Flight,5,3452.89,1
TRIP15794,USER2065,London,04-12-2024,12-04-2025,Business,Cruise,4,3288.3,8
TRIP15795,USER5775,London,06-01-2025,12-04-2025,Beach,Flight,5,2781.32,8
TRIP15796,USER6032,Tokyo,15-02-2025,20-02-2025,Business,Train,1,680.62,6
TRIP15797,USER2672,Istanbul,17-03-2024,31-01-2025,Cultural,Flight,4,3941.03,4
TRIP15798,USER9095,Paris,28-02-2025,14-04-2025,Adventure,Car,5,1010.89,3
TRIP15799,USER9454,Istanbul,13-01-2025,23-02-2025,Cultural,Flight,4,2346.58,5
TRIP15800,USER8133,London,31-07-2024,23-12-2024,Beach,Train,5,2370.57,10
TRIP15801,USER8301,New York,23-08-2024,14-11-2024,Beach,Car,4,1673.01,7
TRIP15802,USER4044,London,11-12-2024,08-03-2025,Adventure,Car,1,1901.09,1
TRIP15803,USER6840,London,06-05-2024,13-12-2024,Beach,Bus,4,2261.57,3
TRIP15804,USER7360,Bangkok,15-01-2025,13-02-2025,Beach,Car,2,1093.19,7
TRIP15805,USER1403,Istanbul,11-12-2024,03-04-2025,Family,Car,1,3276,4
TRIP15806,USER6668,London,15-10-2024,03-02-2025,Adventure,Train,4,3899.77,8
TRIP15807,USER7472,Istanbul,14-11-2024,11-04-2025,Beach,Car,1,4768.34,10
TRIP15808,USER5519,London,02-04-2024,09-05-2024,Business,Bus,3,1066.75,1
TRIP15809,USER9290,Dubai,20-08-2024,29-08-2024,Leisure,Train,5,4419.4,6
TRIP15810,USER8302,New York,16-03-2024,07-06-2024,Leisure,Car,3,2104.16,1
TRIP15811,USER6631,Sydney,08-03-2025,21-03-2025,Family,Train,4,3233.75,2
TRIP15812,USER2273,Istanbul,16-08-2024,28-09-2024,Beach,Bus,3,3371.33,8
TRIP15813,USER6185,Sydney,16-06-2024,20-01-2025,Beach,Train,5,1277.52,10
TRIP15814,USER9770,Tokyo,20-01-2025,10-02-2025,Family,Train,2,1046.22,4
TRIP15815,USER7133,Istanbul,28-07-2024,30-09-2024,Business,Bus,1,3290.93,8
TRIP15816,USER2015,Rome,20-10-2024,27-02-2025,Adventure,Flight,5,1630.7,8
TRIP15817,USER5060,Istanbul,03-04-2024,06-06-2024,Leisure,Train,2,1056.59,10
TRIP15818,USER5091,Bangkok,29-08-2024,05-10-2024,Cultural,Flight,4,3316.95,4
TRIP15819,USER6963,Paris,14-12-2024,13-02-2025,Family,Cruise,1,3099.36,4
TRIP15820,USER4885,Rome,16-10-2024,15-11-2024,Leisure,Cruise,5,3046.4,6
TRIP15821,USER2353,London,23-01-2025,23-01-2025,Business,Cruise,3,4109.42,5
TRIP15822,USER8580,Dubai,02-02-2025,24-02-2025,Family,Train,1,1422.38,6
TRIP15823,USER9272,Istanbul,21-12-2024,09-02-2025,Beach,Bus,4,1543.59,10
TRIP15824,USER4695,Sydney,22-11-2024,29-12-2024,Cultural,Cruise,1,1691.76,6
TRIP15825,USER6637,Istanbul,10-03-2025,13-03-2025,Family,Flight,3,1810.59,4
TRIP15826,USER3505,Bangkok,13-03-2025,15-04-2025,Cultural,Train,5,4265.41,6
TRIP15827,USER2678,Bangkok,19-10-2024,13-01-2025,Adventure,Flight,4,2437.69,9
TRIP15828,USER1109,New York,12-07-2024,01-12-2024,Business,Bus,2,1549.12,6
TRIP15829,USER7667,Istanbul,04-02-2025,02-04-2025,Cultural,Bus,4,1892.62,6
TRIP15830,USER6421,Istanbul,28-09-2024,07-10-2024,Adventure,Cruise,5,623.64,9
TRIP15831,USER2502,Sydney,10-08-2024,22-11-2024,Cultural,Bus,5,2931.53,5
TRIP15832,USER4426,Tokyo,12-01-2025,11-03-2025,Adventure,Cruise,3,1572.64,6
TRIP15833,USER5950,Sydney,03-12-2024,08-02-2025,Leisure,Bus,4,2892.27,9
TRIP15834,USER9349,Rome,21-01-2025,31-01-2025,Cultural,Car,4,4204.61,4
TRIP15835,USER9223,Paris,22-03-2024,03-10-2024,Cultural,Train,3,4968.98,3
TRIP15836,USER2374,London,02-02-2025,16-03-2025,Cultural,Flight,5,2961.2,3
TRIP15837,USER1794,Sydney,29-04-2024,03-01-2025,Cultural,Train,3,1379.23,3
TRIP15838,USER8920,Barcelona,09-01-2025,02-04-2025,Cultural,Bus,5,2384.88,2
TRIP15839,USER4899,Dubai,19-03-2024,30-11-2024,Business,Train,4,2219.24,6
TRIP15840,USER7889,Paris,24-06-2024,18-12-2024,Adventure,Car,4,4590.47,6
TRIP15841,USER3979,Tokyo,30-08-2024,06-04-2025,Business,Bus,4,3219.74,4
TRIP15842,USER5974,Barcelona,29-05-2024,02-06-2024,Family,Cruise,5,4563.83,8
TRIP15843,USER2058,Rome,21-02-2025,24-03-2025,Leisure,Cruise,4,1578.87,4
TRIP15844,USER7973,Bangkok,26-05-2024,02-02-2025,Family,Flight,4,1281.99,10
TRIP15845,USER5620,Sydney,28-11-2024,15-04-2025,Cultural,Flight,5,1501.93,1
TRIP15846,USER7210,Barcelona,04-04-2024,02-02-2025,Beach,Flight,4,3831.78,10
TRIP15847,USER2802,Sydney,15-12-2024,14-01-2025,Cultural,Cruise,1,3370.96,8
TRIP15848,USER8695,Istanbul,08-06-2024,29-12-2024,Leisure,Train,1,1109.84,9
TRIP15849,USER2756,Dubai,17-03-2024,07-01-2025,Cultural,Train,1,974.83,10
TRIP15850,USER3400,Barcelona,21-12-2024,26-03-2025,Adventure,Train,1,4372.68,5
TRIP15851,USER9803,Rome,28-12-2024,29-12-2024,Leisure,Car,5,4773.36,5
TRIP15852,USER2939,Rome,26-02-2025,14-04-2025,Beach,Car,3,3609.18,8
TRIP15853,USER4726,Barcelona,18-08-2024,19-11-2024,Leisure,Car,3,883.68,2
TRIP15854,USER9419,Paris,14-04-2024,16-04-2024,Cultural,Bus,3,2303.82,6
TRIP15855,USER7849,London,08-01-2025,15-01-2025,Family,Flight,1,1650.95,3
TRIP15856,USER9681,New York,23-12-2024,11-01-2025,Beach,Car,3,528.3,3
TRIP15857,USER7099,New York,23-06-2024,14-12-2024,Family,Flight,3,1116.72,8
TRIP15858,USER2419,Rome,02-07-2024,30-08-2024,Beach,Flight,1,1223.79,6
TRIP15859,USER4225,Paris,12-05-2024,05-09-2024,Business,Flight,5,4131.55,4
TRIP15860,USER6114,London,14-06-2024,10-12-2024,Business,Flight,4,3966.62,6
TRIP15861,USER9271,Dubai,24-05-2024,19-11-2024,Cultural,Car,3,2795.86,10
TRIP15862,USER8862,Rome,11-08-2024,11-02-2025,Cultural,Car,4,3904.02,2
TRIP15863,USER6316,Rome,02-11-2024,03-11-2024,Leisure,Car,2,3185.86,3
TRIP15864,USER4571,Bangkok,21-10-2024,05-12-2024,Leisure,Cruise,5,2787.15,6
TRIP15865,USER6235,Tokyo,21-10-2024,02-01-2025,Adventure,Flight,5,2585.23,4
TRIP15866,USER3588,Tokyo,23-08-2024,27-08-2024,Beach,Train,2,4647.01,3
TRIP15867,USER3052,Paris,12-02-2025,10-03-2025,Cultural,Bus,2,2097.81,2
TRIP15868,USER3756,London,12-03-2025,11-04-2025,Business,Flight,4,3034.4,4
TRIP15869,USER8538,Paris,20-12-2024,22-12-2024,Business,Cruise,4,4521.63,7
TRIP15870,USER3403,London,28-08-2024,24-01-2025,Business,Flight,3,4291.82,2
TRIP15871,USER8340,Sydney,22-02-2025,22-02-2025,Cultural,Flight,3,1802.85,1
TRIP15872,USER2642,Bangkok,29-11-2024,30-03-2025,Leisure,Train,1,4298.84,4
TRIP15873,USER3645,London,26-07-2024,14-03-2025,Beach,Flight,3,3576.26,10
TRIP15874,USER9884,Dubai,21-11-2024,14-03-2025,Cultural,Cruise,2,4003.93,1
TRIP15875,USER7097,Istanbul,02-10-2024,07-02-2025,Adventure,Train,3,2692.5,3
TRIP15876,USER1249,Paris,02-04-2024,14-08-2024,Adventure,Cruise,2,1543.25,7
TRIP15877,USER8713,Tokyo,17-05-2024,18-07-2024,Leisure,Train,1,3749.77,9
TRIP15878,USER6369,Paris,29-09-2024,04-11-2024,Business,Cruise,1,602.18,9
TRIP15879,USER7845,Barcelona,12-11-2024,02-01-2025,Adventure,Cruise,3,4709.14,7
TRIP15880,USER6767,London,28-12-2024,11-02-2025,Family,Bus,5,4417.02,6
TRIP15881,USER9051,Istanbul,02-05-2024,04-10-2024,Adventure,Cruise,4,3215.06,10
TRIP15882,USER2791,Dubai,19-09-2024,06-04-2025,Beach,Train,5,3248.02,5
TRIP15883,USER8766,Bangkok,17-06-2024,28-02-2025,Adventure,Cruise,3,1992.33,4
TRIP15884,USER7052,New York,22-04-2024,22-01-2025,Adventure,Car,5,3202.89,10
TRIP15885,USER2610,Dubai,10-01-2025,22-02-2025,Beach,Car,3,779.42,1
TRIP15886,USER3740,Bangkok,23-10-2024,24-12-2024,Adventure,Bus,3,4136.49,5
TRIP15887,USER3589,New York,28-12-2024,18-03-2025,Beach,Cruise,1,973,7
TRIP15888,USER8175,New York,05-02-2025,03-03-2025,Adventure,Train,2,3849.67,8
TRIP15889,USER5729,Istanbul,20-02-2025,04-04-2025,Adventure,Car,2,1011.95,3
TRIP15890,USER2050,Dubai,25-03-2024,09-08-2024,Beach,Flight,3,4354.93,1
TRIP15891,USER8895,Paris,17-06-2024,27-08-2024,Cultural,Car,1,2337.22,6
TRIP15892,USER5109,Dubai,27-05-2024,06-09-2024,Family,Bus,5,968.83,9
TRIP15893,USER5048,Istanbul,16-04-2024,08-03-2025,Leisure,Cruise,2,3120.5,5
TRIP15894,USER8255,Paris,23-03-2024,14-06-2024,Beach,Car,3,2758.45,7
TRIP15895,USER2580,Dubai,01-03-2025,27-03-2025,Adventure,Flight,1,3968.01,7
TRIP15896,USER1475,Paris,10-03-2025,18-03-2025,Family,Bus,2,2620.49,9
TRIP15897,USER8851,New York,19-12-2024,25-02-2025,Cultural,Bus,2,1196.75,1
TRIP15898,USER7622,Tokyo,10-01-2025,25-01-2025,Cultural,Cruise,1,2667.14,8
TRIP15899,USER6643,Sydney,07-05-2024,13-03-2025,Business,Train,4,4947.41,3
TRIP15900,USER2210,Sydney,06-05-2024,18-06-2024,Family,Train,5,1065.2,3
TRIP15901,USER1186,Dubai,29-05-2024,23-12-2024,Cultural,Train,1,2092.99,6
TRIP15902,USER1955,London,30-10-2024,28-03-2025,Business,Car,3,3250.16,5
TRIP15903,USER2028,New York,08-09-2024,31-10-2024,Beach,Cruise,5,3886.8,7
TRIP15904,USER8423,Istanbul,14-10-2024,27-11-2024,Beach,Train,1,2118.14,3
TRIP15905,USER6419,Barcelona,09-11-2024,02-01-2025,Family,Train,5,2198.83,9
TRIP15906,USER3540,Paris,28-05-2024,08-07-2024,Cultural,Train,1,972.52,9
TRIP15907,USER7913,London,13-02-2025,21-03-2025,Cultural,Flight,3,3739.33,8
TRIP15908,USER8204,New York,03-10-2024,24-03-2025,Leisure,Train,2,1279.77,2
TRIP15909,USER4974,Dubai,03-05-2024,30-05-2024,Cultural,Car,5,4463.86,1
TRIP15910,USER9243,Rome,31-10-2024,08-12-2024,Beach,Bus,4,3582.37,4
TRIP15911,USER2458,Sydney,16-11-2024,07-03-2025,Adventure,Flight,5,2264.99,9
TRIP15912,USER7289,London,05-05-2024,14-02-2025,Family,Car,3,2993.51,8
TRIP15913,USER6948,Dubai,16-02-2025,26-02-2025,Cultural,Train,2,2592.41,1
TRIP15914,USER8813,Rome,18-10-2024,18-10-2024,Adventure,Bus,3,1437.43,10
TRIP15915,USER9162,London,30-03-2024,03-11-2024,Leisure,Bus,3,1095.46,7
TRIP15916,USER7156,Barcelona,02-09-2024,09-03-2025,Family,Train,3,774.48,10
TRIP15917,USER1946,Tokyo,23-10-2024,07-12-2024,Business,Train,3,4768.98,7
TRIP15918,USER5350,New York,05-03-2025,10-04-2025,Leisure,Cruise,4,1081.5,3
TRIP15919,USER2362,Sydney,13-05-2024,18-06-2024,Cultural,Car,2,4179.65,1
TRIP15920,USER2664,Sydney,24-03-2024,19-04-2024,Business,Train,2,534.03,6
TRIP15921,USER7186,Sydney,17-07-2024,31-03-2025,Adventure,Cruise,5,800.11,2
TRIP15922,USER7384,Sydney,07-01-2025,19-01-2025,Beach,Car,3,3268.43,9
TRIP15923,USER3838,Paris,16-09-2024,30-12-2024,Leisure,Flight,4,1826.92,9
TRIP15924,USER8788,Barcelona,24-01-2025,18-03-2025,Cultural,Cruise,1,4580.59,9
TRIP15925,USER5340,Dubai,18-02-2025,17-03-2025,Beach,Bus,4,668.91,4
TRIP15926,USER8246,Tokyo,06-11-2024,28-11-2024,Leisure,Train,4,3274.17,9
TRIP15927,USER8659,Tokyo,18-12-2024,12-04-2025,Cultural,Cruise,4,2934.64,6
TRIP15928,USER5390,Dubai,29-08-2024,12-01-2025,Business,Cruise,1,4249.12,2
TRIP15929,USER4979,Tokyo,06-06-2024,21-10-2024,Business,Train,1,4359.68,5
TRIP15930,USER7243,Istanbul,19-11-2024,03-12-2024,Beach,Car,1,2999.23,1
TRIP15931,USER6457,Barcelona,23-04-2024,22-11-2024,Business,Cruise,2,1315.67,9
TRIP15932,USER3946,Istanbul,14-09-2024,11-03-2025,Family,Car,1,4672.41,9
TRIP15933,USER5274,Sydney,01-09-2024,20-09-2024,Leisure,Flight,1,1758.2,6
TRIP15934,USER5167,New York,09-06-2024,03-08-2024,Family,Flight,4,3308.43,4
TRIP15935,USER3585,New York,12-07-2024,19-03-2025,Business,Cruise,4,826.25,4
TRIP15936,USER2876,Rome,21-05-2024,27-07-2024,Adventure,Flight,2,2979.84,1
TRIP15937,USER3204,Dubai,17-12-2024,07-01-2025,Leisure,Train,2,1216.41,10
TRIP15938,USER4869,Dubai,23-01-2025,22-02-2025,Adventure,Cruise,1,4651.14,9
TRIP15939,USER3663,Barcelona,04-08-2024,08-04-2025,Business,Bus,1,3696.56,3
TRIP15940,USER7604,Barcelona,22-10-2024,14-11-2024,Cultural,Car,3,2350.11,10
TRIP15941,USER5507,Bangkok,12-09-2024,10-10-2024,Leisure,Car,2,1839.8,10
TRIP15942,USER6325,Istanbul,15-01-2025,10-03-2025,Adventure,Train,4,1282.65,9
TRIP15943,USER4800,London,09-05-2024,09-04-2025,Adventure,Cruise,1,2167.2,4
TRIP15944,USER4270,New York,23-07-2024,03-02-2025,Cultural,Car,4,3794.41,5
TRIP15945,USER3341,London,22-05-2024,20-12-2024,Cultural,Flight,4,2834.88,3
TRIP15946,USER9547,Sydney,02-05-2024,13-06-2024,Cultural,Cruise,1,3391.6,1
TRIP15947,USER3724,New York,23-10-2024,27-11-2024,Cultural,Train,2,1757.29,7
TRIP15948,USER1995,Tokyo,01-05-2024,02-10-2024,Adventure,Car,4,874.11,8
TRIP15949,USER3617,Paris,19-11-2024,24-11-2024,Business,Cruise,3,1418.63,4
TRIP15950,USER4130,Barcelona,01-10-2024,24-01-2025,Adventure,Car,1,1077.63,6
TRIP15951,USER7865,Bangkok,25-01-2025,26-01-2025,Cultural,Train,2,1115.02,6
TRIP15952,USER1797,Sydney,08-12-2024,25-02-2025,Family,Bus,2,2082.1,9
TRIP15953,USER2454,Tokyo,27-07-2024,25-01-2025,Leisure,Flight,5,2055.45,9
TRIP15954,USER7729,New York,12-06-2024,24-09-2024,Leisure,Flight,1,2242.38,9
TRIP15955,USER4241,Dubai,20-08-2024,18-11-2024,Cultural,Train,4,4343.5,8
TRIP15956,USER9877,Dubai,28-12-2024,23-02-2025,Leisure,Flight,4,4573.5,9
TRIP15957,USER6983,Barcelona,15-06-2024,06-12-2024,Leisure,Cruise,1,4674.28,5
TRIP15958,USER3039,Bangkok,23-06-2024,07-07-2024,Business,Car,4,1139.04,2
TRIP15959,USER7999,Sydney,30-05-2024,13-02-2025,Business,Car,1,3681.57,6
TRIP15960,USER3965,Paris,02-07-2024,20-02-2025,Family,Train,1,3945.56,10
TRIP15961,USER4521,Barcelona,27-04-2024,07-07-2024,Cultural,Train,4,1109.55,7
TRIP15962,USER1676,New York,03-01-2025,10-04-2025,Business,Train,4,4960.45,3
TRIP15963,USER5308,Barcelona,13-01-2025,21-02-2025,Cultural,Bus,5,2188.76,3
TRIP15964,USER7141,Paris,16-09-2024,05-12-2024,Adventure,Car,3,2168.01,7
TRIP15965,USER3351,Rome,07-03-2025,26-03-2025,Family,Flight,5,2564.29,7
TRIP15966,USER8836,New York,25-05-2024,13-10-2024,Beach,Car,4,1006.55,9
TRIP15967,USER4232,Rome,12-12-2024,02-02-2025,Leisure,Bus,5,2796.44,4
TRIP15968,USER8069,Tokyo,13-09-2024,06-02-2025,Leisure,Flight,4,1867.45,3
TRIP15969,USER3184,Paris,11-03-2025,13-04-2025,Leisure,Flight,5,4894.78,6
TRIP15970,USER2965,Bangkok,23-08-2024,26-10-2024,Beach,Flight,5,2094.79,5
TRIP15971,USER2658,Barcelona,06-03-2025,30-03-2025,Adventure,Flight,3,2808.99,3
TRIP15972,USER4624,New York,20-09-2024,15-10-2024,Family,Flight,2,4355.69,1
TRIP15973,USER2554,London,07-01-2025,21-03-2025,Leisure,Bus,1,1760.57,8
TRIP15974,USER4863,Tokyo,24-02-2025,11-04-2025,Leisure,Car,1,3707.22,6
TRIP15975,USER3310,Sydney,13-03-2025,10-04-2025,Beach,Car,4,3298.09,9
TRIP15976,USER4795,Bangkok,22-01-2025,12-03-2025,Adventure,Car,3,2635.81,3
TRIP15977,USER9615,Sydney,08-02-2025,06-04-2025,Family,Cruise,3,2953.92,4
TRIP15978,USER7239,Paris,10-03-2025,06-04-2025,Family,Train,4,2274.25,1
TRIP15979,USER9637,New York,28-02-2025,13-04-2025,Business,Train,2,2778.8,7
TRIP15980,USER1122,Barcelona,13-08-2024,22-09-2024,Leisure,Bus,5,4147.9,2
TRIP15981,USER5672,New York,01-09-2024,19-02-2025,Adventure,Train,3,2253.68,2
TRIP15982,USER1608,Paris,10-10-2024,04-11-2024,Leisure,Cruise,5,4759.19,9
TRIP15983,USER4131,Sydney,22-07-2024,16-02-2025,Adventure,Cruise,3,1825.74,1
TRIP15985,USER8994,London,05-05-2024,12-02-2025,Cultural,Bus,4,3794.96,6
TRIP15986,USER1250,Tokyo,05-09-2024,30-09-2024,Cultural,Car,5,1129.31,5
TRIP15987,USER4618,Istanbul,03-11-2024,20-01-2025,Cultural,Bus,5,4957.04,8
TRIP15988,USER5446,Paris,24-08-2024,30-10-2024,Leisure,Bus,2,2651.26,6
TRIP15989,USER8418,Barcelona,28-03-2024,05-10-2024,Business,Cruise,5,1072.13,2
TRIP15990,USER8831,Tokyo,07-10-2024,21-11-2024,Family,Cruise,2,2587.38,4
TRIP15991,USER9594,Istanbul,25-09-2024,18-10-2024,Family,Train,2,822.17,6
TRIP15992,USER6950,Dubai,17-10-2024,03-04-2025,Leisure,Cruise,3,4274.05,9
TRIP15993,USER3618,Istanbul,09-12-2024,12-12-2024,Adventure,Train,2,2001.19,5
TRIP15994,USER1049,Barcelona,29-11-2024,04-03-2025,Cultural,Cruise,3,4838.78,3
TRIP15995,USER8967,Istanbul,17-01-2025,20-03-2025,Adventure,Car,5,679.78,4
TRIP15996,USER1683,Rome,12-09-2024,17-11-2024,Family,Bus,4,4716.82,3
TRIP15997,USER4248,New York,31-03-2024,05-03-2025,Business,Car,3,2940.04,5
TRIP15998,USER2080,Dubai,24-07-2024,20-08-2024,Leisure,Car,5,3619.95,2
TRIP15999,USER1820,London,17-03-2024,09-11-2024,Beach,Car,3,3600.53,10
TRIP16000,USER8604,Dubai,23-01-2025,15-03-2025,Beach,Bus,5,2166.26,8
TRIP16001,USER6243,Sydney,19-04-2024,05-04-2025,Business,Train,5,955.43,10
TRIP16002,USER5449,Paris,09-02-2025,15-03-2025,Adventure,Car,2,2417.79,10
TRIP16003,USER6039,Dubai,07-08-2024,25-02-2025,Cultural,Flight,4,3524.43,9
TRIP16004,USER1976,Paris,05-01-2025,05-04-2025,Cultural,Flight,1,2416.26,4
TRIP16005,USER6642,Paris,20-04-2024,27-03-2025,Beach,Flight,3,1766.08,8
TRIP16006,USER1644,Barcelona,10-03-2025,03-04-2025,Beach,Car,2,1083.18,2
TRIP16007,USER3704,Dubai,27-07-2024,02-12-2024,Cultural,Car,1,938.11,10
TRIP16008,USER2853,Paris,11-01-2025,29-01-2025,Family,Flight,5,2971.68,3
TRIP16009,USER9194,New York,14-05-2024,31-07-2024,Cultural,Bus,3,1707.39,3
TRIP16010,USER3224,New York,10-02-2025,14-03-2025,Beach,Bus,4,4956.85,2
TRIP16011,USER1507,Istanbul,10-03-2025,25-03-2025,Leisure,Car,5,3835.44,6
TRIP16012,USER1821,London,25-04-2024,12-05-2024,Leisure,Car,5,1581.94,6
TRIP16013,USER4540,Dubai,23-08-2024,01-02-2025,Business,Train,4,1946.9,4
TRIP16014,USER4478,Bangkok,30-07-2024,07-02-2025,Family,Cruise,3,3752.22,3
TRIP16015,USER2636,Bangkok,18-01-2025,06-04-2025,Beach,Train,4,3483.4,3
TRIP16016,USER2050,Istanbul,08-07-2024,12-10-2024,Family,Train,2,4854.93,2
TRIP16017,USER6200,New York,27-04-2024,27-06-2024,Cultural,Cruise,1,1541,2
TRIP16018,USER1095,Paris,22-07-2024,14-11-2024,Business,Cruise,5,2821.34,3
TRIP16019,USER3803,London,01-07-2024,23-08-2024,Adventure,Car,4,3557.65,5
TRIP16020,USER4140,Barcelona,19-11-2024,16-12-2024,Business,Car,1,980.39,3
TRIP16021,USER9318,Istanbul,04-02-2025,15-04-2025,Family,Flight,3,4682.15,5
TRIP16022,USER2367,London,10-01-2025,27-02-2025,Business,Cruise,3,638.3,6
TRIP16023,USER7136,Bangkok,17-02-2025,02-03-2025,Business,Flight,3,3212.23,4
TRIP16024,USER7300,Sydney,20-01-2025,03-04-2025,Leisure,Flight,1,2666.52,10
TRIP16025,USER1508,Barcelona,20-03-2024,19-02-2025,Adventure,Bus,3,3330.91,4
TRIP16026,USER3432,Barcelona,30-11-2024,24-02-2025,Leisure,Cruise,3,1713.64,3
TRIP16027,USER9878,Sydney,18-11-2024,28-02-2025,Business,Bus,3,2367.13,8
TRIP16028,USER1395,Istanbul,02-04-2024,10-04-2025,Cultural,Flight,3,1977.25,2
TRIP16029,USER8044,Barcelona,14-10-2024,16-02-2025,Family,Train,2,1881.6,10
TRIP16030,USER9290,Paris,24-09-2024,15-02-2025,Adventure,Train,5,2094.1,9
TRIP16031,USER2407,New York,23-09-2024,24-02-2025,Leisure,Bus,4,1582.99,6
TRIP16032,USER7381,Tokyo,24-08-2024,21-10-2024,Beach,Cruise,2,621.36,6
TRIP16033,USER3686,Istanbul,03-06-2024,26-07-2024,Business,Bus,5,1414.16,1
TRIP16034,USER4823,Barcelona,25-02-2025,04-03-2025,Cultural,Train,1,3942.09,1
TRIP16035,USER3741,Paris,16-11-2024,17-01-2025,Beach,Train,5,1179.58,1
TRIP16036,USER9288,Paris,27-12-2024,16-03-2025,Business,Flight,4,1347.61,9
TRIP16037,USER2663,Istanbul,28-05-2024,22-07-2024,Cultural,Cruise,1,1019.45,9
TRIP16038,USER7556,Paris,10-10-2024,06-11-2024,Business,Cruise,5,3446.41,6
TRIP16039,USER4622,Dubai,02-05-2024,11-12-2024,Business,Bus,3,3169.91,10
TRIP16040,USER2840,Rome,19-10-2024,08-04-2025,Cultural,Cruise,1,1649.16,5
TRIP16041,USER7042,Dubai,22-10-2024,05-12-2024,Beach,Cruise,3,1730.02,7
TRIP16042,USER4930,London,26-06-2024,23-02-2025,Leisure,Flight,4,4327.54,6
TRIP16043,USER8321,Sydney,01-10-2024,01-11-2024,Cultural,Cruise,3,1055.77,9
TRIP16044,USER5376,Sydney,08-07-2024,28-08-2024,Business,Cruise,4,3322.52,6
TRIP16045,USER3059,New York,26-02-2025,26-03-2025,Leisure,Bus,1,3594.25,4
TRIP16046,USER8343,Paris,27-11-2024,16-03-2025,Family,Bus,5,2946.91,3
TRIP16047,USER6574,Tokyo,26-08-2024,23-11-2024,Beach,Cruise,3,1072.34,1
TRIP16048,USER2419,Bangkok,09-01-2025,27-02-2025,Leisure,Flight,1,1354.71,1
TRIP16049,USER3025,Paris,12-10-2024,26-01-2025,Cultural,Car,2,1784.04,5
TRIP16050,USER9304,Sydney,12-12-2024,19-01-2025,Business,Flight,4,4712.13,6
TRIP16051,USER2955,Bangkok,17-06-2024,18-10-2024,Business,Cruise,1,1901.72,5
TRIP16052,USER4756,Dubai,12-08-2024,17-12-2024,Business,Train,5,2505.09,9
TRIP16053,USER7703,Istanbul,26-07-2024,14-08-2024,Cultural,Flight,1,4817.34,3
TRIP16054,USER8867,Rome,20-08-2024,21-03-2025,Leisure,Bus,3,2824.5,9
TRIP16055,USER7851,Istanbul,04-10-2024,10-02-2025,Adventure,Bus,3,747.01,9
TRIP16056,USER8576,Sydney,18-09-2024,10-01-2025,Business,Bus,1,1020.61,8
TRIP16057,USER7088,Rome,20-01-2025,02-03-2025,Leisure,Flight,3,3756.77,3
TRIP16058,USER5227,Bangkok,12-04-2024,08-09-2024,Beach,Train,1,653.89,9
TRIP16059,USER5218,Barcelona,09-03-2025,13-04-2025,Family,Train,5,2711.64,4
TRIP16060,USER3806,Tokyo,05-11-2024,08-04-2025,Cultural,Car,4,1258.48,9
TRIP16062,USER8180,Paris,08-05-2024,12-10-2024,Cultural,Bus,2,934.66,1
TRIP16063,USER8323,Paris,27-12-2024,07-04-2025,Cultural,Car,1,3198.69,8
TRIP16064,USER9997,Paris,14-04-2024,03-02-2025,Adventure,Flight,2,3908.65,1
TRIP16065,USER3011,Barcelona,02-04-2024,09-03-2025,Adventure,Car,3,4160.47,3
TRIP16066,USER7079,Paris,13-09-2024,12-10-2024,Cultural,Bus,1,2480.1,2
TRIP16067,USER5884,London,25-04-2024,26-01-2025,Beach,Flight,2,1263.81,7
TRIP16068,USER2042,Paris,24-05-2024,10-08-2024,Beach,Flight,1,1236.52,1
TRIP16069,USER6416,Dubai,14-04-2024,12-10-2024,Leisure,Bus,2,2064.4,5
TRIP16070,USER3509,Rome,06-07-2024,30-07-2024,Adventure,Cruise,4,2488.35,7
TRIP16071,USER8711,Istanbul,08-11-2024,17-11-2024,Adventure,Train,1,901.44,3
TRIP16072,USER5810,Tokyo,07-05-2024,14-07-2024,Family,Cruise,3,3827.77,1
TRIP16073,USER3560,Barcelona,22-12-2024,14-01-2025,Cultural,Flight,2,2258,2
TRIP16074,USER1618,Bangkok,10-11-2024,13-04-2025,Leisure,Car,3,2681.41,7
TRIP16075,USER4675,London,28-11-2024,13-02-2025,Leisure,Cruise,3,972.97,4
TRIP16076,USER1596,Paris,26-10-2024,15-03-2025,Business,Car,4,4172.82,8
TRIP16077,USER3293,Paris,06-06-2024,08-02-2025,Adventure,Cruise,1,3306.04,8
TRIP16078,USER9642,London,17-08-2024,29-03-2025,Leisure,Bus,3,4162.89,9
TRIP16079,USER7177,Paris,18-08-2024,03-09-2024,Cultural,Flight,4,784.4,6
TRIP16080,USER7923,Barcelona,08-03-2025,03-04-2025,Leisure,Cruise,1,3948.99,3
TRIP16081,USER3279,New York,12-06-2024,03-04-2025,Family,Car,3,1033.61,9
TRIP16082,USER7087,Bangkok,10-06-2024,05-10-2024,Family,Bus,2,3648.46,3
TRIP16083,USER1974,Bangkok,03-12-2024,01-02-2025,Cultural,Bus,4,4440.93,7
TRIP16084,USER3381,Tokyo,28-06-2024,01-09-2024,Beach,Car,1,2109.67,2
TRIP16085,USER7014,Istanbul,30-06-2024,31-03-2025,Business,Flight,5,2933.55,7
TRIP16086,USER3840,Istanbul,17-02-2025,02-03-2025,Business,Bus,3,721.81,1
TRIP16087,USER6702,Barcelona,06-12-2024,30-12-2024,Family,Train,1,3432.24,9
TRIP16088,USER7902,Tokyo,09-03-2025,05-04-2025,Cultural,Flight,4,2291.9,6
TRIP16089,USER4469,New York,18-11-2024,30-03-2025,Business,Flight,5,1305.25,4
TRIP16090,USER6524,New York,25-10-2024,26-12-2024,Cultural,Bus,1,4492.37,3
TRIP16092,USER4821,New York,14-11-2024,02-04-2025,Cultural,Train,5,2266.63,7
TRIP16093,USER3459,London,15-05-2024,24-06-2024,Cultural,Flight,4,1896.83,10
TRIP16094,USER3346,Tokyo,12-07-2024,27-10-2024,Beach,Train,5,2560.01,4
TRIP16095,USER7778,Sydney,07-10-2024,27-02-2025,Leisure,Flight,1,4898.69,1
TRIP16096,USER1055,Istanbul,26-11-2024,02-02-2025,Beach,Flight,1,4610.3,7
TRIP16097,USER6058,Dubai,04-08-2024,06-02-2025,Adventure,Flight,3,3634.79,6
TRIP16098,USER7092,London,05-10-2024,22-10-2024,Business,Bus,3,901.89,5
TRIP16099,USER9199,Barcelona,15-05-2024,30-01-2025,Cultural,Bus,4,500.22,6
TRIP16100,USER6164,Bangkok,18-09-2024,05-11-2024,Adventure,Train,5,989.27,9
TRIP16101,USER7421,Dubai,25-07-2024,19-09-2024,Business,Flight,4,1952.96,1
TRIP16102,USER8473,Paris,05-03-2025,13-04-2025,Cultural,Car,1,4949.55,1
TRIP16103,USER9877,Barcelona,18-04-2024,13-06-2024,Beach,Cruise,3,4696.43,3
TRIP16104,USER9880,Tokyo,15-06-2024,20-02-2025,Cultural,Cruise,4,571.32,10
TRIP16105,USER7250,Rome,16-03-2024,01-04-2025,Adventure,Cruise,5,503.05,2
TRIP16106,USER1526,Dubai,24-08-2024,03-01-2025,Adventure,Bus,5,4816.34,10
TRIP16107,USER1829,Rome,16-07-2024,20-02-2025,Family,Bus,1,829.94,4
TRIP16108,USER9246,Rome,20-06-2024,27-02-2025,Family,Car,1,4520.03,4
TRIP16109,USER7424,Bangkok,21-11-2024,31-03-2025,Family,Flight,5,3805.05,5
TRIP16110,USER2618,London,22-12-2024,19-02-2025,Cultural,Cruise,2,4082.45,9
TRIP16111,USER9778,Barcelona,19-04-2024,25-02-2025,Leisure,Train,2,2149.42,6
TRIP16112,USER2916,Rome,26-06-2024,02-08-2024,Adventure,Train,3,3177.58,1
TRIP16113,USER2152,New York,09-07-2024,24-03-2025,Leisure,Car,2,828.15,9
TRIP16114,USER7514,Sydney,14-05-2024,19-12-2024,Business,Flight,4,3912.02,4
TRIP16115,USER8801,Paris,26-07-2024,06-01-2025,Leisure,Bus,3,3393.36,6
TRIP16116,USER9064,Rome,13-01-2025,01-03-2025,Family,Bus,1,2317.13,7
TRIP16117,USER8399,Paris,28-09-2024,14-10-2024,Family,Bus,4,4921.09,7
TRIP16118,USER1802,Bangkok,12-10-2024,06-11-2024,Beach,Cruise,1,4837.25,8
TRIP16119,USER7909,Istanbul,20-08-2024,24-01-2025,Adventure,Bus,1,640.48,8
TRIP16120,USER5023,New York,14-12-2024,13-01-2025,Adventure,Cruise,2,4847.55,9
TRIP16121,USER3549,Sydney,17-10-2024,26-10-2024,Family,Bus,4,2337.29,2
TRIP16122,USER2001,New York,22-11-2024,09-04-2025,Adventure,Train,3,2082.7,9
TRIP16123,USER6844,Dubai,11-02-2025,16-03-2025,Beach,Cruise,5,4230.9,2
TRIP16124,USER5984,Rome,23-03-2024,15-10-2024,Family,Train,1,2653.65,10
TRIP16125,USER4556,Bangkok,08-05-2024,25-12-2024,Leisure,Flight,5,3557.62,8
TRIP16126,USER6018,Bangkok,24-01-2025,06-04-2025,Adventure,Car,3,4874.36,4
TRIP16127,USER7475,Paris,17-01-2025,29-01-2025,Cultural,Train,2,580.02,5
TRIP16128,USER4159,Tokyo,01-11-2024,10-12-2024,Family,Car,5,522.93,10
TRIP16129,USER4794,Dubai,02-06-2024,12-12-2024,Beach,Train,3,3438.57,3
TRIP16130,USER3857,London,07-03-2025,03-04-2025,Cultural,Cruise,3,2971.73,2
TRIP16131,USER4001,Paris,07-03-2025,20-03-2025,Beach,Bus,3,1179.02,3
TRIP16132,USER1967,Sydney,11-11-2024,14-02-2025,Cultural,Flight,4,685.06,5
TRIP16133,USER2332,Rome,31-07-2024,12-09-2024,Cultural,Cruise,5,3069.29,4
TRIP16134,USER4653,Bangkok,12-04-2024,15-02-2025,Business,Flight,4,4341.05,9
TRIP16135,USER6509,Paris,24-09-2024,12-01-2025,Leisure,Cruise,2,3739.06,8
TRIP16136,USER7954,Sydney,19-12-2024,27-01-2025,Beach,Train,1,1269.4,8
TRIP16137,USER7387,Paris,27-10-2024,05-01-2025,Leisure,Flight,2,2581.55,1
TRIP16138,USER5150,New York,14-04-2024,08-09-2024,Business,Bus,4,2794.46,6
TRIP16139,USER8101,Barcelona,07-11-2024,16-03-2025,Adventure,Flight,5,4735.25,3
TRIP16140,USER6456,Bangkok,27-02-2025,26-03-2025,Business,Cruise,1,2583.14,3
TRIP16141,USER2759,Rome,29-12-2024,04-02-2025,Cultural,Train,3,4523.79,1
TRIP16142,USER7786,Rome,15-02-2025,15-04-2025,Leisure,Flight,1,2465.97,1
TRIP16143,USER9687,Istanbul,26-12-2024,22-02-2025,Family,Train,5,3589.24,4
TRIP16145,USER9516,Paris,07-07-2024,11-11-2024,Beach,Bus,3,1425.03,2
TRIP16146,USER3597,New York,01-02-2025,03-03-2025,Business,Cruise,5,1924.07,7
TRIP16147,USER6163,Barcelona,18-07-2024,19-07-2024,Family,Bus,3,844.94,7
TRIP16148,USER7267,Rome,07-08-2024,14-11-2024,Cultural,Cruise,1,2737.36,7
TRIP16149,USER1988,Barcelona,27-05-2024,15-06-2024,Business,Cruise,4,2988.53,2
TRIP16150,USER9091,Tokyo,07-07-2024,11-07-2024,Business,Cruise,4,1835.05,8
TRIP16151,USER5289,Rome,18-08-2024,28-02-2025,Cultural,Bus,5,3780.82,10
TRIP16152,USER8581,Dubai,01-02-2025,15-02-2025,Family,Train,2,2052.43,6
TRIP16153,USER6252,London,24-04-2024,16-08-2024,Business,Bus,1,2196.16,7
TRIP16154,USER9061,Barcelona,22-04-2024,01-10-2024,Leisure,Bus,4,3406.81,7
TRIP16155,USER1610,Tokyo,02-09-2024,07-02-2025,Leisure,Cruise,1,1258.24,3
TRIP16156,USER5245,Barcelona,15-09-2024,09-12-2024,Family,Cruise,1,2867.31,10
TRIP16157,USER2543,Paris,27-08-2024,15-10-2024,Adventure,Flight,5,561.52,3
TRIP16158,USER2313,Barcelona,13-03-2025,14-03-2025,Family,Flight,1,3123.74,4
TRIP16159,USER7143,Sydney,17-07-2024,20-12-2024,Family,Car,4,689.36,1
TRIP16160,USER5413,Bangkok,17-07-2024,17-12-2024,Business,Train,4,3294.15,1
TRIP16161,USER4327,Barcelona,02-02-2025,13-04-2025,Leisure,Cruise,1,4528.12,4
TRIP16162,USER4367,Paris,02-05-2024,23-01-2025,Adventure,Cruise,3,4941.62,8
TRIP16163,USER7382,London,10-03-2025,18-03-2025,Business,Flight,3,2157.08,8
TRIP16164,USER7888,Rome,15-09-2024,24-12-2024,Adventure,Bus,1,2066.22,6
TRIP16165,USER3957,Barcelona,17-08-2024,19-10-2024,Leisure,Train,4,2245.07,10
TRIP16166,USER4368,Rome,16-08-2024,24-01-2025,Cultural,Bus,1,3772.59,10
TRIP16167,USER1365,Istanbul,31-05-2024,28-12-2024,Family,Car,5,1009.17,4
TRIP16168,USER1895,Dubai,23-12-2024,04-03-2025,Cultural,Cruise,1,4786.82,1
TRIP16169,USER4138,Bangkok,11-05-2024,01-04-2025,Beach,Train,4,2299.09,1
TRIP16170,USER8296,Istanbul,26-03-2024,10-05-2024,Leisure,Flight,2,622.08,6
TRIP16171,USER8498,Sydney,21-02-2025,14-04-2025,Family,Flight,5,3364.04,5
TRIP16172,USER7986,Bangkok,19-01-2025,22-03-2025,Family,Flight,5,4382,10
TRIP16173,USER4449,Bangkok,27-02-2025,31-03-2025,Cultural,Train,5,4098.87,4
TRIP16174,USER9665,New York,08-09-2024,29-03-2025,Family,Flight,4,2061.54,6
TRIP16175,USER6660,London,07-06-2024,03-01-2025,Adventure,Car,5,3299.32,5
TRIP16176,USER9001,Istanbul,03-06-2024,21-06-2024,Beach,Flight,4,892.02,8
TRIP16177,USER1477,Barcelona,26-11-2024,07-12-2024,Business,Cruise,5,530.42,3
TRIP16178,USER4991,Istanbul,26-12-2024,09-01-2025,Beach,Car,2,3176.55,9
TRIP16179,USER2418,London,13-07-2024,23-10-2024,Family,Car,1,1805.05,5
TRIP16180,USER7368,New York,30-09-2024,13-02-2025,Adventure,Train,2,2206.61,4
TRIP16181,USER2037,Tokyo,17-02-2025,15-04-2025,Leisure,Train,2,3963.46,10
TRIP16182,USER5269,Tokyo,28-06-2024,31-10-2024,Beach,Train,1,3610.32,10
TRIP16183,USER9949,New York,12-05-2024,04-12-2024,Leisure,Car,1,4726.59,7
TRIP16184,USER2088,Paris,19-05-2024,25-10-2024,Beach,Car,5,4586.76,4
TRIP16185,USER1970,Barcelona,31-03-2024,28-02-2025,Business,Bus,5,4026.17,10
TRIP16186,USER3105,Barcelona,10-08-2024,15-04-2025,Beach,Train,2,3145.93,7
TRIP16187,USER5334,Bangkok,04-12-2024,13-02-2025,Adventure,Bus,1,1520.89,4
TRIP16188,USER1681,Istanbul,21-02-2025,19-03-2025,Business,Car,4,2630.9,10
TRIP16189,USER4541,New York,11-12-2024,16-01-2025,Family,Car,5,4948.49,3
TRIP16190,USER3040,Istanbul,23-12-2024,14-03-2025,Business,Bus,2,2579.07,4
TRIP16191,USER2334,Barcelona,02-10-2024,25-01-2025,Adventure,Train,1,1773.41,9
TRIP16192,USER2017,Paris,15-07-2024,09-01-2025,Adventure,Train,1,4115.85,10
TRIP16193,USER3565,Dubai,18-04-2024,18-10-2024,Family,Car,3,1198.81,7
TRIP16194,USER7150,Tokyo,10-03-2025,13-04-2025,Business,Bus,3,2181.46,9
TRIP16195,USER5356,Paris,28-09-2024,10-10-2024,Business,Train,1,4632.04,6
TRIP16196,USER1484,Rome,21-07-2024,24-09-2024,Adventure,Train,4,1019.43,6
TRIP16197,USER1751,Istanbul,10-01-2025,08-02-2025,Adventure,Train,5,2285.91,10
TRIP16198,USER9879,Istanbul,06-05-2024,17-08-2024,Leisure,Train,5,1881,4
TRIP16199,USER1555,New York,03-03-2025,04-04-2025,Family,Cruise,4,4069.85,1
TRIP16200,USER7482,Rome,06-07-2024,07-01-2025,Business,Car,1,4241.1,9
TRIP16201,USER1430,Barcelona,22-05-2024,21-02-2025,Leisure,Car,5,4417.33,6
TRIP16202,USER2667,Dubai,04-09-2024,10-10-2024,Beach,Cruise,4,4652.63,8
TRIP16203,USER4289,Dubai,25-06-2024,06-04-2025,Business,Flight,5,2693.83,7
TRIP16204,USER2156,London,04-11-2024,03-04-2025,Leisure,Cruise,3,1240.04,7
TRIP16205,USER1406,Paris,07-02-2025,21-02-2025,Business,Car,1,4305.26,3
TRIP16206,USER9059,New York,05-03-2025,01-04-2025,Family,Train,4,4975.61,6
TRIP16207,USER8977,Tokyo,23-08-2024,04-03-2025,Family,Train,1,545.24,4
TRIP16208,USER9273,Dubai,12-12-2024,06-04-2025,Adventure,Car,5,2754.33,5
TRIP16209,USER7363,New York,06-05-2024,17-07-2024,Cultural,Car,1,3336.57,7
TRIP16210,USER3967,Sydney,31-03-2024,08-02-2025,Adventure,Car,2,1521.85,8
TRIP16211,USER2636,Istanbul,16-08-2024,24-03-2025,Adventure,Cruise,5,3577.21,1
TRIP16212,USER2097,Bangkok,17-03-2024,19-06-2024,Family,Train,3,3877,7
TRIP16213,USER6099,Tokyo,04-02-2025,18-03-2025,Cultural,Bus,1,531.62,4
TRIP16214,USER6132,New York,04-06-2024,14-11-2024,Leisure,Bus,1,1478.88,10
TRIP16215,USER3642,Bangkok,28-11-2024,04-02-2025,Cultural,Flight,1,4663.88,4
TRIP16216,USER6550,Dubai,21-06-2024,16-10-2024,Leisure,Cruise,2,4153.32,1
TRIP16217,USER7054,Tokyo,21-07-2024,16-03-2025,Family,Car,3,2095.67,4
TRIP16218,USER8860,Paris,24-12-2024,27-12-2024,Beach,Bus,3,721.69,7
TRIP16219,USER2089,Sydney,22-01-2025,07-02-2025,Family,Cruise,3,1687.85,8
TRIP16220,USER6569,New York,09-04-2024,19-09-2024,Business,Train,3,2962.62,9
TRIP16221,USER9027,New York,27-06-2024,16-02-2025,Business,Flight,1,2597.66,8
TRIP16222,USER9067,Rome,10-12-2024,30-01-2025,Beach,Cruise,4,4701.36,6
TRIP16223,USER8635,Rome,05-09-2024,13-10-2024,Cultural,Flight,3,4971.62,6
TRIP16224,USER2114,Rome,11-01-2025,21-02-2025,Business,Train,4,4187.81,6
TRIP16225,USER9029,Paris,10-04-2024,20-07-2024,Adventure,Flight,5,3531.12,1
TRIP16226,USER8310,London,24-07-2024,12-04-2025,Beach,Car,5,1808.82,9
TRIP16227,USER6737,Istanbul,29-04-2024,21-12-2024,Beach,Cruise,5,2243.78,1
TRIP16228,USER2345,Sydney,27-01-2025,02-03-2025,Leisure,Flight,4,1159.98,4
TRIP16229,USER3319,Bangkok,10-10-2024,12-01-2025,Leisure,Car,3,1631.59,4
TRIP16230,USER9669,London,03-07-2024,16-07-2024,Cultural,Cruise,2,4428.82,7
TRIP16231,USER5148,Dubai,22-10-2024,28-01-2025,Adventure,Flight,2,4901.92,10
TRIP16232,USER2962,Istanbul,05-11-2024,23-12-2024,Adventure,Train,1,2527.79,3
TRIP16233,USER8532,Tokyo,28-09-2024,18-03-2025,Cultural,Cruise,5,4436.16,6
TRIP16234,USER9551,New York,18-04-2024,29-12-2024,Leisure,Cruise,3,3698.37,9
TRIP16235,USER1945,Tokyo,06-04-2024,27-01-2025,Cultural,Flight,3,2678.33,5
TRIP16236,USER5620,Tokyo,20-10-2024,26-10-2024,Leisure,Flight,2,921.78,3
TRIP16237,USER4577,Istanbul,22-08-2024,27-12-2024,Business,Car,5,2970.91,2
TRIP16238,USER1479,Tokyo,24-04-2024,30-12-2024,Business,Cruise,3,773.86,1
TRIP16239,USER2504,Paris,04-07-2024,29-03-2025,Beach,Train,4,2499.07,5
TRIP16240,USER7358,Paris,10-12-2024,22-12-2024,Beach,Train,3,4201.32,5
TRIP16241,USER1195,New York,04-08-2024,05-02-2025,Family,Bus,4,3837.35,8
TRIP16242,USER8561,Paris,02-11-2024,31-12-2024,Cultural,Cruise,3,3978.13,4
TRIP16243,USER2119,Sydney,26-07-2024,06-09-2024,Family,Flight,4,834.5,7
TRIP16244,USER6043,Istanbul,03-02-2025,07-04-2025,Family,Cruise,3,3755.85,1
TRIP16245,USER8379,Barcelona,13-11-2024,05-04-2025,Family,Train,1,3418.29,8
TRIP16246,USER8950,Tokyo,12-03-2025,11-04-2025,Cultural,Cruise,2,4054.37,8
TRIP16247,USER2220,New York,28-06-2024,01-08-2024,Business,Flight,5,960.41,6
TRIP16248,USER3871,Paris,19-03-2024,31-10-2024,Leisure,Bus,5,1741.45,8
TRIP16249,USER6171,Sydney,09-05-2024,09-01-2025,Family,Car,1,2279.03,1
TRIP16250,USER6175,New York,06-12-2024,09-01-2025,Family,Cruise,5,1952.17,9
TRIP16251,USER6726,New York,12-01-2025,30-03-2025,Cultural,Car,5,763.87,3
TRIP16252,USER2488,Paris,02-08-2024,17-11-2024,Leisure,Bus,1,2260.67,6
TRIP16253,USER6437,Dubai,29-03-2024,17-02-2025,Beach,Car,3,988.03,5
TRIP16254,USER1224,London,13-11-2024,22-12-2024,Family,Train,5,4176.52,5
TRIP16255,USER8735,Dubai,01-11-2024,25-03-2025,Adventure,Car,3,3683.78,9
TRIP16256,USER7402,Paris,24-02-2025,03-04-2025,Leisure,Cruise,5,3547.53,1
TRIP16257,USER5035,Tokyo,18-02-2025,13-04-2025,Leisure,Flight,2,3109.63,6
TRIP16258,USER3276,Paris,21-05-2024,27-11-2024,Family,Train,5,3963.29,8
TRIP16259,USER4516,Paris,09-06-2024,26-09-2024,Leisure,Train,1,1959.77,10
TRIP16260,USER3607,New York,22-01-2025,22-01-2025,Business,Train,3,3511.59,7
TRIP16261,USER6028,Bangkok,26-10-2024,16-02-2025,Family,Car,3,2970.62,9
TRIP16262,USER6039,Istanbul,06-11-2024,30-12-2024,Cultural,Flight,2,3891.23,10
TRIP16263,USER6239,Sydney,21-01-2025,12-03-2025,Adventure,Cruise,1,3226.52,7
TRIP16264,USER7915,Tokyo,20-07-2024,04-08-2024,Business,Train,2,2778.45,10
TRIP16265,USER2190,New York,01-11-2024,29-12-2024,Adventure,Cruise,3,3225.66,10
TRIP16266,USER2002,Sydney,07-03-2025,19-03-2025,Beach,Bus,2,2925.6,5
TRIP16267,USER8882,London,24-05-2024,11-09-2024,Leisure,Cruise,1,2996.66,6
TRIP16268,USER4738,Rome,20-08-2024,12-10-2024,Cultural,Bus,1,689.24,3
TRIP16269,USER8210,Rome,25-05-2024,17-06-2024,Leisure,Train,3,993.32,6
TRIP16270,USER5032,Barcelona,25-11-2024,24-03-2025,Cultural,Cruise,2,1055.83,7
TRIP16271,USER4719,Barcelona,07-04-2024,11-11-2024,Beach,Car,1,2782.75,7
TRIP16272,USER1457,Bangkok,02-03-2025,11-04-2025,Leisure,Cruise,2,4392.37,6
TRIP16273,USER3022,Sydney,24-07-2024,26-08-2024,Business,Flight,1,2052.5,5
TRIP16274,USER4234,New York,22-01-2025,07-04-2025,Leisure,Car,2,3306.05,9
TRIP16275,USER4357,Tokyo,07-08-2024,21-01-2025,Cultural,Bus,2,3996.22,8
TRIP16276,USER5812,Rome,25-10-2024,24-03-2025,Leisure,Cruise,4,1579.39,10
TRIP16277,USER1036,Dubai,31-01-2025,10-02-2025,Cultural,Bus,1,919.98,7
TRIP16278,USER7091,Bangkok,20-05-2024,12-07-2024,Beach,Cruise,5,3675.37,9
TRIP16279,USER9948,Barcelona,25-10-2024,21-12-2024,Business,Train,3,3819.36,1
TRIP16280,USER6280,Istanbul,28-11-2024,18-12-2024,Cultural,Train,3,704.01,4
TRIP16281,USER2428,Paris,17-11-2024,26-12-2024,Business,Cruise,5,1287.34,6
TRIP16282,USER1521,Tokyo,23-05-2024,12-02-2025,Adventure,Train,5,709.59,5
TRIP16283,USER1863,Barcelona,20-02-2025,26-03-2025,Adventure,Bus,1,1359.96,8
TRIP16284,USER8501,Istanbul,02-12-2024,28-03-2025,Leisure,Bus,1,958.6,5
TRIP16285,USER7051,London,24-08-2024,13-10-2024,Beach,Flight,2,1128.84,7
TRIP16286,USER3105,Paris,20-11-2024,03-02-2025,Leisure,Flight,5,2974.08,2
TRIP16287,USER8846,Barcelona,21-06-2024,21-01-2025,Family,Car,1,4749.83,7
TRIP16288,USER7512,Sydney,30-10-2024,08-04-2025,Business,Cruise,3,1867.41,8
TRIP16289,USER5030,Sydney,29-11-2024,17-03-2025,Leisure,Bus,1,3464.33,10
TRIP16290,USER2806,Istanbul,06-03-2025,20-03-2025,Family,Car,4,3810.22,4
TRIP16291,USER7898,Tokyo,05-06-2024,07-01-2025,Beach,Train,1,2867.75,4
TRIP16292,USER8740,Barcelona,05-07-2024,20-12-2024,Leisure,Cruise,1,4347.38,6
TRIP16293,USER3086,Bangkok,17-11-2024,14-04-2025,Leisure,Car,5,2363.98,10
TRIP16294,USER2999,Istanbul,14-11-2024,09-03-2025,Adventure,Car,5,3885.28,6
TRIP16295,USER6447,Barcelona,24-09-2024,11-04-2025,Leisure,Bus,2,1102.97,8
TRIP16296,USER1193,New York,31-10-2024,19-03-2025,Leisure,Flight,5,4159.06,7
TRIP16298,USER6452,Paris,20-02-2025,10-03-2025,Leisure,Train,4,4522.14,5
TRIP16299,USER6664,Tokyo,22-06-2024,24-01-2025,Leisure,Car,3,3163.61,3
TRIP16300,USER3882,New York,07-06-2024,23-03-2025,Family,Bus,2,4621.86,3
TRIP16301,USER5894,Istanbul,17-09-2024,21-03-2025,Family,Bus,3,1639.82,1
TRIP16302,USER4395,New York,22-03-2024,19-07-2024,Adventure,Bus,3,2143.37,4
TRIP16303,USER6737,Dubai,07-06-2024,02-03-2025,Cultural,Cruise,5,2508.39,5
TRIP16304,USER8796,London,06-02-2025,04-04-2025,Family,Bus,4,4600.82,1
TRIP16305,USER6420,Sydney,11-01-2025,19-01-2025,Business,Car,4,1262.25,3
TRIP16306,USER3398,Barcelona,20-06-2024,15-08-2024,Business,Train,3,2095.35,8
TRIP16307,USER5283,Istanbul,20-11-2024,21-12-2024,Family,Cruise,2,510.38,2
TRIP16308,USER2736,Dubai,09-01-2025,19-03-2025,Cultural,Cruise,5,2321.86,4
TRIP16309,USER1639,Paris,31-08-2024,27-10-2024,Family,Cruise,1,4877.97,3
TRIP16310,USER1640,New York,24-10-2024,18-02-2025,Business,Car,2,4621.56,1
TRIP16311,USER7370,Paris,06-09-2024,08-04-2025,Cultural,Train,5,3186.97,7
TRIP16312,USER1057,London,08-03-2025,26-03-2025,Adventure,Car,2,3784.25,7
TRIP16313,USER8661,London,16-09-2024,03-04-2025,Business,Train,1,1097.47,10
TRIP16314,USER7703,London,12-11-2024,02-04-2025,Business,Bus,4,3478.55,7
TRIP16315,USER3855,Dubai,31-05-2024,12-07-2024,Beach,Bus,4,3621.02,6
TRIP16316,USER6872,Dubai,01-06-2024,03-04-2025,Business,Cruise,2,3047.56,6
TRIP16317,USER2606,New York,13-08-2024,14-08-2024,Cultural,Train,2,1363.48,10
TRIP16318,USER8862,Sydney,08-03-2025,02-04-2025,Family,Car,3,927.37,9
TRIP16319,USER5807,Bangkok,28-02-2025,20-03-2025,Cultural,Bus,4,4852.85,9
TRIP16320,USER9696,Dubai,19-06-2024,04-03-2025,Family,Train,5,2041.05,3
TRIP16321,USER6505,London,26-03-2024,12-03-2025,Leisure,Bus,4,4859.56,3
TRIP16322,USER9751,Istanbul,03-06-2024,06-11-2024,Beach,Cruise,2,4361.54,7
TRIP16323,USER4570,Istanbul,10-05-2024,05-04-2025,Adventure,Train,3,4225.39,3
TRIP16324,USER4081,London,17-11-2024,10-01-2025,Adventure,Car,3,959.44,1
TRIP16325,USER2633,Rome,23-06-2024,07-10-2024,Business,Train,5,1607.71,1
TRIP16326,USER4539,Rome,17-04-2024,21-02-2025,Cultural,Train,4,3385.77,1
TRIP16327,USER3451,Sydney,21-11-2024,25-12-2024,Adventure,Flight,1,3546.59,8
TRIP16328,USER2443,Rome,14-09-2024,20-11-2024,Beach,Train,2,1258.06,8
TRIP16329,USER6242,Barcelona,23-06-2024,12-03-2025,Beach,Cruise,4,3082.22,10
TRIP16330,USER6606,Barcelona,21-09-2024,05-04-2025,Beach,Cruise,2,1931.16,5
TRIP16331,USER6112,New York,01-04-2024,21-04-2024,Cultural,Cruise,2,1557.06,10
TRIP16332,USER1526,New York,15-06-2024,30-01-2025,Cultural,Cruise,5,2152.06,7
TRIP16333,USER5633,Dubai,24-08-2024,05-11-2024,Leisure,Flight,1,4075.92,8
TRIP16334,USER3807,New York,05-01-2025,07-02-2025,Family,Train,2,1218.9,6
TRIP16335,USER2063,Istanbul,24-01-2025,09-04-2025,Cultural,Cruise,2,3177.47,4
TRIP16336,USER8559,Istanbul,21-06-2024,09-04-2025,Adventure,Car,2,618.6,8
TRIP16337,USER1749,Tokyo,09-01-2025,29-03-2025,Family,Train,3,3522.92,8
TRIP16338,USER8492,Sydney,05-10-2024,15-11-2024,Family,Cruise,3,3383.04,9
TRIP16339,USER2241,Rome,26-05-2024,03-08-2024,Beach,Cruise,4,2098.57,8
TRIP16340,USER5022,New York,31-10-2024,29-01-2025,Cultural,Bus,2,3683.96,6
TRIP16341,USER7239,Barcelona,30-04-2024,04-06-2024,Beach,Flight,4,1569.12,6
TRIP16342,USER6772,Sydney,28-01-2025,03-04-2025,Cultural,Car,5,1280.05,4
TRIP16343,USER3517,London,06-07-2024,26-10-2024,Business,Train,1,2966.83,2
TRIP16344,USER2172,Rome,18-11-2024,12-12-2024,Adventure,Flight,4,1082.13,7
TRIP16345,USER3536,Rome,23-06-2024,22-02-2025,Leisure,Bus,5,731.96,9
TRIP16346,USER1363,Sydney,28-04-2024,19-05-2024,Family,Flight,3,3543.68,3
TRIP16347,USER4266,Dubai,17-08-2024,09-01-2025,Business,Bus,3,4967.07,3
TRIP16348,USER2696,Sydney,13-12-2024,14-04-2025,Family,Flight,1,4325.72,9
TRIP16349,USER4311,Dubai,06-04-2024,18-08-2024,Adventure,Flight,3,1323.37,4
TRIP16350,USER5534,Dubai,01-07-2024,08-04-2025,Cultural,Car,4,2823.77,1
TRIP16351,USER9481,Bangkok,31-05-2024,05-02-2025,Cultural,Bus,1,1991.9,10
TRIP16352,USER9252,Tokyo,05-08-2024,06-02-2025,Business,Cruise,3,4838.19,7
TRIP16353,USER9081,Dubai,01-05-2024,23-09-2024,Business,Bus,5,2174.14,3
TRIP16354,USER2007,Istanbul,20-01-2025,03-03-2025,Beach,Cruise,3,1535.21,4
TRIP16355,USER3081,Bangkok,30-07-2024,05-01-2025,Adventure,Cruise,2,3543.55,4
TRIP16356,USER8611,New York,28-03-2024,27-09-2024,Business,Train,2,3503.72,5
TRIP16357,USER4516,Sydney,24-10-2024,24-10-2024,Beach,Flight,4,1830.02,4
TRIP16358,USER5461,Istanbul,08-04-2024,01-06-2024,Beach,Cruise,5,3899.53,3
TRIP16359,USER9401,New York,23-06-2024,07-03-2025,Leisure,Car,3,2454.87,8
TRIP16360,USER3060,Bangkok,25-01-2025,20-03-2025,Beach,Flight,4,4237.65,4
TRIP16361,USER9764,Rome,30-03-2024,08-12-2024,Family,Bus,1,4476.66,3
TRIP16362,USER2614,Barcelona,07-04-2024,16-01-2025,Family,Train,3,952.32,3
TRIP16363,USER8129,Tokyo,21-02-2025,23-02-2025,Beach,Flight,3,1164.95,5
TRIP16364,USER2602,Sydney,29-08-2024,01-10-2024,Adventure,Bus,3,3592.13,7
TRIP16365,USER8702,New York,07-08-2024,06-01-2025,Cultural,Cruise,3,4979.92,5
TRIP16366,USER5685,Dubai,14-10-2024,02-11-2024,Business,Train,1,3756.59,8
TRIP16367,USER9222,New York,08-03-2025,03-04-2025,Cultural,Train,4,1130.49,4
TRIP16368,USER2173,London,07-10-2024,30-11-2024,Beach,Train,2,777.9,2
TRIP16369,USER4469,London,14-12-2024,08-01-2025,Family,Cruise,5,1324,2
TRIP16370,USER2866,Tokyo,24-12-2024,02-03-2025,Family,Car,2,1650.23,10
TRIP16371,USER8862,Paris,21-07-2024,19-11-2024,Leisure,Flight,2,4425.95,8
TRIP16372,USER7253,Dubai,27-11-2024,12-12-2024,Beach,Car,5,4837.18,9
TRIP16373,USER6668,London,29-12-2024,21-03-2025,Beach,Bus,4,1117.25,6
TRIP16374,USER2844,Rome,11-10-2024,09-03-2025,Business,Car,4,3364.28,1
TRIP16375,USER8600,New York,20-03-2024,09-01-2025,Family,Car,4,4133.69,10
TRIP16376,USER3537,Sydney,20-02-2025,21-02-2025,Cultural,Flight,5,2350.78,2
TRIP16377,USER4961,Sydney,07-06-2024,22-01-2025,Leisure,Flight,1,4857.09,10
TRIP16378,USER5292,Istanbul,21-05-2024,17-06-2024,Cultural,Train,2,1029.98,10
TRIP16379,USER1582,Bangkok,24-10-2024,06-01-2025,Family,Bus,4,2251.31,9
TRIP16380,USER9396,Tokyo,11-08-2024,16-08-2024,Business,Cruise,1,3952.7,7
TRIP16381,USER1950,Tokyo,16-01-2025,27-01-2025,Adventure,Flight,3,4301.78,7
TRIP16382,USER8534,Sydney,29-06-2024,31-07-2024,Leisure,Cruise,1,1374.6,10
TRIP16383,USER7904,Paris,15-11-2024,26-01-2025,Business,Cruise,5,4262.06,2
TRIP16384,USER1860,Bangkok,27-07-2024,31-10-2024,Adventure,Train,3,1764.27,6
TRIP16385,USER6959,Dubai,21-09-2024,14-04-2025,Beach,Flight,5,4926.08,1
TRIP16386,USER3614,Rome,15-09-2024,28-12-2024,Cultural,Flight,4,4846.86,10
TRIP16387,USER4751,London,03-03-2025,03-04-2025,Leisure,Bus,3,1620.02,8
TRIP16388,USER2241,Sydney,28-01-2025,15-03-2025,Adventure,Bus,2,1957.26,6
TRIP16389,USER6412,Paris,08-04-2024,24-11-2024,Beach,Flight,3,3698.61,8
TRIP16390,USER3257,Bangkok,08-09-2024,05-12-2024,Beach,Flight,2,3694.76,1
TRIP16391,USER8666,Sydney,03-01-2025,22-03-2025,Cultural,Cruise,4,2710.15,8
TRIP16392,USER2653,London,12-08-2024,10-02-2025,Business,Bus,4,2117.59,2
TRIP16393,USER1649,Dubai,10-02-2025,31-03-2025,Family,Train,3,1635.75,5
TRIP16394,USER1066,Paris,15-11-2024,10-12-2024,Business,Train,5,1174.17,5
TRIP16395,USER9903,Bangkok,28-06-2024,02-07-2024,Adventure,Car,5,3251.46,8
TRIP16396,USER8888,Dubai,21-08-2024,15-02-2025,Family,Flight,4,3635.32,7
TRIP16397,USER2040,Sydney,11-08-2024,17-09-2024,Leisure,Car,5,2910.22,8
TRIP16399,USER1798,Bangkok,03-09-2024,10-11-2024,Business,Train,1,1429.21,2
TRIP16400,USER4940,Sydney,05-10-2024,03-02-2025,Business,Cruise,3,3088.02,1
TRIP16401,USER8626,Bangkok,23-06-2024,25-02-2025,Adventure,Cruise,2,2753.3,6
TRIP16402,USER3254,Barcelona,07-10-2024,25-12-2024,Beach,Flight,4,3936.47,7
TRIP16403,USER6245,London,29-10-2024,31-10-2024,Leisure,Cruise,5,2942.04,7
TRIP16404,USER4813,Bangkok,31-08-2024,14-12-2024,Adventure,Car,3,4634.6,10
TRIP16405,USER3209,Barcelona,19-04-2024,10-12-2024,Cultural,Train,4,2679.25,2
TRIP16406,USER8722,Paris,13-01-2025,04-04-2025,Adventure,Train,2,1451.36,2
TRIP16407,USER2777,Barcelona,29-05-2024,21-09-2024,Family,Car,5,1401.85,5
TRIP16408,USER5084,Bangkok,30-11-2024,08-12-2024,Adventure,Cruise,2,3296.66,6
TRIP16409,USER1984,Rome,29-10-2024,23-01-2025,Adventure,Bus,3,4520.48,7
TRIP16410,USER6192,Bangkok,19-02-2025,03-03-2025,Family,Car,2,4704.54,3
TRIP16411,USER1217,Bangkok,12-07-2024,29-07-2024,Leisure,Flight,1,3116.57,4
TRIP16412,USER8220,Tokyo,06-10-2024,24-10-2024,Family,Bus,5,4216.57,4
TRIP16413,USER2037,Barcelona,25-10-2024,17-01-2025,Leisure,Train,4,4266.99,3
TRIP16414,USER9435,Tokyo,28-10-2024,13-12-2024,Cultural,Cruise,5,739.86,7
TRIP16415,USER9215,Istanbul,21-07-2024,16-09-2024,Family,Cruise,1,4940.85,5
TRIP16416,USER6297,Paris,31-07-2024,15-11-2024,Business,Car,1,3960.38,3
TRIP16417,USER2805,Dubai,21-11-2024,18-02-2025,Leisure,Flight,2,2866.74,1
TRIP16418,USER1367,Tokyo,06-12-2024,22-02-2025,Cultural,Train,2,3940.87,8
TRIP16419,USER8153,Barcelona,11-09-2024,03-04-2025,Cultural,Flight,3,3031.05,8
TRIP16420,USER3865,Tokyo,21-10-2024,16-12-2024,Cultural,Cruise,5,3047.79,2
TRIP16421,USER1321,Istanbul,01-01-2025,20-02-2025,Family,Cruise,2,3408.61,8
TRIP16423,USER9108,New York,15-12-2024,25-02-2025,Cultural,Train,4,1246.6,9
TRIP16424,USER7381,New York,09-02-2025,19-03-2025,Business,Cruise,1,1625.23,7
TRIP16425,USER9471,Tokyo,02-08-2024,09-03-2025,Adventure,Car,2,1940.49,1
TRIP16426,USER8631,Istanbul,22-09-2024,14-02-2025,Adventure,Cruise,5,4365.28,7
TRIP16427,USER2730,Dubai,14-03-2025,30-03-2025,Beach,Car,3,3059.74,6
TRIP16428,USER6404,Tokyo,19-07-2024,21-12-2024,Beach,Car,2,2786.75,3
TRIP16429,USER7523,Tokyo,15-07-2024,28-01-2025,Beach,Bus,2,3850.54,7
TRIP16430,USER4104,New York,16-02-2025,28-02-2025,Cultural,Cruise,3,2713.58,9
TRIP16431,USER6327,Sydney,31-12-2024,23-03-2025,Cultural,Bus,4,1878.88,10
TRIP16432,USER9616,Dubai,11-04-2024,18-05-2024,Adventure,Cruise,2,4393.32,10
TRIP16433,USER2130,Tokyo,14-02-2025,08-04-2025,Adventure,Cruise,5,2636.98,6
TRIP16434,USER4690,Barcelona,21-10-2024,21-02-2025,Beach,Train,4,3219.39,7
TRIP16435,USER6531,Rome,27-08-2024,13-01-2025,Cultural,Train,1,1656.09,1
TRIP16436,USER2883,Paris,26-10-2024,27-11-2024,Adventure,Car,2,3213.45,9
TRIP16437,USER1898,Paris,01-10-2024,08-11-2024,Cultural,Bus,3,1688.46,1
TRIP16438,USER5135,Bangkok,27-12-2024,18-03-2025,Beach,Bus,2,2166.91,7
TRIP16439,USER4388,Barcelona,18-07-2024,26-11-2024,Adventure,Car,2,3618.49,5
TRIP16440,USER7348,Bangkok,22-11-2024,01-12-2024,Business,Bus,3,4182.9,6
TRIP16441,USER5220,Rome,30-06-2024,19-11-2024,Leisure,Train,1,4155.8,6
TRIP16443,USER3500,Barcelona,04-08-2024,13-04-2025,Cultural,Flight,5,3696.02,4
TRIP16444,USER3793,Istanbul,15-06-2024,14-02-2025,Adventure,Bus,2,3693.1,2
TRIP16445,USER7853,Sydney,31-05-2024,16-03-2025,Leisure,Train,2,1846.26,8
TRIP16446,USER7464,Dubai,24-10-2024,13-11-2024,Adventure,Train,2,4739.09,8
TRIP16447,USER1171,Rome,22-07-2024,15-12-2024,Family,Cruise,1,1478.11,6
TRIP16448,USER3929,New York,10-12-2024,02-03-2025,Business,Flight,1,1832.87,4
TRIP16449,USER1674,Barcelona,26-10-2024,31-03-2025,Leisure,Bus,1,4742.25,1
TRIP16450,USER5542,Istanbul,02-08-2024,03-03-2025,Beach,Train,1,680.32,2
TRIP16451,USER5823,Tokyo,05-05-2024,20-12-2024,Adventure,Train,5,3932.8,2
TRIP16452,USER3257,Tokyo,29-09-2024,24-12-2024,Beach,Flight,5,747.86,3
TRIP16453,USER9126,Paris,12-04-2024,02-01-2025,Leisure,Bus,5,1855.24,7
TRIP16454,USER8733,Barcelona,13-04-2024,17-03-2025,Business,Bus,5,3607.52,10
TRIP16455,USER1525,New York,22-06-2024,20-03-2025,Business,Cruise,4,1757.21,6
TRIP16456,USER8103,Rome,22-08-2024,13-12-2024,Leisure,Bus,2,947.7,1
TRIP16457,USER4602,New York,12-05-2024,24-11-2024,Family,Flight,1,1567.57,5
TRIP16458,USER8282,New York,11-04-2024,12-02-2025,Adventure,Flight,2,2086.83,9
TRIP16459,USER9375,Tokyo,18-03-2024,26-11-2024,Beach,Flight,3,3464.61,6
TRIP16460,USER3795,Tokyo,16-10-2024,02-04-2025,Family,Cruise,1,3352.25,2
TRIP16461,USER4382,Dubai,21-03-2024,26-06-2024,Leisure,Flight,5,3838.43,1
TRIP16462,USER2123,London,27-05-2024,24-08-2024,Cultural,Train,2,1736.61,3
TRIP16463,USER1682,Tokyo,31-05-2024,20-09-2024,Family,Cruise,3,2077.1,5
TRIP16464,USER4645,Sydney,10-11-2024,26-11-2024,Business,Flight,5,1522.78,3
TRIP16465,USER2955,Tokyo,13-12-2024,06-04-2025,Family,Cruise,5,4422.05,2
TRIP16466,USER1174,Dubai,25-03-2024,23-04-2024,Cultural,Cruise,2,3744.3,2
TRIP16467,USER8001,Sydney,01-05-2024,08-07-2024,Adventure,Bus,2,3154.8,1
TRIP16468,USER3960,Dubai,21-06-2024,29-03-2025,Cultural,Cruise,2,3061.91,6
TRIP16469,USER6871,Tokyo,03-03-2025,06-04-2025,Business,Car,2,1231.53,10
TRIP16470,USER8925,Dubai,04-08-2024,28-12-2024,Beach,Train,5,3672.26,2
TRIP16471,USER1993,Rome,10-06-2024,18-09-2024,Adventure,Flight,1,2627.58,2
TRIP16472,USER4229,Sydney,24-06-2024,26-08-2024,Cultural,Train,5,4099.69,3
TRIP16473,USER8650,Bangkok,27-09-2024,10-04-2025,Beach,Car,1,1685.4,3
TRIP16474,USER7539,Tokyo,05-03-2025,18-03-2025,Beach,Cruise,4,3942.76,5
TRIP16475,USER5214,Bangkok,29-01-2025,13-03-2025,Business,Car,3,2828.86,5
TRIP16476,USER8145,Istanbul,22-01-2025,05-02-2025,Leisure,Train,5,609.65,2
TRIP16478,USER1312,Istanbul,13-12-2024,14-01-2025,Cultural,Car,3,3078.46,8
TRIP16479,USER1070,London,06-10-2024,12-02-2025,Cultural,Flight,5,2730.9,9
TRIP16480,USER5693,Paris,24-05-2024,08-10-2024,Family,Flight,3,1935.07,4
TRIP16481,USER7926,Rome,18-08-2024,02-04-2025,Family,Flight,3,3532.78,6
TRIP16482,USER2640,Tokyo,28-05-2024,11-11-2024,Leisure,Cruise,5,571.18,9
TRIP16483,USER2839,Sydney,07-02-2025,18-03-2025,Leisure,Flight,2,3752.4,10
TRIP16484,USER4548,Rome,26-07-2024,10-01-2025,Family,Cruise,3,783.36,7
TRIP16485,USER5597,Barcelona,11-10-2024,28-01-2025,Adventure,Bus,5,672.43,4
TRIP16486,USER6274,Sydney,05-01-2025,20-01-2025,Adventure,Bus,4,4576.75,1
TRIP16487,USER4699,Barcelona,09-02-2025,22-02-2025,Adventure,Car,2,4293.3,10
TRIP16489,USER9330,Barcelona,21-11-2024,23-11-2024,Family,Bus,4,2378.96,3
TRIP16490,USER7980,New York,30-10-2024,27-12-2024,Cultural,Flight,4,1293.22,2
TRIP16491,USER2705,Tokyo,04-12-2024,06-01-2025,Leisure,Train,5,3123.37,10
TRIP16492,USER2044,Rome,05-05-2024,26-07-2024,Cultural,Car,3,2717.33,2
TRIP16493,USER1023,Bangkok,05-02-2025,27-02-2025,Adventure,Cruise,4,748.54,5
TRIP16494,USER6411,Tokyo,19-04-2024,21-04-2024,Leisure,Car,2,2123.33,5
TRIP16495,USER8477,Dubai,22-04-2024,15-03-2025,Adventure,Train,3,4201.82,7
TRIP16496,USER7078,Barcelona,21-08-2024,07-12-2024,Cultural,Bus,4,575.61,6
TRIP16497,USER2919,Sydney,12-10-2024,14-10-2024,Family,Train,4,4795.37,10
TRIP16498,USER1574,Istanbul,24-10-2024,26-12-2024,Cultural,Bus,3,3097.91,1
TRIP16499,USER4049,Paris,08-11-2024,14-03-2025,Cultural,Bus,2,1539.12,6
TRIP16500,USER6523,Sydney,16-01-2025,12-03-2025,Adventure,Bus,2,3003.84,7
TRIP16501,USER1263,Paris,03-01-2025,17-02-2025,Adventure,Cruise,3,2821.72,5
TRIP16502,USER2933,Sydney,23-04-2024,18-08-2024,Adventure,Cruise,5,1784.57,9
TRIP16503,USER6231,Bangkok,01-12-2024,31-01-2025,Business,Cruise,1,1352.23,1
TRIP16504,USER2207,Dubai,25-02-2025,09-04-2025,Adventure,Bus,1,692.3,4
TRIP16505,USER9180,Paris,26-03-2024,09-12-2024,Leisure,Bus,3,4838.81,2
TRIP16506,USER6678,Barcelona,15-05-2024,19-12-2024,Leisure,Bus,2,4534.55,5
TRIP16507,USER5274,Paris,14-11-2024,06-02-2025,Adventure,Cruise,1,2800.27,4
TRIP16508,USER4748,Sydney,11-04-2024,15-06-2024,Leisure,Train,4,3041.77,6
TRIP16509,USER7947,New York,07-06-2024,14-11-2024,Family,Bus,1,4432.9,10
TRIP16510,USER8388,Tokyo,22-12-2024,14-02-2025,Business,Bus,2,1744.62,9
TRIP16511,USER4305,London,08-07-2024,17-01-2025,Business,Cruise,5,1458.82,8
TRIP16512,USER8526,Istanbul,22-05-2024,16-11-2024,Cultural,Bus,5,3725.02,9
TRIP16513,USER4760,Rome,27-08-2024,11-03-2025,Leisure,Flight,5,1151.22,8
TRIP16514,USER6406,New York,15-04-2024,22-08-2024,Family,Flight,3,1655.25,2
TRIP16515,USER5888,Paris,15-12-2024,18-02-2025,Adventure,Bus,2,967.04,8
TRIP16516,USER1478,Rome,18-03-2024,20-09-2024,Business,Cruise,4,1702.63,6
TRIP16517,USER6518,New York,13-02-2025,23-02-2025,Cultural,Bus,3,2398.11,4
TRIP16518,USER1515,Barcelona,19-09-2024,23-10-2024,Beach,Bus,1,3028.36,6
TRIP16519,USER2020,Sydney,12-01-2025,17-02-2025,Adventure,Train,1,4590.67,9
TRIP16520,USER4855,Paris,24-11-2024,26-01-2025,Business,Cruise,2,2328.02,9
TRIP16521,USER4668,Bangkok,25-11-2024,31-01-2025,Beach,Cruise,4,3262.86,9
TRIP16522,USER7341,New York,22-01-2025,25-01-2025,Leisure,Car,1,4582.88,6
TRIP16523,USER4265,Sydney,28-02-2025,26-03-2025,Leisure,Car,3,2964.72,3
TRIP16524,USER9808,London,31-05-2024,22-02-2025,Adventure,Car,2,2477.6,10
TRIP16525,USER6191,Paris,03-08-2024,30-11-2024,Leisure,Cruise,2,502.72,10
TRIP16526,USER5058,Dubai,14-07-2024,04-02-2025,Adventure,Bus,5,1263.61,1
TRIP16527,USER1135,Sydney,26-03-2024,02-06-2024,Business,Train,4,3645.74,8
TRIP16528,USER3895,Dubai,05-09-2024,09-09-2024,Leisure,Train,4,1643.71,6
TRIP16529,USER8334,New York,25-09-2024,13-01-2025,Cultural,Bus,1,4234.46,5
TRIP16530,USER4651,Bangkok,14-10-2024,16-12-2024,Leisure,Train,4,4108.34,10
TRIP16531,USER2963,Tokyo,29-09-2024,17-12-2024,Family,Cruise,2,1875.66,7
TRIP16532,USER1648,Paris,16-04-2024,12-06-2024,Business,Train,2,4667.72,9
TRIP16533,USER9745,Dubai,14-01-2025,01-04-2025,Beach,Car,2,1617.63,8
TRIP16534,USER3749,Istanbul,13-10-2024,21-02-2025,Adventure,Flight,1,1257.79,8
TRIP16535,USER6304,London,17-06-2024,24-06-2024,Beach,Flight,3,1821.72,9
TRIP16536,USER5424,Rome,02-04-2024,08-05-2024,Beach,Bus,2,3780.06,10
TRIP16537,USER5996,London,18-03-2024,10-02-2025,Beach,Car,5,4214.77,9
TRIP16538,USER6303,New York,02-07-2024,23-02-2025,Beach,Train,4,4923.84,7
TRIP16539,USER5753,London,11-05-2024,27-03-2025,Business,Train,2,3624.33,6
TRIP16540,USER5973,Tokyo,27-09-2024,15-03-2025,Business,Cruise,1,2011.27,3
TRIP16541,USER5035,New York,15-06-2024,31-12-2024,Family,Flight,5,568.09,1
TRIP16542,USER1849,New York,17-05-2024,08-04-2025,Cultural,Bus,5,4383.66,2
TRIP16543,USER1083,New York,13-06-2024,15-03-2025,Business,Train,4,4724.47,1
TRIP16544,USER6202,Sydney,04-01-2025,10-01-2025,Business,Car,1,2591.89,10
TRIP16545,USER7650,Barcelona,05-10-2024,21-12-2024,Family,Car,3,2280.18,8
TRIP16546,USER7673,Dubai,02-02-2025,15-04-2025,Adventure,Train,5,2802.36,5
TRIP16547,USER8258,Barcelona,06-03-2025,30-03-2025,Leisure,Car,3,1223.02,8
TRIP16548,USER9515,London,19-12-2024,21-02-2025,Cultural,Flight,3,2712.44,4
TRIP16549,USER3839,Sydney,20-07-2024,19-12-2024,Business,Cruise,2,3663.46,5
TRIP16550,USER9717,Tokyo,23-08-2024,13-03-2025,Family,Car,1,1939.41,2
TRIP16551,USER3182,New York,01-06-2024,08-12-2024,Family,Flight,5,1695.23,1
TRIP16552,USER4693,Bangkok,29-11-2024,09-12-2024,Leisure,Bus,4,1961.63,7
TRIP16553,USER2075,New York,28-12-2024,12-03-2025,Beach,Cruise,3,4301.16,6
TRIP16554,USER2182,New York,23-06-2024,29-09-2024,Business,Bus,3,1534.99,8
TRIP16555,USER1378,London,15-04-2024,22-06-2024,Adventure,Car,3,3755.87,9
TRIP16556,USER4566,Istanbul,26-09-2024,21-11-2024,Business,Bus,4,1026.63,2
TRIP16557,USER8002,London,15-11-2024,09-02-2025,Business,Car,5,927.66,4
TRIP16558,USER4772,Barcelona,31-01-2025,03-04-2025,Leisure,Car,2,2821.01,2
TRIP16559,USER1879,Istanbul,21-04-2024,15-06-2024,Leisure,Bus,4,1936.47,8
TRIP16560,USER6820,London,23-02-2025,30-03-2025,Business,Flight,5,4977.6,2
TRIP16561,USER4975,Istanbul,12-10-2024,11-02-2025,Business,Flight,1,1725.52,9
TRIP16562,USER1120,Paris,08-09-2024,10-02-2025,Business,Bus,3,839.88,2
TRIP16563,USER3714,London,09-04-2024,13-04-2025,Leisure,Cruise,4,1316.3,9
TRIP16564,USER1243,Tokyo,19-07-2024,10-11-2024,Beach,Bus,1,712.3,7
TRIP16565,USER5859,Dubai,18-11-2024,23-03-2025,Cultural,Car,5,2456.12,7
TRIP16566,USER5161,Paris,17-10-2024,14-01-2025,Beach,Car,2,4381.42,9
TRIP16567,USER8804,Sydney,26-12-2024,05-03-2025,Cultural,Car,4,4111.56,5
TRIP16568,USER9308,London,25-05-2024,17-10-2024,Beach,Cruise,4,1933.81,1
TRIP16569,USER3616,Bangkok,14-02-2025,11-04-2025,Adventure,Train,5,3034.48,9
TRIP16570,USER1513,Paris,18-01-2025,25-02-2025,Leisure,Cruise,3,751.29,4
TRIP16571,USER3867,Tokyo,12-11-2024,14-12-2024,Business,Train,3,736,2
TRIP16572,USER2223,Sydney,25-06-2024,09-08-2024,Beach,Car,2,1450.5,4
TRIP16573,USER9299,Paris,30-08-2024,23-02-2025,Leisure,Train,5,4776.32,8
TRIP16574,USER4454,New York,09-06-2024,25-06-2024,Family,Car,1,4223.28,1
TRIP16575,USER3171,Rome,06-06-2024,25-11-2024,Family,Bus,5,2381.54,10
TRIP16576,USER9100,Dubai,01-06-2024,01-06-2024,Family,Train,5,3255.5,3
TRIP16577,USER4196,New York,27-12-2024,13-02-2025,Cultural,Flight,5,1172.16,10
TRIP16578,USER1209,Dubai,24-12-2024,25-03-2025,Cultural,Bus,4,4198.49,3
TRIP16579,USER4892,London,20-05-2024,28-09-2024,Leisure,Flight,2,1902.15,4
TRIP16580,USER8259,Rome,10-10-2024,12-01-2025,Leisure,Car,4,2904.93,5
TRIP16581,USER8261,Barcelona,15-07-2024,13-08-2024,Cultural,Car,4,2712.19,8
TRIP16582,USER7511,Bangkok,17-04-2024,21-06-2024,Family,Flight,3,4135.23,8
TRIP16583,USER9837,Istanbul,11-12-2024,22-03-2025,Leisure,Train,5,3476.88,7
TRIP16584,USER1162,New York,10-08-2024,05-02-2025,Beach,Bus,1,4767.3,7
TRIP16585,USER7214,Rome,10-01-2025,14-02-2025,Cultural,Train,3,1544.94,6
TRIP16586,USER5728,New York,01-02-2025,15-04-2025,Adventure,Cruise,3,3469.91,4
TRIP16587,USER5419,Bangkok,25-03-2024,11-08-2024,Family,Train,5,2715.5,7
TRIP16588,USER1901,Barcelona,23-01-2025,11-02-2025,Leisure,Bus,2,634.02,7
TRIP16589,USER7444,Bangkok,10-02-2025,01-03-2025,Business,Flight,3,2085.22,7
TRIP16590,USER5593,London,23-10-2024,14-11-2024,Beach,Cruise,3,1120.55,1
TRIP16591,USER4985,Paris,24-05-2024,20-08-2024,Adventure,Cruise,4,4954.28,5
TRIP16592,USER4041,Bangkok,03-09-2024,12-10-2024,Business,Bus,3,4293.31,6
TRIP16593,USER2417,Bangkok,11-07-2024,30-10-2024,Family,Train,1,4039.71,3
TRIP16594,USER7536,Bangkok,03-05-2024,21-01-2025,Leisure,Car,1,4288.74,8
TRIP16595,USER1549,Barcelona,10-09-2024,13-04-2025,Adventure,Cruise,4,3029.39,2
TRIP16596,USER7677,Rome,11-11-2024,29-03-2025,Adventure,Flight,2,576.86,3
TRIP16597,USER3941,Bangkok,22-08-2024,24-03-2025,Business,Car,1,2781.47,7
TRIP16598,USER3143,Tokyo,05-09-2024,23-03-2025,Cultural,Train,4,3089.31,5
TRIP16599,USER3078,London,02-01-2025,29-03-2025,Business,Cruise,1,1173.68,9
TRIP16600,USER1104,Sydney,09-02-2025,12-03-2025,Family,Cruise,1,3672.57,2
TRIP16601,USER4414,Istanbul,27-01-2025,04-03-2025,Family,Bus,3,1241.68,6
TRIP16602,USER7753,New York,26-09-2024,07-02-2025,Leisure,Cruise,1,2393.77,5
TRIP16603,USER2412,Istanbul,05-10-2024,01-01-2025,Family,Bus,4,2309.91,4
TRIP16604,USER8114,Bangkok,08-08-2024,01-12-2024,Cultural,Bus,2,3377.14,9
TRIP16605,USER9187,Tokyo,03-06-2024,26-09-2024,Beach,Bus,4,2348.34,8
TRIP16606,USER5705,Bangkok,29-12-2024,12-04-2025,Family,Car,1,2828.17,4
TRIP16607,USER5421,Tokyo,04-10-2024,08-10-2024,Leisure,Flight,1,999.12,9
TRIP16608,USER6049,New York,14-07-2024,18-01-2025,Business,Car,4,1949.28,5
TRIP16609,USER7491,Bangkok,15-08-2024,28-02-2025,Family,Cruise,1,2346.73,5
TRIP16610,USER9067,Paris,11-12-2024,26-02-2025,Business,Bus,5,2741.58,5
TRIP16611,USER7385,Istanbul,11-12-2024,02-04-2025,Leisure,Bus,5,2286.55,9
TRIP16612,USER8758,Sydney,02-08-2024,15-04-2025,Cultural,Cruise,1,3874.35,8
TRIP16613,USER1718,Sydney,27-09-2024,01-10-2024,Leisure,Flight,4,2709.86,3
TRIP16614,USER4164,Rome,18-05-2024,23-09-2024,Cultural,Car,1,4684.33,5
TRIP16615,USER6962,Bangkok,10-05-2024,04-12-2024,Beach,Train,3,3896.85,4
TRIP16617,USER5459,Paris,02-01-2025,02-02-2025,Leisure,Train,3,4112.74,4
TRIP16618,USER9995,Rome,24-06-2024,26-07-2024,Beach,Car,3,3709.94,5
TRIP16619,USER6430,Dubai,12-03-2025,25-03-2025,Leisure,Cruise,2,3927.34,5
TRIP16620,USER1597,Istanbul,03-12-2024,01-02-2025,Cultural,Flight,2,870.49,4
TRIP16621,USER1802,Barcelona,07-09-2024,04-01-2025,Business,Bus,5,4936.33,9
TRIP16622,USER6639,Istanbul,10-11-2024,13-01-2025,Beach,Car,3,3323.23,7
TRIP16623,USER3685,Tokyo,03-07-2024,27-08-2024,Cultural,Cruise,3,2061.89,2
TRIP16624,USER9195,Istanbul,15-07-2024,01-04-2025,Business,Bus,2,3302.14,6
TRIP16625,USER4375,Paris,04-01-2025,25-02-2025,Beach,Bus,5,2691.35,9
TRIP16626,USER2144,Tokyo,31-07-2024,30-11-2024,Leisure,Bus,2,3640.28,3
TRIP16627,USER9998,Dubai,10-12-2024,27-12-2024,Family,Flight,1,4536.56,6
TRIP16628,USER7822,Rome,08-11-2024,18-12-2024,Leisure,Train,2,1579.83,6
TRIP16629,USER8093,Bangkok,04-11-2024,04-11-2024,Family,Car,3,1731.59,8
TRIP16630,USER4434,Sydney,25-11-2024,09-12-2024,Adventure,Train,3,4625.86,2
TRIP16631,USER4641,London,15-08-2024,10-11-2024,Business,Cruise,1,2141.61,10
TRIP16632,USER2076,Paris,19-05-2024,12-06-2024,Family,Bus,4,3912.23,10
TRIP16633,USER8341,Paris,19-02-2025,28-03-2025,Beach,Flight,3,1912.1,2
TRIP16634,USER8362,Bangkok,26-02-2025,05-03-2025,Leisure,Cruise,5,4870.31,2
TRIP16635,USER7188,Dubai,04-07-2024,30-08-2024,Cultural,Car,4,3651.22,5
TRIP16636,USER1256,Istanbul,30-12-2024,03-04-2025,Leisure,Bus,3,4459.24,1
TRIP16637,USER7907,Sydney,19-03-2024,19-11-2024,Business,Bus,5,2186.32,4
TRIP16638,USER6090,Dubai,12-12-2024,04-02-2025,Family,Cruise,2,2870.96,10
TRIP16639,USER6825,Dubai,01-07-2024,23-01-2025,Adventure,Car,3,3600.37,4
TRIP16640,USER7882,Paris,16-12-2024,30-03-2025,Leisure,Cruise,3,2681.06,2
TRIP16641,USER5176,Dubai,27-05-2024,23-06-2024,Family,Car,1,1519.29,7
TRIP16642,USER7070,Tokyo,19-02-2025,15-03-2025,Adventure,Car,1,3213.95,5
TRIP16643,USER7476,Istanbul,31-12-2024,07-02-2025,Cultural,Cruise,4,1776.63,3
TRIP16644,USER3617,New York,29-09-2024,07-11-2024,Business,Flight,5,4407.21,4
TRIP16645,USER9641,Paris,26-07-2024,08-11-2024,Cultural,Train,2,2453.74,4
TRIP16646,USER1403,Tokyo,25-10-2024,31-03-2025,Adventure,Cruise,2,4672.2,10
TRIP16647,USER7051,London,18-09-2024,15-12-2024,Adventure,Train,1,2638.61,3
TRIP16648,USER6579,Bangkok,29-08-2024,06-02-2025,Family,Bus,2,3338.97,9
TRIP16649,USER5470,Bangkok,25-04-2024,02-07-2024,Beach,Flight,5,1690.2,3
TRIP16650,USER2168,Bangkok,14-03-2025,28-03-2025,Beach,Car,3,3246.34,4
TRIP16651,USER6588,London,07-12-2024,27-02-2025,Leisure,Flight,3,2357.85,6
TRIP16652,USER8402,London,27-03-2024,10-04-2025,Adventure,Cruise,2,4205.42,8
TRIP16653,USER1107,Rome,18-09-2024,10-12-2024,Adventure,Bus,3,1031.71,3
TRIP16654,USER5540,Paris,03-05-2024,24-12-2024,Leisure,Flight,2,1553.45,5
TRIP16655,USER5633,Sydney,24-10-2024,12-02-2025,Beach,Car,3,4540.01,1
TRIP16656,USER4680,Bangkok,18-08-2024,27-11-2024,Beach,Bus,2,1809.43,8
TRIP16657,USER4378,Paris,19-04-2024,07-11-2024,Leisure,Flight,4,1913.8,5
TRIP16658,USER2385,London,24-04-2024,16-07-2024,Business,Bus,2,1959.88,2
TRIP16659,USER6309,Sydney,17-04-2024,12-11-2024,Business,Car,4,1385.35,3
TRIP16660,USER1507,London,30-05-2024,14-08-2024,Adventure,Bus,1,2112.27,8
TRIP16661,USER2180,Barcelona,05-03-2025,25-03-2025,Leisure,Flight,5,3594.61,6
TRIP16662,USER2127,Dubai,01-08-2024,20-11-2024,Family,Cruise,2,1054.12,9
TRIP16663,USER6277,Bangkok,29-03-2024,25-10-2024,Business,Flight,4,1482.72,8
TRIP16664,USER5997,Istanbul,17-12-2024,03-04-2025,Beach,Flight,5,4034.45,4
TRIP16665,USER5751,Barcelona,19-08-2024,02-02-2025,Adventure,Bus,2,2244.05,10
TRIP16666,USER8266,Rome,05-06-2024,27-01-2025,Beach,Train,2,2790.64,5
TRIP16667,USER3419,Sydney,15-03-2025,10-04-2025,Family,Car,5,2455.66,7
TRIP16668,USER6344,Rome,08-04-2024,16-01-2025,Family,Bus,3,4960.16,6
TRIP16669,USER4541,London,18-01-2025,19-03-2025,Adventure,Bus,3,3844.53,7
TRIP16670,USER9986,Sydney,14-07-2024,21-12-2024,Beach,Car,2,1112.56,4
TRIP16671,USER4612,Paris,25-06-2024,30-09-2024,Adventure,Train,2,4513.8,9
TRIP16672,USER9364,Istanbul,08-02-2025,27-02-2025,Beach,Cruise,2,3495.34,1
TRIP16673,USER1651,Barcelona,07-08-2024,24-10-2024,Leisure,Cruise,1,1232.26,8
TRIP16674,USER5795,Dubai,17-03-2024,03-02-2025,Adventure,Bus,4,2232.1,2
TRIP16675,USER8548,Paris,29-01-2025,01-02-2025,Adventure,Bus,5,877.96,6
TRIP16677,USER1000,Dubai,30-04-2024,24-08-2024,Family,Car,1,4973.28,5
TRIP16678,USER4740,New York,14-08-2024,05-01-2025,Adventure,Car,2,1457.37,2
TRIP16679,USER7799,Bangkok,31-07-2024,10-02-2025,Leisure,Flight,5,2795.1,9
TRIP16680,USER6317,Tokyo,22-06-2024,09-02-2025,Cultural,Cruise,4,1653.51,3
TRIP16681,USER9010,Barcelona,03-10-2024,03-02-2025,Adventure,Cruise,3,4707.11,6
TRIP16682,USER3472,Tokyo,30-12-2024,11-01-2025,Business,Train,4,3327.04,5
TRIP16683,USER9743,Tokyo,22-02-2025,08-04-2025,Beach,Car,1,977.16,8
TRIP16684,USER2564,Sydney,14-05-2024,28-12-2024,Leisure,Car,1,4989.12,6
TRIP16685,USER7342,Tokyo,20-03-2024,06-01-2025,Beach,Car,5,743.7,2
TRIP16686,USER6463,London,23-01-2025,15-02-2025,Business,Cruise,5,1278.09,6
TRIP16687,USER2857,Rome,23-03-2024,31-03-2024,Cultural,Flight,3,4353.3,8
TRIP16688,USER5345,London,24-08-2024,14-02-2025,Family,Flight,5,3806.51,3
TRIP16689,USER9154,Bangkok,20-03-2024,18-07-2024,Leisure,Cruise,1,3394.25,4
TRIP16690,USER6690,Rome,01-09-2024,19-02-2025,Leisure,Bus,1,1712.17,6
TRIP16691,USER3947,Bangkok,10-09-2024,20-12-2024,Leisure,Flight,3,1620.08,10
TRIP16692,USER8150,Tokyo,26-09-2024,18-11-2024,Leisure,Bus,5,4136.69,6
TRIP16693,USER3631,Istanbul,19-03-2024,12-09-2024,Adventure,Car,4,719.36,1
TRIP16694,USER9763,Dubai,20-07-2024,14-03-2025,Family,Train,5,4870.9,8
TRIP16695,USER7392,Istanbul,09-12-2024,13-12-2024,Family,Cruise,3,4090.14,3
TRIP16696,USER7738,Barcelona,03-06-2024,20-06-2024,Beach,Car,3,2518.83,9
TRIP16697,USER5033,Bangkok,05-09-2024,15-09-2024,Family,Flight,2,3248.16,8
TRIP16698,USER6769,Istanbul,21-06-2024,11-12-2024,Cultural,Train,2,2477.2,3
TRIP16699,USER9759,Dubai,18-05-2024,11-11-2024,Adventure,Car,2,3614.48,1
TRIP16700,USER6059,Bangkok,07-08-2024,18-08-2024,Leisure,Train,3,3576.31,8
TRIP16701,USER1572,Tokyo,29-03-2024,23-11-2024,Family,Flight,4,3907.64,5
TRIP16702,USER3655,Barcelona,19-01-2025,29-03-2025,Cultural,Flight,4,1168.77,4
TRIP16703,USER1215,New York,17-07-2024,27-08-2024,Leisure,Car,3,4870.51,6
TRIP16704,USER7764,Rome,10-04-2024,10-03-2025,Family,Train,5,3042.08,9
TRIP16705,USER4071,Dubai,10-11-2024,23-02-2025,Leisure,Car,5,4992.34,6
TRIP16706,USER6268,Paris,04-06-2024,01-01-2025,Cultural,Train,3,1062.94,3
TRIP16707,USER7228,London,10-12-2024,26-02-2025,Business,Cruise,2,1780.34,10
TRIP16708,USER5183,New York,25-12-2024,05-01-2025,Business,Cruise,1,3658.93,10
TRIP16709,USER4435,Sydney,21-01-2025,27-02-2025,Cultural,Flight,2,1935.83,1
TRIP16710,USER8952,Bangkok,15-01-2025,16-01-2025,Adventure,Bus,2,4994.64,8
TRIP16711,USER5243,Rome,02-03-2025,30-03-2025,Cultural,Train,5,3771.72,2
TRIP16712,USER4953,Rome,17-08-2024,16-10-2024,Beach,Bus,1,757.6,10
TRIP16713,USER8428,Paris,15-10-2024,05-02-2025,Family,Cruise,2,1840.23,5
TRIP16714,USER1049,Istanbul,10-09-2024,07-04-2025,Business,Cruise,3,3235.71,4
TRIP16715,USER3481,Rome,13-11-2024,22-01-2025,Adventure,Train,3,2220.47,1
TRIP16716,USER7250,Dubai,12-03-2025,06-04-2025,Family,Flight,3,1081.88,6
TRIP16717,USER7200,Bangkok,17-04-2024,20-03-2025,Family,Car,1,2800.8,5
TRIP16718,USER6516,Paris,27-03-2024,22-09-2024,Leisure,Car,1,2755.91,6
TRIP16719,USER2639,Barcelona,17-05-2024,02-08-2024,Beach,Bus,1,2041.39,5
TRIP16720,USER7616,Dubai,28-08-2024,12-03-2025,Business,Flight,4,4706,4
TRIP16721,USER4870,Barcelona,10-02-2025,14-03-2025,Adventure,Bus,2,3237.81,9
TRIP16722,USER2021,Sydney,02-04-2024,31-03-2025,Business,Train,3,1500.12,7
TRIP16723,USER8757,New York,28-01-2025,17-02-2025,Adventure,Train,5,2881.77,5
TRIP16724,USER1278,Rome,04-06-2024,24-02-2025,Adventure,Flight,5,1176.29,3
TRIP16725,USER3829,Sydney,27-08-2024,19-09-2024,Cultural,Cruise,3,773.99,5
TRIP16726,USER6897,London,18-09-2024,04-03-2025,Beach,Flight,5,1302.91,4
TRIP16727,USER9431,Paris,28-07-2024,12-09-2024,Business,Bus,1,2291.3,10
TRIP16728,USER8295,Barcelona,07-04-2024,18-09-2024,Family,Car,5,4829.97,3
TRIP16729,USER3201,Dubai,06-02-2025,13-02-2025,Leisure,Bus,2,4891.62,5
TRIP16730,USER7594,Dubai,24-01-2025,05-03-2025,Leisure,Cruise,4,2581.09,7
TRIP16731,USER8006,Dubai,21-09-2024,15-03-2025,Cultural,Cruise,2,2117.64,2
TRIP16732,USER8678,Dubai,15-05-2024,21-09-2024,Adventure,Cruise,3,1239.16,3
TRIP16733,USER6049,Bangkok,10-11-2024,26-03-2025,Cultural,Train,4,4324.71,6
TRIP16734,USER3388,Paris,04-08-2024,20-12-2024,Adventure,Train,2,4959.13,6
TRIP16735,USER4603,Tokyo,20-09-2024,14-11-2024,Beach,Bus,5,1620.34,4
TRIP16736,USER8874,Rome,30-08-2024,17-12-2024,Family,Car,3,577.5,9
TRIP16737,USER5901,New York,25-12-2024,06-01-2025,Adventure,Bus,5,3500.2,5
TRIP16738,USER1550,Istanbul,13-01-2025,14-03-2025,Family,Car,5,675.23,9
TRIP16739,USER7893,Rome,26-12-2024,03-02-2025,Adventure,Bus,1,1356.71,2
TRIP16740,USER4293,Dubai,25-10-2024,14-01-2025,Adventure,Car,2,2915.63,7
TRIP16741,USER2813,Paris,10-09-2024,03-02-2025,Cultural,Bus,3,2256.95,2
TRIP16742,USER3304,Dubai,30-08-2024,30-11-2024,Beach,Cruise,2,2237.02,5
TRIP16743,USER3477,London,16-10-2024,11-11-2024,Business,Car,3,4893.13,2
TRIP16744,USER7188,Istanbul,02-07-2024,23-11-2024,Adventure,Car,2,3525.04,9
TRIP16745,USER3032,Sydney,14-05-2024,27-03-2025,Leisure,Bus,4,669.92,6
TRIP16746,USER4265,Istanbul,19-08-2024,17-02-2025,Business,Cruise,5,4706.95,6
TRIP16747,USER7234,Barcelona,15-07-2024,14-11-2024,Beach,Flight,1,2319.45,10
TRIP16748,USER5667,Paris,17-11-2024,17-12-2024,Cultural,Flight,4,4985.34,6
TRIP16749,USER7174,Sydney,04-11-2024,12-12-2024,Cultural,Cruise,1,2767.19,1
TRIP16750,USER7451,Paris,04-08-2024,27-01-2025,Cultural,Car,1,4236.36,8
TRIP16751,USER4273,Dubai,14-03-2025,12-04-2025,Family,Flight,3,2199.56,2
TRIP16752,USER8187,London,26-05-2024,21-10-2024,Business,Flight,4,2786.22,8
TRIP16753,USER8854,Istanbul,06-04-2024,03-06-2024,Cultural,Cruise,4,3047.02,9
TRIP16754,USER8345,Rome,25-09-2024,21-11-2024,Adventure,Train,4,547.11,6
TRIP16755,USER4343,Istanbul,01-09-2024,13-02-2025,Adventure,Flight,4,1828.86,2
TRIP16756,USER7530,Istanbul,03-07-2024,29-12-2024,Cultural,Train,2,3722.57,8
TRIP16757,USER5923,Barcelona,04-08-2024,26-03-2025,Adventure,Bus,2,959.98,10
TRIP16758,USER2241,Rome,08-02-2025,08-03-2025,Business,Flight,5,4066.22,3
TRIP16759,USER2156,Rome,12-02-2025,23-03-2025,Cultural,Flight,4,2850,4
TRIP16760,USER7859,Barcelona,18-12-2024,03-01-2025,Cultural,Bus,5,3724.35,10
TRIP16761,USER3184,London,23-11-2024,23-02-2025,Cultural,Cruise,4,1669.37,1
TRIP16762,USER9978,Sydney,13-11-2024,15-04-2025,Business,Cruise,2,4230.7,6
TRIP16763,USER2462,Istanbul,20-06-2024,26-03-2025,Cultural,Car,2,744.18,6
TRIP16764,USER1830,Rome,27-08-2024,22-12-2024,Adventure,Car,1,4404.61,4
TRIP16765,USER8805,Dubai,07-09-2024,16-11-2024,Beach,Cruise,1,706.48,8
TRIP16766,USER6479,London,17-05-2024,21-06-2024,Adventure,Train,3,1816.6,8
TRIP16767,USER4243,Barcelona,23-01-2025,07-02-2025,Business,Train,3,2721.05,9
TRIP16768,USER6391,Dubai,24-07-2024,31-10-2024,Cultural,Cruise,4,4456.59,3
TRIP16769,USER7833,Tokyo,15-10-2024,04-12-2024,Family,Bus,2,4135.98,4
TRIP16770,USER9839,Dubai,06-03-2025,08-03-2025,Beach,Car,2,720.41,5
TRIP16771,USER9216,Rome,12-08-2024,28-02-2025,Family,Bus,4,1248.35,10
TRIP16772,USER4643,New York,03-12-2024,11-03-2025,Cultural,Train,2,1456.46,9
TRIP16773,USER9263,Sydney,01-04-2024,12-01-2025,Business,Train,5,3035.85,1
TRIP16774,USER3449,Istanbul,13-12-2024,01-03-2025,Beach,Bus,2,2512.34,8
TRIP16775,USER5367,Istanbul,29-03-2024,02-05-2024,Family,Cruise,3,3394.92,9
TRIP16776,USER8148,Tokyo,01-02-2025,09-04-2025,Family,Flight,4,4911.8,9
TRIP16777,USER7460,Barcelona,23-08-2024,30-09-2024,Family,Bus,3,2289.32,2
TRIP16778,USER1599,Istanbul,10-02-2025,19-03-2025,Business,Flight,2,4265.57,2
TRIP16779,USER8774,Sydney,27-06-2024,05-12-2024,Adventure,Train,5,3677.36,3
TRIP16780,USER6860,Rome,01-03-2025,01-03-2025,Cultural,Cruise,5,3672.73,3
TRIP16781,USER3033,Rome,13-01-2025,11-02-2025,Family,Bus,3,2110.55,7
TRIP16782,USER9637,Istanbul,05-04-2024,14-07-2024,Business,Bus,2,2244.74,1
TRIP16783,USER2396,Bangkok,10-12-2024,30-12-2024,Leisure,Bus,1,3519.47,9
TRIP16784,USER3969,Sydney,27-06-2024,06-09-2024,Beach,Train,1,3410.01,3
TRIP16785,USER1896,Tokyo,01-06-2024,17-12-2024,Cultural,Flight,5,2250.86,5
TRIP16786,USER6193,London,29-07-2024,28-01-2025,Leisure,Car,3,3369.55,3
TRIP16787,USER6125,Sydney,10-08-2024,15-08-2024,Business,Car,4,1031.36,10
TRIP16788,USER7710,New York,27-02-2025,01-04-2025,Adventure,Cruise,2,3401.66,8
TRIP16789,USER8805,Istanbul,21-08-2024,23-12-2024,Leisure,Bus,1,2423.14,1
TRIP16790,USER1606,Tokyo,05-05-2024,24-06-2024,Leisure,Flight,2,3889.19,10
TRIP16791,USER1700,Dubai,06-09-2024,06-12-2024,Adventure,Flight,4,4603.77,5
TRIP16792,USER9093,Dubai,06-11-2024,23-12-2024,Beach,Car,2,997.62,2
TRIP16793,USER5469,Rome,22-01-2025,14-02-2025,Adventure,Bus,5,834.49,7
TRIP16794,USER2355,Rome,07-05-2024,20-11-2024,Cultural,Car,2,1881.13,5
TRIP16795,USER8833,Bangkok,23-07-2024,09-04-2025,Leisure,Cruise,4,3843.61,10
TRIP16796,USER9291,Bangkok,24-03-2024,06-10-2024,Business,Bus,2,3969.57,6
TRIP16798,USER9000,Barcelona,03-03-2025,12-03-2025,Leisure,Flight,2,635.36,6
TRIP16799,USER4458,Barcelona,14-04-2024,16-04-2024,Business,Cruise,2,2194.2,9
TRIP16800,USER4252,Bangkok,14-02-2025,30-03-2025,Adventure,Train,4,1022.35,5
TRIP16801,USER1547,New York,30-12-2024,04-04-2025,Business,Flight,4,2362.35,3
TRIP16802,USER2506,Paris,10-03-2025,19-03-2025,Adventure,Bus,3,4511.74,10
TRIP16803,USER4301,Dubai,10-10-2024,25-12-2024,Leisure,Bus,3,515.59,6
TRIP16804,USER3525,Barcelona,10-02-2025,03-03-2025,Adventure,Flight,3,960.71,10
TRIP16805,USER7939,Dubai,04-07-2024,17-08-2024,Adventure,Flight,4,4836.57,6
TRIP16806,USER8963,London,28-01-2025,26-03-2025,Adventure,Cruise,3,769.41,7
TRIP16807,USER5578,Barcelona,10-10-2024,01-04-2025,Beach,Bus,1,4982.66,1
TRIP16808,USER1259,London,12-09-2024,12-09-2024,Leisure,Cruise,2,2108.8,1
TRIP16809,USER8967,Tokyo,04-03-2025,05-03-2025,Business,Train,3,4596.97,1
TRIP16810,USER5190,New York,11-11-2024,26-11-2024,Beach,Bus,2,748.49,4
TRIP16811,USER2068,Dubai,03-03-2025,18-03-2025,Cultural,Car,5,1787.83,9
TRIP16812,USER2659,Rome,16-05-2024,01-12-2024,Business,Car,1,4067.96,5
TRIP16813,USER2320,New York,14-11-2024,27-01-2025,Business,Car,5,1233.54,6
TRIP16814,USER3319,Dubai,13-04-2024,19-06-2024,Leisure,Flight,3,4675.96,9
TRIP16815,USER5955,Barcelona,18-05-2024,22-10-2024,Adventure,Car,3,1427.05,3
TRIP16816,USER5489,Sydney,06-03-2025,29-03-2025,Leisure,Train,5,3601.43,1
TRIP16817,USER9026,Dubai,25-12-2024,01-04-2025,Business,Bus,2,1000.41,9
TRIP16818,USER9768,Paris,09-07-2024,16-01-2025,Family,Car,1,3539.14,9
TRIP16819,USER8087,Bangkok,08-09-2024,08-11-2024,Beach,Bus,5,4260.38,9
TRIP16820,USER5516,Barcelona,19-02-2025,24-03-2025,Adventure,Cruise,5,1053.43,8
TRIP16821,USER7933,Paris,24-08-2024,19-12-2024,Business,Cruise,3,893.31,1
TRIP16822,USER6536,Tokyo,23-01-2025,06-03-2025,Beach,Car,1,1123.61,10
TRIP16823,USER9797,Sydney,11-09-2024,09-04-2025,Beach,Cruise,1,4219.38,5
TRIP16824,USER4633,Bangkok,27-03-2024,04-03-2025,Adventure,Car,4,2036.81,3
TRIP16825,USER3294,New York,03-10-2024,23-11-2024,Business,Car,3,821.58,4
TRIP16826,USER3693,Dubai,16-08-2024,22-12-2024,Business,Flight,3,1065.61,3
TRIP16827,USER4867,Sydney,10-01-2025,13-01-2025,Leisure,Train,3,1147.02,7
TRIP16828,USER6950,Sydney,30-03-2024,10-12-2024,Beach,Car,5,4658.56,9
TRIP16829,USER4715,Tokyo,03-09-2024,22-11-2024,Cultural,Bus,1,3560.01,1
TRIP16830,USER6850,London,15-02-2025,24-02-2025,Adventure,Bus,1,3838.16,10
TRIP16831,USER1007,Istanbul,09-07-2024,25-08-2024,Beach,Car,3,3936.82,10
TRIP16832,USER4657,Istanbul,25-06-2024,06-02-2025,Family,Flight,1,1422.16,10
TRIP16833,USER2617,Tokyo,25-02-2025,26-03-2025,Family,Train,3,3184.07,2
TRIP16834,USER4769,London,24-08-2024,26-11-2024,Adventure,Flight,1,4711.48,8
TRIP16835,USER8991,New York,12-11-2024,16-01-2025,Beach,Bus,3,1992.04,3
TRIP16836,USER5117,Tokyo,29-11-2024,02-01-2025,Beach,Car,4,1180.13,9
TRIP16837,USER6365,Rome,04-05-2024,08-05-2024,Leisure,Train,5,1678.51,9
TRIP16838,USER3471,Dubai,29-08-2024,08-03-2025,Business,Train,5,3565.75,3
TRIP16839,USER9302,Dubai,16-03-2024,18-02-2025,Beach,Car,3,1316.98,5
TRIP16840,USER5623,Dubai,18-05-2024,25-10-2024,Cultural,Train,4,2932.28,7
TRIP16841,USER6035,Bangkok,02-07-2024,08-02-2025,Beach,Cruise,4,4423.85,6
TRIP16842,USER8965,Barcelona,25-04-2024,29-03-2025,Family,Flight,1,4644.88,8
TRIP16843,USER4079,New York,24-09-2024,24-12-2024,Beach,Cruise,1,1642.31,4
TRIP16844,USER9230,Istanbul,22-10-2024,27-11-2024,Business,Cruise,3,4190.5,1
TRIP16845,USER5510,Istanbul,19-10-2024,12-11-2024,Leisure,Bus,4,2277.08,1
TRIP16846,USER4008,Dubai,02-05-2024,08-10-2024,Beach,Cruise,5,2523.81,7
TRIP16847,USER6737,New York,07-07-2024,20-07-2024,Family,Car,2,2158.27,5
TRIP16848,USER7542,Tokyo,14-03-2025,01-04-2025,Business,Train,5,2472.97,7
TRIP16849,USER9607,Istanbul,07-06-2024,19-02-2025,Family,Flight,4,2420.44,3
TRIP16850,USER2230,Dubai,26-10-2024,13-02-2025,Cultural,Cruise,3,2588.86,4
TRIP16851,USER4723,Rome,22-05-2024,14-12-2024,Cultural,Train,1,4660.35,4
TRIP16852,USER9353,Dubai,17-03-2024,24-06-2024,Family,Car,4,748.83,7
TRIP16853,USER3397,Rome,27-12-2024,28-02-2025,Beach,Flight,4,1112.68,5
TRIP16854,USER8746,Paris,18-06-2024,24-08-2024,Leisure,Cruise,2,4008.79,8
TRIP16855,USER5307,Rome,05-05-2024,22-10-2024,Leisure,Car,5,4990.77,3
TRIP16856,USER8206,New York,31-12-2024,11-04-2025,Beach,Cruise,3,4753.65,5
TRIP16857,USER9918,Sydney,11-09-2024,28-11-2024,Business,Train,1,3545.87,2
TRIP16858,USER2124,Barcelona,25-11-2024,05-04-2025,Cultural,Car,2,4404.35,10
TRIP16859,USER9491,Tokyo,04-01-2025,21-01-2025,Leisure,Train,4,748.67,8
TRIP16860,USER1519,Rome,09-06-2024,24-07-2024,Beach,Car,2,1598.46,7
TRIP16861,USER1085,Dubai,08-08-2024,11-08-2024,Cultural,Flight,2,1684.77,5
TRIP16862,USER3322,New York,04-02-2025,07-02-2025,Beach,Train,1,1369.91,6
TRIP16863,USER3435,Istanbul,14-09-2024,18-12-2024,Adventure,Bus,4,4792.12,1
TRIP16864,USER7733,Istanbul,01-04-2024,14-12-2024,Beach,Train,3,3677.19,4
TRIP16865,USER1565,Paris,11-10-2024,31-01-2025,Adventure,Car,3,3122.69,5
TRIP16866,USER8964,Tokyo,13-07-2024,11-10-2024,Cultural,Car,4,3057.94,2
TRIP16867,USER9293,Rome,01-03-2025,06-03-2025,Cultural,Car,4,2879.14,3
TRIP16868,USER8042,New York,23-09-2024,02-02-2025,Beach,Cruise,5,4488.07,8
TRIP16869,USER7579,Dubai,21-11-2024,01-01-2025,Cultural,Bus,4,2936.98,3
TRIP16870,USER6119,New York,11-01-2025,14-01-2025,Leisure,Train,1,4603.03,1
TRIP16871,USER9838,London,31-08-2024,27-10-2024,Cultural,Car,2,3202.45,4
TRIP16872,USER3427,Barcelona,26-01-2025,02-03-2025,Cultural,Flight,3,955.37,6
TRIP16873,USER8448,Sydney,03-10-2024,12-03-2025,Adventure,Cruise,5,4971.9,1
TRIP16874,USER7295,Sydney,15-07-2024,17-09-2024,Family,Car,2,675.99,2
TRIP16875,USER6385,London,17-02-2025,04-04-2025,Leisure,Train,2,835.29,8
TRIP16876,USER9970,London,29-09-2024,21-03-2025,Beach,Flight,2,4674.17,9
TRIP16877,USER1570,London,29-03-2024,18-02-2025,Family,Car,2,3910.91,10
TRIP16878,USER2958,Barcelona,24-08-2024,01-10-2024,Leisure,Car,2,4696.56,7
TRIP16879,USER1630,Tokyo,19-12-2024,22-12-2024,Family,Car,5,2661.37,4
TRIP16880,USER8696,Istanbul,15-09-2024,14-12-2024,Business,Flight,2,3433.36,1
TRIP16881,USER8610,Dubai,25-02-2025,08-03-2025,Beach,Bus,5,648.97,10
TRIP16882,USER6596,Paris,24-12-2024,02-03-2025,Cultural,Flight,2,1415.9,10
TRIP16883,USER7944,Barcelona,10-07-2024,01-08-2024,Adventure,Flight,1,4021.77,10
TRIP16884,USER8021,Paris,30-07-2024,22-11-2024,Cultural,Cruise,4,4817.02,9
TRIP16885,USER3825,Istanbul,14-03-2025,30-03-2025,Adventure,Bus,2,4134.35,10
TRIP16886,USER3605,Barcelona,14-07-2024,01-09-2024,Leisure,Bus,1,4474.11,3
TRIP16887,USER5278,Bangkok,06-02-2025,14-02-2025,Business,Cruise,3,914.25,10
TRIP16888,USER2526,Dubai,06-08-2024,26-10-2024,Leisure,Flight,1,657.79,10
TRIP16889,USER5946,Rome,15-02-2025,01-04-2025,Family,Train,5,3009.81,9
TRIP16890,USER2147,Sydney,14-11-2024,29-12-2024,Adventure,Flight,4,4847,2
TRIP16891,USER6039,Dubai,25-05-2024,21-07-2024,Cultural,Bus,4,2962.01,10
TRIP16892,USER8734,Bangkok,16-07-2024,28-01-2025,Leisure,Cruise,5,3527.43,4
TRIP16893,USER1963,Istanbul,24-09-2024,17-01-2025,Business,Car,4,769.53,2
TRIP16894,USER3946,Dubai,25-12-2024,05-04-2025,Beach,Flight,2,4906.61,1
TRIP16895,USER7086,Dubai,19-09-2024,15-01-2025,Family,Cruise,1,2774.38,9
TRIP16896,USER8745,Barcelona,20-05-2024,09-06-2024,Adventure,Flight,3,3252.01,3
TRIP16897,USER9962,Tokyo,17-02-2025,08-03-2025,Beach,Car,2,3777.35,9
TRIP16898,USER2015,Paris,02-11-2024,02-04-2025,Leisure,Cruise,2,4585.91,9
TRIP16899,USER6952,Bangkok,26-05-2024,15-04-2025,Adventure,Flight,5,1768.87,10
TRIP16900,USER3518,Tokyo,28-05-2024,02-01-2025,Cultural,Bus,1,2292.17,1
TRIP16901,USER8030,Rome,30-07-2024,21-10-2024,Business,Train,5,3370.15,2
TRIP16902,USER6499,Paris,06-04-2024,11-02-2025,Cultural,Bus,5,1367.57,10
TRIP16903,USER5319,Bangkok,06-12-2024,02-01-2025,Cultural,Bus,3,4109.64,2
TRIP16904,USER2446,New York,05-05-2024,09-02-2025,Cultural,Cruise,1,3785.87,10
TRIP16905,USER7616,Bangkok,24-06-2024,05-08-2024,Beach,Cruise,5,3132.03,6
TRIP16906,USER9525,Paris,10-11-2024,03-02-2025,Business,Bus,4,2479.29,5
TRIP16907,USER1078,Tokyo,20-08-2024,24-12-2024,Cultural,Flight,1,4643.3,2
TRIP16908,USER4083,Istanbul,14-04-2024,03-10-2024,Family,Flight,5,735.02,1
TRIP16909,USER5717,New York,10-04-2024,23-12-2024,Beach,Car,4,2778.89,3
TRIP16910,USER8613,London,23-03-2024,16-11-2024,Cultural,Car,5,578.77,7
TRIP16911,USER5324,Sydney,10-10-2024,08-03-2025,Business,Cruise,5,1117.01,2
TRIP16912,USER5950,Barcelona,21-03-2024,25-04-2024,Family,Train,1,1118.58,9
TRIP16913,USER6072,Bangkok,30-10-2024,13-03-2025,Leisure,Flight,2,4216.73,7
TRIP16914,USER3848,New York,21-05-2024,04-04-2025,Cultural,Train,4,3265.66,1
TRIP16915,USER1186,Istanbul,29-11-2024,14-02-2025,Cultural,Flight,1,1905.54,5
TRIP16916,USER6638,Rome,02-12-2024,07-12-2024,Adventure,Cruise,4,3258.01,4
TRIP16917,USER7864,Paris,19-01-2025,10-02-2025,Cultural,Flight,3,668.83,10
TRIP16918,USER6642,Bangkok,26-02-2025,01-04-2025,Business,Train,5,4910.34,7
TRIP16919,USER3445,London,23-12-2024,18-02-2025,Business,Train,3,1721.87,5
TRIP16920,USER2114,London,03-05-2024,13-01-2025,Adventure,Bus,1,660.87,5
TRIP16921,USER9455,Dubai,22-09-2024,05-03-2025,Cultural,Train,3,2620.62,5
TRIP16922,USER8185,Rome,28-01-2025,05-02-2025,Family,Cruise,3,1782.13,6
TRIP16923,USER6884,New York,12-10-2024,13-11-2024,Business,Car,3,2126.1,1
TRIP16924,USER5456,Rome,02-05-2024,26-11-2024,Leisure,Train,2,1597.86,6
TRIP16925,USER3317,Tokyo,12-10-2024,25-01-2025,Adventure,Cruise,5,508.2,8
TRIP16926,USER1553,Paris,23-11-2024,19-01-2025,Cultural,Car,5,1549.48,4
TRIP16927,USER2822,Rome,26-09-2024,30-01-2025,Leisure,Bus,1,4700.23,8
TRIP16928,USER1539,Paris,12-12-2024,08-04-2025,Beach,Train,5,703.26,6
TRIP16929,USER5454,Bangkok,28-12-2024,23-01-2025,Family,Car,1,2748.55,2
TRIP16930,USER1117,London,06-06-2024,17-07-2024,Leisure,Flight,1,1606.19,7
TRIP16931,USER9209,Barcelona,05-11-2024,10-03-2025,Cultural,Train,3,4265.21,7
TRIP16932,USER1076,Istanbul,09-08-2024,02-03-2025,Adventure,Cruise,2,1890.21,5
TRIP16933,USER2049,Sydney,02-08-2024,07-11-2024,Business,Flight,3,2100.42,8
TRIP16934,USER6125,Sydney,01-01-2025,17-02-2025,Family,Bus,2,2044.25,4
TRIP16935,USER6030,Istanbul,12-10-2024,25-11-2024,Adventure,Bus,1,1550.57,5
TRIP16936,USER5984,Barcelona,18-09-2024,03-03-2025,Leisure,Car,4,1503.7,4
TRIP16937,USER2963,Barcelona,12-01-2025,14-02-2025,Adventure,Cruise,2,2749.09,9
TRIP16938,USER3607,Istanbul,15-09-2024,24-02-2025,Family,Cruise,3,3108.51,4
TRIP16939,USER4923,Rome,03-07-2024,13-09-2024,Cultural,Train,1,1460.6,2
TRIP16940,USER3163,London,04-04-2024,27-10-2024,Adventure,Cruise,2,1895.51,10
TRIP16941,USER3240,New York,28-08-2024,15-11-2024,Business,Train,4,2120.43,5
TRIP16942,USER1031,New York,05-05-2024,09-08-2024,Business,Car,1,4885.38,5
TRIP16943,USER4049,Rome,18-08-2024,02-09-2024,Family,Train,4,1370.45,7
TRIP16944,USER6037,Istanbul,07-02-2025,16-03-2025,Beach,Bus,5,3345.97,10
TRIP16945,USER9590,Paris,13-12-2024,15-03-2025,Cultural,Cruise,4,587.24,8
TRIP16946,USER2195,Bangkok,02-06-2024,21-01-2025,Business,Car,3,3786.72,5
TRIP16947,USER8738,Paris,27-05-2024,04-02-2025,Adventure,Train,3,2404.72,6
TRIP16948,USER3625,Bangkok,13-06-2024,12-07-2024,Beach,Train,3,1305.28,5
TRIP16949,USER5851,Rome,12-08-2024,20-02-2025,Cultural,Car,2,1266.35,3
TRIP16950,USER3701,London,28-05-2024,27-09-2024,Beach,Car,3,3096.97,4
TRIP16951,USER2906,Barcelona,09-06-2024,13-11-2024,Family,Car,3,2201.96,2
TRIP16952,USER3166,New York,07-04-2024,21-01-2025,Leisure,Bus,2,3352.52,8
TRIP16953,USER6186,Bangkok,19-04-2024,11-02-2025,Beach,Train,4,2575.69,9
TRIP16954,USER8226,New York,19-02-2025,01-03-2025,Cultural,Cruise,2,3427.25,6
TRIP16955,USER5971,London,25-01-2025,05-04-2025,Cultural,Cruise,2,3591.31,1
TRIP16956,USER6561,Paris,17-02-2025,16-03-2025,Family,Cruise,4,2268.27,9
TRIP16957,USER5151,Dubai,17-01-2025,02-04-2025,Beach,Cruise,2,3815.87,8
TRIP16958,USER8036,Tokyo,19-06-2024,04-09-2024,Cultural,Car,5,1650.3,6
TRIP16959,USER6099,Sydney,27-05-2024,24-06-2024,Leisure,Bus,3,2208,3
TRIP16960,USER1558,New York,15-08-2024,28-02-2025,Family,Car,5,3829.42,6
TRIP16961,USER6089,Tokyo,24-02-2025,28-03-2025,Business,Bus,1,3166.49,4
TRIP16962,USER5317,Bangkok,19-12-2024,06-04-2025,Leisure,Flight,1,4061.54,7
TRIP16963,USER7593,London,02-06-2024,17-10-2024,Leisure,Flight,1,1762.39,8
TRIP16964,USER2499,Dubai,29-01-2025,18-03-2025,Family,Train,5,734.61,5
TRIP16965,USER4031,New York,17-08-2024,13-10-2024,Leisure,Cruise,5,4645.95,8
TRIP16966,USER2852,Rome,16-07-2024,28-09-2024,Beach,Car,3,871.14,9
TRIP16967,USER9708,Bangkok,20-03-2024,27-10-2024,Cultural,Bus,2,4379.24,10
TRIP16968,USER1365,Istanbul,15-12-2024,12-04-2025,Family,Car,3,4265.36,6
TRIP16969,USER7529,Paris,21-06-2024,15-02-2025,Adventure,Bus,1,3264.58,1
TRIP16970,USER7097,Istanbul,16-07-2024,12-04-2025,Cultural,Flight,2,576.3,10
TRIP16971,USER9808,New York,14-06-2024,08-02-2025,Leisure,Train,2,2142.53,8
TRIP16972,USER6612,Paris,21-10-2024,01-01-2025,Business,Cruise,3,3326.5,7
TRIP16973,USER9746,Tokyo,25-03-2024,03-07-2024,Cultural,Bus,5,2751.28,5
TRIP16974,USER1002,Istanbul,19-09-2024,08-03-2025,Leisure,Bus,2,1465.36,9
TRIP16975,USER9676,Barcelona,27-04-2024,06-02-2025,Leisure,Cruise,4,764.88,10
TRIP16976,USER7642,London,23-02-2025,03-03-2025,Leisure,Train,3,1397.41,9
TRIP16977,USER3705,Istanbul,23-07-2024,29-10-2024,Business,Train,3,2009.59,8
TRIP16978,USER9092,Sydney,18-11-2024,31-03-2025,Family,Flight,4,2701.78,1
TRIP16979,USER6510,Istanbul,22-02-2025,11-04-2025,Leisure,Bus,5,4456.17,8
TRIP16980,USER5442,London,17-05-2024,16-06-2024,Business,Car,1,906.25,1
TRIP16981,USER8814,London,06-05-2024,09-06-2024,Business,Flight,5,726.69,1
TRIP16982,USER9824,London,04-08-2024,12-02-2025,Leisure,Bus,1,2134.63,10
TRIP16983,USER8540,Paris,31-10-2024,07-04-2025,Cultural,Cruise,5,691.57,7
TRIP16984,USER4769,Barcelona,22-01-2025,27-02-2025,Adventure,Bus,3,1544.09,10
TRIP16985,USER1635,Tokyo,18-12-2024,27-02-2025,Leisure,Bus,1,903.68,3
TRIP16986,USER6651,Tokyo,27-05-2024,02-02-2025,Family,Flight,2,2935.03,2
TRIP16987,USER7085,Tokyo,22-05-2024,22-03-2025,Cultural,Car,2,3999.78,5
TRIP16988,USER3891,New York,18-09-2024,25-02-2025,Family,Car,5,3262.84,10
TRIP16989,USER9441,Rome,13-10-2024,29-03-2025,Adventure,Bus,4,3291.27,6
TRIP16990,USER4868,Paris,23-01-2025,25-02-2025,Family,Car,4,4931.94,8
TRIP16991,USER8470,New York,07-11-2024,06-04-2025,Leisure,Flight,3,4725.54,4
TRIP16992,USER3765,Dubai,15-03-2025,21-03-2025,Beach,Flight,3,1022.02,2
TRIP16993,USER6566,Barcelona,05-06-2024,30-11-2024,Business,Bus,4,1862.24,6
TRIP16994,USER8641,Dubai,25-11-2024,29-12-2024,Adventure,Car,2,4878.67,1
TRIP16995,USER3104,New York,22-11-2024,12-12-2024,Leisure,Car,2,804.33,8
TRIP16996,USER1687,Dubai,27-10-2024,30-11-2024,Adventure,Flight,5,4690.46,2
TRIP16997,USER2240,Paris,13-11-2024,27-03-2025,Adventure,Flight,5,1192.33,3
TRIP16998,USER7298,London,05-09-2024,13-12-2024,Beach,Bus,5,2754.97,1
TRIP16999,USER5175,Barcelona,06-09-2024,03-04-2025,Adventure,Flight,2,1755.93,6
TRIP17000,USER5410,Istanbul,24-06-2024,24-06-2024,Business,Train,1,4874.53,5
TRIP17001,USER6731,Paris,26-12-2024,19-02-2025,Adventure,Flight,5,1766.75,3
TRIP17002,USER8238,Dubai,04-08-2024,24-03-2025,Family,Car,2,4927.36,5
TRIP17003,USER5611,Istanbul,11-07-2024,13-09-2024,Adventure,Flight,4,2367.59,4
TRIP17004,USER2919,Barcelona,20-04-2024,14-05-2024,Family,Bus,1,2209.19,6
TRIP17005,USER8317,Istanbul,27-12-2024,11-03-2025,Cultural,Flight,4,1123.85,7
TRIP17006,USER1216,Istanbul,12-01-2025,04-04-2025,Cultural,Bus,2,976.34,2
TRIP17007,USER3561,New York,09-12-2024,14-01-2025,Adventure,Bus,4,2022.97,3
TRIP17008,USER9865,Sydney,02-05-2024,01-06-2024,Business,Flight,3,1033.13,4
TRIP17009,USER4290,Sydney,29-07-2024,03-04-2025,Cultural,Flight,5,4906.22,1
TRIP17010,USER4417,Barcelona,20-02-2025,19-03-2025,Business,Cruise,2,4638.74,10
TRIP17011,USER3348,Istanbul,08-06-2024,27-09-2024,Cultural,Cruise,5,3473.96,6
TRIP17012,USER1596,London,11-05-2024,09-12-2024,Beach,Flight,4,917.48,9
TRIP17013,USER2705,Istanbul,21-07-2024,28-10-2024,Beach,Train,5,1792.16,5
TRIP17014,USER1779,Bangkok,14-06-2024,10-11-2024,Family,Train,5,4743.07,6
TRIP17015,USER2905,Barcelona,17-06-2024,10-08-2024,Business,Cruise,3,2525.27,9
TRIP17016,USER4577,Rome,06-03-2025,12-03-2025,Beach,Car,3,906.27,1
TRIP17017,USER1405,Bangkok,03-09-2024,15-12-2024,Leisure,Train,2,2995.22,7
TRIP17018,USER5877,Istanbul,28-07-2024,06-03-2025,Business,Train,5,3849.45,4
TRIP17019,USER2896,Bangkok,19-07-2024,21-09-2024,Family,Train,1,3571.03,9
TRIP17020,USER3417,Istanbul,22-11-2024,03-02-2025,Business,Bus,1,1301.33,9
TRIP17022,USER7961,Bangkok,03-06-2024,19-09-2024,Beach,Bus,1,2482.35,6
TRIP17023,USER7074,London,11-12-2024,29-03-2025,Cultural,Car,5,2527.44,6
TRIP17024,USER5245,Tokyo,05-12-2024,31-01-2025,Family,Cruise,2,3605.07,6
TRIP17025,USER8930,New York,03-07-2024,04-09-2024,Cultural,Flight,5,916.32,2
TRIP17026,USER4183,Barcelona,22-09-2024,27-02-2025,Family,Flight,2,686.83,8
TRIP17027,USER4262,Dubai,06-07-2024,21-11-2024,Family,Bus,5,2280.4,8
TRIP17028,USER2371,Sydney,20-04-2024,29-12-2024,Leisure,Car,3,2264.14,10
TRIP17029,USER2522,Barcelona,18-11-2024,28-11-2024,Leisure,Car,3,3796.19,9
TRIP17030,USER6171,New York,24-03-2024,22-08-2024,Beach,Train,4,4277.9,5
TRIP17031,USER3859,Istanbul,26-11-2024,18-03-2025,Business,Cruise,2,3000.99,10
TRIP17032,USER3618,Bangkok,13-09-2024,09-01-2025,Cultural,Flight,4,4741.55,9
TRIP17033,USER5210,Sydney,16-07-2024,28-02-2025,Business,Car,3,4373.08,6
TRIP17034,USER7545,New York,17-07-2024,29-12-2024,Cultural,Cruise,4,1897.35,10
TRIP17035,USER4839,Dubai,26-01-2025,07-04-2025,Cultural,Bus,3,3292.23,5
TRIP17036,USER8274,Paris,15-02-2025,06-04-2025,Family,Bus,1,4865.21,4
TRIP17037,USER3208,Dubai,18-08-2024,22-09-2024,Business,Flight,5,1797.61,1
TRIP17038,USER7499,Sydney,09-01-2025,25-01-2025,Family,Cruise,2,2640.01,9
TRIP17039,USER3566,New York,11-05-2024,27-12-2024,Business,Car,1,1678.87,9
TRIP17040,USER9165,New York,16-08-2024,05-10-2024,Family,Cruise,5,1713.57,5
TRIP17041,USER1443,London,14-05-2024,28-05-2024,Cultural,Flight,1,4872.76,5
TRIP17042,USER7981,Tokyo,18-09-2024,06-11-2024,Cultural,Car,4,3333.72,2
TRIP17043,USER3896,Tokyo,01-12-2024,22-12-2024,Business,Car,1,2011.59,3
TRIP17044,USER7659,Bangkok,16-08-2024,14-01-2025,Leisure,Flight,1,2331.91,4
TRIP17045,USER4301,Istanbul,21-02-2025,07-04-2025,Business,Car,1,1163.51,6
TRIP17046,USER6933,London,13-09-2024,01-12-2024,Beach,Cruise,4,562.89,5
TRIP17047,USER6827,Dubai,22-09-2024,29-11-2024,Adventure,Bus,1,4080.58,7
TRIP17048,USER5004,New York,29-11-2024,10-02-2025,Business,Car,5,2157.94,6
TRIP17049,USER8425,Sydney,24-10-2024,28-11-2024,Adventure,Cruise,2,3909.7,9
TRIP17050,USER2328,Dubai,10-06-2024,19-03-2025,Beach,Flight,4,2686.64,5
TRIP17051,USER2985,Rome,17-11-2024,07-01-2025,Family,Flight,1,2826.59,3
TRIP17052,USER4733,Tokyo,19-10-2024,28-03-2025,Beach,Cruise,5,2384.08,9
TRIP17053,USER3010,Dubai,13-11-2024,26-01-2025,Cultural,Train,4,1925.64,5
TRIP17054,USER4845,Dubai,07-02-2025,12-02-2025,Beach,Flight,1,1825.41,1
TRIP17055,USER6818,Barcelona,02-04-2024,06-11-2024,Cultural,Car,2,3785.2,4
TRIP17056,USER3359,Rome,21-08-2024,08-02-2025,Beach,Train,3,798.61,7
TRIP17057,USER3686,New York,10-09-2024,12-01-2025,Adventure,Flight,2,4796.99,3
TRIP17058,USER6667,Barcelona,13-08-2024,03-02-2025,Beach,Car,3,4414.91,6
TRIP17059,USER7622,Istanbul,03-04-2024,16-12-2024,Leisure,Flight,5,4602.37,8
TRIP17061,USER7960,Barcelona,01-02-2025,28-03-2025,Adventure,Train,4,2044.96,2
TRIP17062,USER9661,Bangkok,25-09-2024,18-11-2024,Beach,Train,1,2462.5,7
TRIP17063,USER2595,Bangkok,21-04-2024,08-09-2024,Beach,Bus,5,3577.4,6
TRIP17064,USER2137,Bangkok,17-02-2025,22-03-2025,Family,Flight,5,2921.94,2
TRIP17065,USER5727,New York,07-02-2025,06-04-2025,Business,Cruise,5,3393.24,4
TRIP17066,USER2226,Tokyo,13-11-2024,18-02-2025,Leisure,Flight,3,666.99,10
TRIP17067,USER9630,Istanbul,26-06-2024,26-03-2025,Adventure,Train,3,4113.08,2
TRIP17068,USER2633,Bangkok,18-12-2024,27-12-2024,Beach,Car,2,576.8,8
TRIP17069,USER9932,London,20-01-2025,21-01-2025,Beach,Train,4,4346.49,2
TRIP17070,USER2356,Tokyo,01-03-2025,08-03-2025,Business,Bus,1,4499.71,5
TRIP17071,USER8366,Bangkok,16-02-2025,15-03-2025,Cultural,Flight,5,4916,5
TRIP17072,USER1866,Rome,25-10-2024,28-02-2025,Business,Car,4,1876.67,9
TRIP17073,USER3585,Sydney,06-11-2024,06-04-2025,Leisure,Flight,5,1027.83,10
TRIP17074,USER3951,New York,16-02-2025,25-03-2025,Adventure,Flight,5,3634.24,2
TRIP17075,USER8612,Sydney,22-07-2024,15-12-2024,Leisure,Bus,1,1287.53,7
TRIP17076,USER9850,Paris,04-09-2024,13-01-2025,Adventure,Train,5,4128.65,1
TRIP17077,USER9398,Bangkok,20-09-2024,11-04-2025,Leisure,Flight,2,4470.31,10
TRIP17078,USER2921,New York,10-04-2024,21-09-2024,Cultural,Train,1,1183.91,5
TRIP17079,USER2729,Dubai,29-05-2024,11-03-2025,Adventure,Train,1,592.63,4
TRIP17080,USER9002,Sydney,16-01-2025,14-04-2025,Adventure,Train,2,4652.22,9
TRIP17081,USER5002,Istanbul,12-07-2024,03-11-2024,Business,Cruise,4,4441.98,9
TRIP17082,USER9293,New York,25-03-2024,23-08-2024,Cultural,Bus,4,3737.52,10
TRIP17083,USER9087,Dubai,12-02-2025,12-02-2025,Leisure,Flight,3,2608.53,9
TRIP17084,USER9038,Bangkok,05-11-2024,01-04-2025,Adventure,Flight,4,2684.4,3
TRIP17085,USER9198,Dubai,05-11-2024,11-12-2024,Leisure,Bus,5,1086.16,2
TRIP17086,USER5553,London,06-08-2024,22-10-2024,Leisure,Cruise,3,564.46,5
TRIP17087,USER3281,London,16-01-2025,12-02-2025,Cultural,Car,5,4541.72,2
TRIP17088,USER3077,New York,10-04-2024,09-01-2025,Adventure,Bus,4,3317.3,2
TRIP17089,USER2577,Istanbul,05-05-2024,10-04-2025,Leisure,Car,2,1180.94,5
TRIP17090,USER5699,Bangkok,02-12-2024,24-03-2025,Beach,Train,5,2327.92,9
TRIP17091,USER7820,Barcelona,04-10-2024,03-01-2025,Family,Car,4,3278.21,5
TRIP17092,USER7972,Dubai,04-03-2025,01-04-2025,Beach,Flight,1,3296.44,9
TRIP17093,USER9839,Barcelona,27-09-2024,22-10-2024,Adventure,Car,1,1997.63,10
TRIP17094,USER3512,Tokyo,21-07-2024,19-11-2024,Adventure,Bus,3,1706.79,7
TRIP17095,USER6425,New York,24-07-2024,14-09-2024,Family,Flight,3,3980.4,1
TRIP17096,USER9230,Istanbul,29-01-2025,01-02-2025,Adventure,Bus,2,2269.93,3
TRIP17097,USER4629,Istanbul,04-12-2024,03-04-2025,Beach,Flight,1,3416.14,6
TRIP17098,USER6769,Paris,26-03-2024,05-09-2024,Cultural,Train,5,4607.05,1
TRIP17099,USER5288,Barcelona,19-12-2024,25-01-2025,Adventure,Train,3,524.14,4
TRIP17100,USER3748,Sydney,14-01-2025,15-03-2025,Leisure,Cruise,1,3396.01,3
TRIP17101,USER6479,Istanbul,29-03-2024,16-07-2024,Adventure,Train,4,2438.63,9
TRIP17102,USER1219,Bangkok,03-08-2024,14-01-2025,Family,Cruise,4,3834.32,2
TRIP17103,USER2631,Istanbul,26-11-2024,10-02-2025,Adventure,Flight,4,673.74,9
TRIP17104,USER5496,Sydney,02-11-2024,08-11-2024,Business,Train,1,4162.69,4
TRIP17105,USER7980,Rome,29-01-2025,11-04-2025,Family,Flight,5,1512.33,2
TRIP17106,USER6968,Sydney,10-07-2024,22-08-2024,Family,Car,4,2792.42,7
TRIP17107,USER6478,Tokyo,22-04-2024,08-11-2024,Business,Train,4,2926.58,3
TRIP17108,USER8494,Istanbul,26-07-2024,16-12-2024,Leisure,Car,4,2811.01,7
TRIP17109,USER9278,Bangkok,27-06-2024,12-08-2024,Adventure,Cruise,5,1263.17,8
TRIP17110,USER9799,Barcelona,23-08-2024,03-11-2024,Business,Cruise,2,4820.48,6
TRIP17111,USER7449,Istanbul,24-11-2024,01-12-2024,Adventure,Car,5,849.97,4
TRIP17112,USER1383,Bangkok,06-05-2024,09-08-2024,Leisure,Train,5,4451.31,9
TRIP17113,USER4139,Tokyo,08-04-2024,18-12-2024,Cultural,Car,1,2082.93,2
TRIP17114,USER7287,Paris,26-11-2024,10-02-2025,Cultural,Car,4,945.17,6
TRIP17115,USER1190,Istanbul,31-03-2024,19-09-2024,Cultural,Flight,2,2935.36,7
TRIP17116,USER6755,London,21-05-2024,20-01-2025,Adventure,Car,1,4432.7,4
TRIP17117,USER3285,Paris,27-12-2024,02-02-2025,Family,Train,3,2463.71,9
TRIP17118,USER3228,Paris,21-02-2025,23-03-2025,Adventure,Cruise,2,4345.65,8
TRIP17119,USER5438,London,19-11-2024,30-03-2025,Family,Train,4,527.81,4
TRIP17120,USER9609,Rome,26-04-2024,25-09-2024,Cultural,Car,3,3846.84,7
TRIP17121,USER5253,Sydney,24-04-2024,13-07-2024,Adventure,Train,3,4461.34,3
TRIP17122,USER6478,New York,02-04-2024,20-11-2024,Business,Cruise,4,954.94,6
TRIP17123,USER3063,Rome,27-08-2024,25-12-2024,Adventure,Bus,3,3298.42,7
TRIP17124,USER1706,London,25-12-2024,09-04-2025,Leisure,Train,3,2711.03,6
TRIP17125,USER8927,London,28-05-2024,18-07-2024,Beach,Flight,1,1327.97,4
TRIP17126,USER5685,Sydney,26-05-2024,16-01-2025,Leisure,Car,4,4201.76,10
TRIP17127,USER5621,Sydney,23-05-2024,16-11-2024,Beach,Car,1,2589.6,9
TRIP17128,USER1275,Sydney,11-05-2024,02-02-2025,Family,Bus,1,2540.51,4
TRIP17129,USER6828,London,06-03-2025,13-03-2025,Cultural,Cruise,5,1423.32,2
TRIP17130,USER4837,Rome,01-09-2024,18-03-2025,Cultural,Flight,3,2445.75,2
TRIP17131,USER2740,Tokyo,24-01-2025,25-02-2025,Cultural,Bus,2,1371.67,6
TRIP17132,USER4070,New York,16-03-2024,08-09-2024,Leisure,Bus,1,3083.81,2
TRIP17133,USER4778,Bangkok,17-02-2025,06-04-2025,Leisure,Cruise,1,1940.58,9
TRIP17134,USER5461,Rome,20-12-2024,03-02-2025,Adventure,Cruise,1,3531.51,7
TRIP17135,USER2099,Sydney,08-01-2025,07-04-2025,Business,Flight,5,868.2,4
TRIP17136,USER5451,New York,30-11-2024,15-04-2025,Family,Bus,1,4739.48,5
TRIP17137,USER7899,Sydney,23-08-2024,02-03-2025,Adventure,Train,2,2977.71,10
TRIP17138,USER8590,Bangkok,24-03-2024,22-09-2024,Beach,Flight,4,3650.93,7
TRIP17139,USER1083,Dubai,16-11-2024,04-02-2025,Adventure,Train,2,3881.77,8
TRIP17140,USER9243,Bangkok,19-04-2024,13-04-2025,Beach,Bus,1,532.61,2
TRIP17141,USER6520,Istanbul,02-01-2025,06-02-2025,Cultural,Train,3,3307.15,2
TRIP17142,USER8955,Bangkok,22-06-2024,14-10-2024,Business,Flight,1,3017.43,3
TRIP17143,USER1112,Rome,26-02-2025,09-04-2025,Beach,Cruise,1,669.72,9
TRIP17144,USER9962,New York,15-02-2025,01-03-2025,Family,Flight,5,1305.96,6
TRIP17145,USER8332,Bangkok,26-09-2024,24-01-2025,Leisure,Bus,4,4677.03,3
TRIP17146,USER1205,Dubai,30-05-2024,06-08-2024,Family,Car,3,730.62,8
TRIP17147,USER6074,Sydney,03-09-2024,08-04-2025,Adventure,Cruise,5,2788.08,5
TRIP17148,USER1821,Rome,02-10-2024,31-03-2025,Leisure,Car,1,1846.78,9
TRIP17149,USER9278,Istanbul,04-06-2024,13-04-2025,Family,Train,5,4084.23,2
TRIP17150,USER7105,Paris,03-12-2024,01-01-2025,Business,Cruise,2,2274.34,10
TRIP17151,USER4883,Paris,08-08-2024,27-03-2025,Business,Train,4,4057.43,7
TRIP17152,USER8762,London,18-04-2024,08-09-2024,Adventure,Cruise,3,1325.79,7
TRIP17153,USER3832,Paris,13-04-2024,15-04-2025,Cultural,Car,5,1201.49,9
TRIP17154,USER4651,Bangkok,09-03-2025,16-03-2025,Beach,Bus,5,4757.74,8
TRIP17155,USER5817,London,06-01-2025,16-02-2025,Cultural,Cruise,4,1852.17,10
TRIP17156,USER9462,Dubai,31-10-2024,08-11-2024,Business,Flight,2,3300.44,6
TRIP17157,USER1172,Dubai,09-03-2025,30-03-2025,Adventure,Car,3,2143.64,7
TRIP17158,USER3981,Dubai,06-08-2024,16-03-2025,Business,Flight,1,2960.57,7
TRIP17159,USER8680,New York,06-06-2024,15-02-2025,Business,Train,1,1204.5,7
TRIP17160,USER3766,London,22-04-2024,17-03-2025,Leisure,Car,1,2078.82,8
TRIP17161,USER1361,London,23-07-2024,12-02-2025,Leisure,Flight,5,1239.12,2
TRIP17162,USER5722,Tokyo,02-10-2024,10-12-2024,Cultural,Train,2,541.79,4
TRIP17163,USER2892,Paris,07-07-2024,27-07-2024,Beach,Train,2,4845.04,1
TRIP17164,USER5795,New York,20-11-2024,22-03-2025,Cultural,Train,5,1413.28,7
TRIP17165,USER8262,Sydney,25-01-2025,07-04-2025,Business,Car,2,1669.54,1
TRIP17166,USER1756,Istanbul,21-05-2024,22-09-2024,Adventure,Flight,5,3633.71,6
TRIP17167,USER2069,London,11-01-2025,07-04-2025,Beach,Cruise,2,4423.09,2
TRIP17168,USER7449,Dubai,28-10-2024,03-02-2025,Cultural,Car,5,4086.85,10
TRIP17169,USER4971,New York,18-10-2024,06-02-2025,Adventure,Car,4,3629.32,2
TRIP17170,USER9561,Barcelona,23-01-2025,07-04-2025,Leisure,Car,1,2662.23,7
TRIP17171,USER8009,Bangkok,21-01-2025,13-04-2025,Business,Bus,1,4265.53,2
TRIP17172,USER6713,New York,07-11-2024,07-12-2024,Adventure,Cruise,4,1298.47,9
TRIP17173,USER1021,Paris,24-07-2024,29-03-2025,Family,Cruise,2,1275.06,4
TRIP17174,USER8724,Dubai,28-02-2025,22-03-2025,Family,Bus,2,4666.33,7
TRIP17175,USER1209,Bangkok,10-12-2024,17-12-2024,Leisure,Cruise,3,4275.46,3
TRIP17176,USER7929,Dubai,15-07-2024,21-01-2025,Adventure,Car,2,3239.72,5
TRIP17177,USER6932,New York,13-08-2024,26-03-2025,Business,Cruise,5,819.32,9
TRIP17178,USER1963,Tokyo,08-03-2025,15-04-2025,Business,Bus,5,3795.99,8
TRIP17179,USER7123,Paris,16-05-2024,26-10-2024,Business,Car,2,3063.88,9
TRIP17180,USER5735,Bangkok,08-06-2024,13-08-2024,Adventure,Bus,5,3875.88,1
TRIP17181,USER7433,Dubai,26-08-2024,12-10-2024,Cultural,Cruise,5,1693.9,5
TRIP17182,USER5191,Paris,05-03-2025,04-04-2025,Leisure,Train,2,4859.59,3
TRIP17183,USER8684,Barcelona,22-12-2024,17-03-2025,Leisure,Bus,4,798.84,2
TRIP17184,USER1332,Sydney,25-02-2025,28-03-2025,Beach,Train,3,657.25,7
TRIP17185,USER2906,Sydney,16-02-2025,05-04-2025,Business,Flight,5,2743.69,4
TRIP17186,USER1994,London,28-01-2025,16-03-2025,Adventure,Flight,1,4733.14,9
TRIP17187,USER3212,Barcelona,12-07-2024,08-01-2025,Family,Car,1,4710.4,8
TRIP17188,USER5643,Sydney,11-06-2024,30-12-2024,Beach,Train,4,2995.66,2
TRIP17189,USER3209,Rome,11-06-2024,16-06-2024,Beach,Train,5,607,7
TRIP17190,USER9994,Tokyo,14-07-2024,06-09-2024,Cultural,Car,1,4233.07,9
TRIP17191,USER7225,Istanbul,02-04-2024,27-09-2024,Beach,Train,1,1364.72,6
TRIP17192,USER6262,Rome,12-04-2024,11-08-2024,Family,Bus,3,3778.86,4
TRIP17193,USER8092,Dubai,28-10-2024,10-11-2024,Cultural,Flight,5,3666.16,7
TRIP17194,USER3185,Istanbul,01-04-2024,20-04-2024,Leisure,Car,5,4968.91,7
TRIP17195,USER8446,Bangkok,30-04-2024,16-01-2025,Adventure,Flight,4,896.59,7
TRIP17196,USER6022,London,06-11-2024,05-12-2024,Business,Cruise,1,3902.01,4
TRIP17198,USER2517,London,10-03-2025,28-03-2025,Business,Bus,5,2581.66,8
TRIP17199,USER9509,London,09-02-2025,28-02-2025,Business,Flight,2,827.14,3
TRIP17200,USER6633,Tokyo,02-07-2024,21-07-2024,Business,Car,3,3274.79,6
TRIP17201,USER3906,Bangkok,16-06-2024,25-02-2025,Beach,Bus,3,2798.7,4
TRIP17202,USER7098,Paris,28-06-2024,23-10-2024,Adventure,Train,5,2706.96,2
TRIP17203,USER2628,Sydney,17-07-2024,13-08-2024,Leisure,Car,3,3620.36,3
TRIP17204,USER5741,London,29-11-2024,14-04-2025,Business,Cruise,3,1861.52,9
TRIP17205,USER2557,Rome,17-01-2025,29-01-2025,Adventure,Train,5,2827.54,6
TRIP17206,USER6409,New York,16-07-2024,19-07-2024,Leisure,Cruise,3,2225.65,8
TRIP17207,USER8418,Istanbul,24-03-2024,18-01-2025,Leisure,Flight,3,696.28,10
TRIP17208,USER3730,London,14-05-2024,13-11-2024,Cultural,Cruise,3,1499.74,3
TRIP17209,USER6958,Rome,03-08-2024,04-09-2024,Beach,Train,5,4644.9,2
TRIP17210,USER8620,Paris,18-07-2024,05-02-2025,Leisure,Car,2,3048.07,1
TRIP17211,USER1423,New York,08-07-2024,10-01-2025,Cultural,Bus,5,2473.9,1
TRIP17212,USER3941,Tokyo,21-01-2025,12-03-2025,Business,Bus,3,797.24,4
TRIP17213,USER5578,Istanbul,12-10-2024,20-10-2024,Business,Cruise,2,2960.49,4
TRIP17214,USER5866,Rome,19-08-2024,06-03-2025,Business,Car,2,1735.12,3
TRIP17215,USER5149,Barcelona,06-09-2024,13-09-2024,Family,Car,5,809.18,10
TRIP17216,USER4487,Bangkok,23-11-2024,29-12-2024,Adventure,Flight,3,4823.01,4
TRIP17217,USER2761,London,28-04-2024,23-02-2025,Family,Train,5,4572.16,8
TRIP17218,USER7775,Paris,06-05-2024,09-12-2024,Adventure,Bus,2,3689.71,7
TRIP17219,USER1759,Rome,19-02-2025,31-03-2025,Family,Flight,1,1230.9,1
TRIP17220,USER4932,Bangkok,12-01-2025,28-01-2025,Family,Car,3,4355.88,8
TRIP17221,USER4379,Paris,11-03-2025,22-03-2025,Cultural,Train,4,4286.61,6
TRIP17222,USER1859,Paris,04-09-2024,03-03-2025,Cultural,Car,1,607.47,10
TRIP17223,USER3249,Istanbul,24-09-2024,26-12-2024,Leisure,Car,3,3006.74,5
TRIP17224,USER7447,Dubai,08-12-2024,11-12-2024,Cultural,Car,4,1720.8,2
TRIP17225,USER8099,London,14-12-2024,30-12-2024,Cultural,Car,2,4742.49,2
TRIP17226,USER9921,Tokyo,28-06-2024,05-01-2025,Business,Car,1,924.58,4
TRIP17227,USER9196,Paris,16-12-2024,12-01-2025,Beach,Cruise,4,3656.72,5
TRIP17228,USER6822,Istanbul,14-03-2025,25-03-2025,Family,Bus,2,835.8,9
TRIP17229,USER5916,Istanbul,24-08-2024,02-12-2024,Leisure,Train,4,4091.66,2
TRIP17230,USER8725,New York,28-07-2024,15-01-2025,Business,Car,2,4416.06,10
TRIP17231,USER9549,Rome,15-11-2024,25-02-2025,Leisure,Car,1,3398.31,5
TRIP17232,USER7546,Barcelona,22-12-2024,05-04-2025,Family,Car,3,2859.77,4
TRIP17234,USER2154,Rome,04-09-2024,05-02-2025,Business,Bus,4,2656.88,9
TRIP17235,USER7036,Paris,14-03-2025,19-03-2025,Business,Train,4,4283.88,4
TRIP17236,USER6210,Istanbul,12-11-2024,02-03-2025,Business,Cruise,3,1430.52,5
TRIP17237,USER1818,Paris,02-09-2024,27-02-2025,Cultural,Cruise,2,2805.54,9
TRIP17238,USER8615,Sydney,30-10-2024,12-04-2025,Leisure,Train,1,3675.09,1
TRIP17239,USER8833,Sydney,27-12-2024,27-03-2025,Business,Flight,4,1361.08,4
TRIP17240,USER1254,Rome,02-02-2025,07-02-2025,Cultural,Train,5,1189.68,10
TRIP17241,USER9091,Istanbul,23-12-2024,25-03-2025,Adventure,Cruise,3,2512.9,2
TRIP17242,USER9579,Sydney,18-12-2024,09-01-2025,Family,Cruise,2,2068.08,6
TRIP17243,USER6865,Barcelona,25-07-2024,19-03-2025,Cultural,Car,3,1553.99,8
TRIP17244,USER1964,London,16-06-2024,23-01-2025,Beach,Cruise,3,2059.87,5
TRIP17245,USER1197,Sydney,29-07-2024,27-12-2024,Cultural,Flight,3,4547.65,7
TRIP17246,USER7670,Bangkok,13-01-2025,14-01-2025,Cultural,Flight,1,3500.58,9
TRIP17247,USER9318,Rome,27-10-2024,25-12-2024,Business,Train,4,4301.68,7
TRIP17248,USER3299,Tokyo,10-01-2025,17-03-2025,Business,Train,1,1124.28,6
TRIP17249,USER7924,Sydney,13-12-2024,31-01-2025,Beach,Bus,4,2373.24,4
TRIP17250,USER6571,Rome,10-11-2024,26-03-2025,Adventure,Flight,4,3419.77,10
TRIP17251,USER6521,Tokyo,03-06-2024,11-07-2024,Adventure,Cruise,4,696.69,4
TRIP17252,USER8131,Sydney,07-02-2025,27-02-2025,Leisure,Flight,4,2726.55,6
TRIP17253,USER4591,Barcelona,14-02-2025,27-02-2025,Family,Bus,1,2443.64,9
TRIP17254,USER1304,Istanbul,05-10-2024,14-12-2024,Beach,Flight,3,1026.64,9
TRIP17255,USER8268,Bangkok,17-01-2025,17-01-2025,Cultural,Flight,1,1320.92,7
TRIP17256,USER1920,Dubai,12-07-2024,23-03-2025,Leisure,Cruise,5,4539.63,8
TRIP17257,USER4560,Bangkok,02-01-2025,14-03-2025,Adventure,Car,3,3751.6,3
TRIP17258,USER3383,Bangkok,19-07-2024,24-10-2024,Family,Cruise,1,3055.87,9
TRIP17259,USER7497,Paris,14-05-2024,21-09-2024,Family,Car,2,3652.47,6
TRIP17260,USER4587,Tokyo,07-05-2024,21-03-2025,Cultural,Cruise,2,2075.02,1
TRIP17261,USER4941,Istanbul,15-04-2024,14-07-2024,Adventure,Bus,3,2305.5,6
TRIP17262,USER6520,Bangkok,26-02-2025,04-04-2025,Leisure,Car,2,4982.7,7
TRIP17263,USER8145,Bangkok,20-02-2025,21-02-2025,Business,Train,2,4182.06,10
TRIP17264,USER5656,New York,06-11-2024,26-03-2025,Beach,Bus,4,771.85,3
TRIP17265,USER6481,Dubai,11-01-2025,13-02-2025,Cultural,Flight,5,664.13,4
TRIP17266,USER3665,Sydney,06-09-2024,17-02-2025,Family,Train,5,2211.93,4
TRIP17267,USER9287,Sydney,08-01-2025,27-01-2025,Leisure,Car,2,3899.84,8
TRIP17268,USER5137,Istanbul,02-11-2024,26-11-2024,Cultural,Car,4,4301.89,5
TRIP17269,USER6047,Sydney,13-10-2024,09-12-2024,Leisure,Cruise,3,4248.3,4
TRIP17270,USER2329,Bangkok,25-03-2024,27-03-2025,Beach,Flight,2,2191.82,5
TRIP17271,USER5481,Bangkok,22-02-2025,21-03-2025,Leisure,Bus,4,689.24,6
TRIP17272,USER1922,Dubai,22-01-2025,10-04-2025,Beach,Cruise,4,4694.78,3
TRIP17273,USER3155,Barcelona,04-05-2024,09-08-2024,Business,Car,1,614.66,1
TRIP17274,USER6150,New York,27-08-2024,21-11-2024,Adventure,Train,3,2216.44,8
TRIP17275,USER3966,Tokyo,16-11-2024,21-02-2025,Leisure,Train,5,4383.79,9
TRIP17276,USER4534,London,14-04-2024,16-01-2025,Cultural,Cruise,5,775.22,2
TRIP17278,USER1318,Istanbul,10-11-2024,19-11-2024,Family,Cruise,1,3932.56,4
TRIP17279,USER2919,New York,29-08-2024,13-10-2024,Leisure,Train,4,4817.76,7
TRIP17280,USER9023,Tokyo,19-09-2024,03-12-2024,Family,Car,1,1018.87,1
TRIP17281,USER1650,Barcelona,14-09-2024,13-03-2025,Cultural,Train,3,1808.66,8
TRIP17282,USER9416,Paris,01-01-2025,29-01-2025,Beach,Car,1,4943.78,9
TRIP17283,USER1536,New York,01-12-2024,28-02-2025,Adventure,Cruise,5,4427.51,5
TRIP17284,USER3487,Sydney,13-05-2024,11-04-2025,Beach,Flight,5,1375.49,2
TRIP17285,USER5393,Barcelona,12-11-2024,18-12-2024,Business,Bus,2,4788.79,7
TRIP17286,USER3734,Sydney,07-07-2024,19-07-2024,Leisure,Train,2,1489.18,5
TRIP17287,USER5580,Dubai,09-11-2024,07-03-2025,Beach,Car,1,4417.99,9
TRIP17288,USER7695,Rome,28-01-2025,27-02-2025,Cultural,Cruise,2,3929.44,2
TRIP17289,USER3196,Istanbul,22-12-2024,13-01-2025,Adventure,Bus,5,3989.34,6
TRIP17290,USER8003,Sydney,19-04-2024,03-10-2024,Cultural,Cruise,2,4354.91,10
TRIP17291,USER1195,Sydney,13-09-2024,30-12-2024,Leisure,Cruise,5,4940.6,3
TRIP17292,USER7522,Istanbul,22-05-2024,14-10-2024,Family,Cruise,4,3433.83,6
TRIP17293,USER7801,Barcelona,04-10-2024,20-03-2025,Adventure,Bus,2,1936.85,5
TRIP17294,USER4417,Barcelona,30-03-2024,09-09-2024,Family,Cruise,2,3913.69,1
TRIP17295,USER9029,Dubai,23-01-2025,15-04-2025,Business,Bus,5,2705.66,10
TRIP17296,USER7163,Paris,28-06-2024,28-10-2024,Business,Car,1,3513.95,3
TRIP17297,USER9056,Dubai,16-07-2024,26-11-2024,Leisure,Cruise,4,708.22,3
TRIP17298,USER1816,Barcelona,26-02-2025,13-03-2025,Leisure,Flight,5,4118.81,2
TRIP17299,USER7723,Sydney,02-04-2024,22-01-2025,Beach,Bus,4,3676.56,7
TRIP17300,USER8456,New York,16-12-2024,05-01-2025,Business,Flight,2,3235.38,10
TRIP17301,USER8124,Sydney,31-07-2024,02-11-2024,Cultural,Bus,2,1908.14,8
TRIP17302,USER1122,Tokyo,04-07-2024,11-02-2025,Family,Cruise,5,2855.62,8
TRIP17303,USER3075,Istanbul,24-07-2024,26-07-2024,Business,Cruise,4,2249.42,6
TRIP17304,USER2360,Istanbul,30-12-2024,20-03-2025,Cultural,Car,1,4552.68,7
TRIP17305,USER4932,Istanbul,01-01-2025,19-01-2025,Adventure,Flight,4,815.26,6
TRIP17306,USER6097,Barcelona,04-05-2024,21-05-2024,Leisure,Car,4,642.59,8
TRIP17307,USER1693,London,13-04-2024,04-06-2024,Cultural,Bus,3,918.28,3
TRIP17308,USER3737,Istanbul,08-12-2024,14-04-2025,Leisure,Car,3,3158.79,10
TRIP17309,USER5496,Paris,31-08-2024,18-03-2025,Beach,Train,2,3471.5,4
TRIP17310,USER4688,Dubai,16-08-2024,12-01-2025,Leisure,Cruise,4,1955.85,1
TRIP17311,USER3385,Bangkok,20-05-2024,11-10-2024,Beach,Flight,3,4457.74,1
TRIP17312,USER7753,Istanbul,03-03-2025,30-03-2025,Leisure,Flight,3,4066.58,8
TRIP17313,USER9877,Istanbul,04-08-2024,29-08-2024,Cultural,Train,1,4297.01,3
TRIP17314,USER3808,Sydney,26-11-2024,07-03-2025,Leisure,Flight,2,4996.06,5
TRIP17315,USER3010,Paris,07-09-2024,15-10-2024,Cultural,Flight,1,1797.17,1
TRIP17316,USER9528,Bangkok,16-03-2024,31-08-2024,Beach,Car,4,1112.8,5
TRIP17317,USER8291,Rome,05-03-2025,05-03-2025,Business,Bus,2,3953.8,7
TRIP17318,USER8313,London,30-09-2024,02-11-2024,Leisure,Train,3,3145.93,10
TRIP17319,USER5551,Paris,21-10-2024,02-11-2024,Business,Bus,2,1416.03,6
TRIP17320,USER5385,Bangkok,21-10-2024,08-04-2025,Business,Car,4,4261.17,10
TRIP17321,USER5968,Tokyo,08-06-2024,16-10-2024,Adventure,Cruise,3,991.07,3
TRIP17322,USER8624,Rome,04-10-2024,05-01-2025,Adventure,Train,1,4342.28,7
TRIP17323,USER5446,Dubai,08-04-2024,23-03-2025,Adventure,Flight,4,1863.02,5
TRIP17324,USER3144,Tokyo,25-06-2024,03-11-2024,Business,Bus,4,1267.69,4
TRIP17325,USER6099,New York,28-03-2024,08-09-2024,Adventure,Train,3,3920.72,3
TRIP17326,USER2301,Barcelona,04-02-2025,31-03-2025,Cultural,Car,3,4953.58,6
TRIP17327,USER5685,New York,29-09-2024,26-10-2024,Adventure,Car,3,3087.97,9
TRIP17328,USER6961,New York,20-12-2024,19-02-2025,Beach,Car,4,2836.96,1
TRIP17329,USER4420,Sydney,12-06-2024,24-09-2024,Business,Flight,3,1688.09,10
TRIP17330,USER4973,Barcelona,06-04-2024,15-10-2024,Adventure,Car,4,3249.59,8
TRIP17331,USER5927,Tokyo,05-05-2024,05-12-2024,Family,Train,3,1106.71,8
TRIP17332,USER5917,Istanbul,29-08-2024,20-11-2024,Leisure,Train,2,4464.7,6
TRIP17333,USER3802,Istanbul,12-07-2024,28-07-2024,Family,Cruise,3,3461.47,9
TRIP17334,USER8636,Paris,29-06-2024,05-08-2024,Leisure,Cruise,4,3048.65,2
TRIP17335,USER5155,Istanbul,06-05-2024,05-02-2025,Family,Flight,5,3806.14,7
TRIP17336,USER7185,Bangkok,27-10-2024,15-04-2025,Cultural,Flight,3,4917.39,8
TRIP17337,USER2031,Istanbul,05-03-2025,11-03-2025,Leisure,Train,3,4282.83,5
TRIP17338,USER3348,Paris,24-11-2024,05-02-2025,Business,Train,3,738.42,7
TRIP17339,USER4245,Rome,04-04-2024,06-08-2024,Business,Flight,4,3979.89,7
TRIP17340,USER1310,Tokyo,08-10-2024,25-11-2024,Cultural,Cruise,2,4968.72,3
TRIP17341,USER3536,London,18-09-2024,17-03-2025,Leisure,Bus,3,2454.39,2
TRIP17342,USER5342,Rome,18-12-2024,03-04-2025,Family,Cruise,4,3701.75,9
TRIP17343,USER8059,Istanbul,06-07-2024,02-12-2024,Adventure,Car,4,1278.14,5
TRIP17344,USER3355,Barcelona,26-06-2024,12-03-2025,Beach,Train,5,3090.23,8
TRIP17345,USER6142,London,09-08-2024,09-01-2025,Family,Train,5,3950.96,8
TRIP17346,USER7222,Istanbul,01-08-2024,05-08-2024,Beach,Bus,1,1593.17,3
TRIP17347,USER6598,New York,05-04-2024,23-01-2025,Family,Cruise,3,4682.77,4
TRIP17348,USER4964,London,15-11-2024,15-04-2025,Family,Bus,4,1086.23,8
TRIP17349,USER4933,Sydney,21-04-2024,26-01-2025,Business,Flight,5,3605.02,10
TRIP17350,USER8180,Dubai,10-09-2024,09-11-2024,Cultural,Flight,3,1588.06,8
TRIP17351,USER9921,New York,04-01-2025,16-03-2025,Leisure,Car,1,3425.86,3
TRIP17352,USER4472,Paris,02-05-2024,18-11-2024,Family,Bus,2,2102.61,3
TRIP17353,USER8842,Istanbul,04-12-2024,22-03-2025,Family,Car,1,2174.9,3
TRIP17354,USER6444,Istanbul,02-11-2024,14-04-2025,Adventure,Bus,2,1880.26,8
TRIP17355,USER8415,London,01-02-2025,04-03-2025,Adventure,Bus,4,1288.69,1
TRIP17356,USER1461,Tokyo,07-07-2024,07-04-2025,Business,Car,2,3943.01,10
TRIP17357,USER6765,Istanbul,24-07-2024,01-11-2024,Leisure,Flight,1,3448.41,5
TRIP17358,USER1489,New York,29-08-2024,14-10-2024,Cultural,Train,4,4761.99,4
TRIP17359,USER5639,New York,11-01-2025,16-03-2025,Adventure,Bus,4,3129.76,5
TRIP17360,USER5418,New York,02-10-2024,07-03-2025,Beach,Flight,2,689.65,2
TRIP17361,USER3252,Sydney,09-10-2024,08-04-2025,Leisure,Bus,5,1753.12,3
TRIP17362,USER3489,Tokyo,20-01-2025,30-01-2025,Leisure,Cruise,5,4190.21,10
TRIP17363,USER4106,Dubai,24-06-2024,22-09-2024,Business,Flight,2,1726.19,3
TRIP17364,USER1734,Bangkok,30-09-2024,13-02-2025,Family,Flight,2,2835.67,5
TRIP17365,USER1700,London,14-07-2024,10-10-2024,Adventure,Car,4,2055.9,9
TRIP17366,USER2608,Sydney,18-06-2024,20-08-2024,Cultural,Train,2,3874.83,8
TRIP17367,USER8492,Paris,01-12-2024,25-02-2025,Business,Car,1,4097.7,4
TRIP17368,USER2630,Tokyo,14-12-2024,26-02-2025,Beach,Train,4,511.42,9
TRIP17369,USER5578,London,04-05-2024,27-11-2024,Leisure,Car,3,4544.98,9
TRIP17370,USER2942,Dubai,31-01-2025,02-03-2025,Family,Bus,3,2780.07,5
TRIP17371,USER6418,Barcelona,12-05-2024,10-07-2024,Leisure,Cruise,3,966.24,7
TRIP17372,USER5147,Istanbul,16-07-2024,15-02-2025,Beach,Flight,4,4759.1,7
TRIP17373,USER1270,Istanbul,11-07-2024,11-07-2024,Adventure,Cruise,4,2328.17,4
TRIP17374,USER2681,London,28-05-2024,14-03-2025,Adventure,Flight,1,2231.99,1
TRIP17375,USER6250,Dubai,12-06-2024,20-06-2024,Leisure,Car,1,4458.23,1
TRIP17376,USER5631,Barcelona,29-11-2024,12-02-2025,Family,Bus,5,3796.38,6
TRIP17377,USER8281,Paris,04-12-2024,13-01-2025,Business,Cruise,1,876.43,2
TRIP17378,USER6103,Istanbul,23-08-2024,05-04-2025,Business,Flight,3,4583.12,2
TRIP17379,USER5334,Bangkok,07-02-2025,07-03-2025,Family,Cruise,2,4998.27,9
TRIP17380,USER3782,Tokyo,30-05-2024,06-08-2024,Beach,Car,1,4476.8,1
TRIP17381,USER3001,Bangkok,15-12-2024,19-02-2025,Cultural,Train,1,1129.97,3
TRIP17382,USER6438,Tokyo,20-08-2024,22-09-2024,Cultural,Bus,3,3657.34,4
TRIP17383,USER3746,Sydney,08-11-2024,19-11-2024,Leisure,Bus,4,2949.61,10
TRIP17384,USER3747,Istanbul,10-11-2024,24-12-2024,Business,Train,5,1297.36,5
TRIP17385,USER5672,Istanbul,28-09-2024,24-10-2024,Beach,Bus,2,4435.61,8
TRIP17386,USER3297,Bangkok,07-09-2024,26-12-2024,Cultural,Train,5,3308.75,5
TRIP17387,USER8751,Tokyo,08-06-2024,18-09-2024,Business,Train,1,2186.86,5
TRIP17388,USER7510,Barcelona,28-12-2024,14-03-2025,Beach,Car,4,1581.34,9
TRIP17389,USER8278,London,30-04-2024,16-09-2024,Cultural,Flight,1,2233.25,8
TRIP17390,USER4106,Tokyo,29-07-2024,08-03-2025,Family,Cruise,1,2322.02,2
TRIP17391,USER8644,Istanbul,08-03-2025,26-03-2025,Business,Car,5,2528.7,5
TRIP17392,USER7352,Barcelona,03-09-2024,24-10-2024,Cultural,Car,2,3426.18,10
TRIP17393,USER2869,Paris,10-05-2024,01-02-2025,Adventure,Train,4,4589,3
TRIP17394,USER3114,Paris,19-11-2024,18-12-2024,Adventure,Train,1,4576.43,1
TRIP17395,USER3660,Sydney,13-04-2024,20-02-2025,Family,Flight,5,3819.21,4
TRIP17396,USER5877,Barcelona,28-04-2024,06-10-2024,Beach,Car,2,3580.36,6
TRIP17397,USER7318,New York,17-02-2025,24-02-2025,Beach,Car,2,4454.82,6
TRIP17398,USER4604,Bangkok,08-05-2024,07-01-2025,Beach,Cruise,3,3047.15,7
TRIP17399,USER9129,Dubai,13-11-2024,01-01-2025,Beach,Cruise,4,1794.28,6
TRIP17400,USER9731,Bangkok,01-02-2025,11-02-2025,Family,Flight,2,4484.84,7
TRIP17401,USER7302,Barcelona,26-05-2024,22-12-2024,Family,Cruise,2,1795.68,6
TRIP17402,USER9452,Rome,14-01-2025,29-01-2025,Cultural,Car,1,4735.68,1
TRIP17403,USER2399,Paris,29-05-2024,05-03-2025,Adventure,Flight,3,3283.8,5
TRIP17404,USER7958,Istanbul,01-11-2024,18-11-2024,Beach,Cruise,1,2571.11,6
TRIP17405,USER4551,Bangkok,27-11-2024,27-11-2024,Leisure,Train,4,3117.64,7
TRIP17406,USER3569,Barcelona,05-10-2024,08-12-2024,Adventure,Train,4,4789.81,7
TRIP17407,USER3268,Tokyo,08-06-2024,13-04-2025,Adventure,Train,1,932.05,5
TRIP17409,USER7125,New York,18-09-2024,01-03-2025,Family,Bus,5,1560.81,5
TRIP17410,USER6659,Tokyo,12-09-2024,27-02-2025,Cultural,Bus,3,4260.63,5
TRIP17412,USER9252,Istanbul,04-04-2024,18-03-2025,Beach,Train,2,3706.08,1
TRIP17413,USER5618,Tokyo,30-06-2024,06-12-2024,Family,Cruise,1,2773.38,8
TRIP17414,USER1118,Barcelona,27-01-2025,08-04-2025,Adventure,Bus,1,4596.98,9
TRIP17415,USER6198,Tokyo,11-03-2025,17-03-2025,Business,Bus,4,559.55,5
TRIP17416,USER1275,London,02-11-2024,22-02-2025,Beach,Cruise,3,3603.68,7
TRIP17417,USER9424,Tokyo,17-11-2024,25-12-2024,Cultural,Flight,4,2750.5,6
TRIP17418,USER5598,Dubai,23-06-2024,01-11-2024,Business,Car,4,3416.01,10
TRIP17419,USER2229,Paris,01-11-2024,24-11-2024,Adventure,Train,2,3900.09,4
TRIP17420,USER4549,Paris,18-06-2024,16-08-2024,Family,Flight,3,3018.9,7
TRIP17421,USER9534,Barcelona,01-04-2024,25-01-2025,Business,Bus,4,1440.98,4
TRIP17422,USER3969,Tokyo,01-04-2024,06-04-2024,Leisure,Cruise,1,3469.32,7
TRIP17423,USER4333,New York,08-11-2024,22-02-2025,Leisure,Car,1,2245.98,2
TRIP17424,USER5653,Sydney,31-10-2024,15-02-2025,Leisure,Car,2,3814.55,9
TRIP17425,USER8700,Barcelona,03-05-2024,13-06-2024,Beach,Cruise,1,3383.53,6
TRIP17426,USER8035,London,21-07-2024,15-12-2024,Leisure,Car,2,4690.35,9
TRIP17427,USER5724,Dubai,13-12-2024,02-02-2025,Family,Car,4,4846.28,4
TRIP17428,USER4299,Sydney,14-10-2024,15-02-2025,Beach,Flight,4,1608.88,1
TRIP17429,USER4354,New York,05-02-2025,20-02-2025,Business,Cruise,1,2980.42,1
TRIP17430,USER7761,New York,29-12-2024,07-02-2025,Beach,Cruise,2,1234.35,7
TRIP17431,USER1251,Tokyo,09-06-2024,04-11-2024,Business,Flight,2,3902.35,9
TRIP17432,USER2538,Sydney,09-07-2024,03-04-2025,Leisure,Train,3,4850.96,1
TRIP17433,USER6452,Dubai,24-07-2024,18-09-2024,Cultural,Train,1,4982.32,1
TRIP17434,USER2767,New York,17-09-2024,13-10-2024,Business,Cruise,3,3293.23,10
TRIP17435,USER6239,Dubai,01-06-2024,22-03-2025,Adventure,Train,2,1576.86,1
TRIP17436,USER2533,Dubai,03-07-2024,26-02-2025,Adventure,Flight,1,668.38,4
TRIP17437,USER2726,Sydney,27-10-2024,25-11-2024,Cultural,Bus,5,1373.66,6
TRIP17438,USER5540,Tokyo,05-10-2024,09-10-2024,Cultural,Train,1,1701.11,7
TRIP17439,USER2276,Paris,12-06-2024,29-07-2024,Cultural,Train,4,1927.99,2
TRIP17440,USER8941,London,05-07-2024,21-07-2024,Family,Car,5,564.26,8
TRIP17441,USER5827,Tokyo,03-08-2024,14-11-2024,Beach,Bus,5,2438.56,3
TRIP17442,USER5494,London,04-10-2024,10-02-2025,Cultural,Flight,2,2689.85,5
TRIP17443,USER8823,Rome,19-02-2025,15-04-2025,Leisure,Train,2,2164.67,7
TRIP17445,USER4853,Istanbul,08-08-2024,25-03-2025,Adventure,Car,3,4280.49,1
TRIP17446,USER9578,Paris,06-05-2024,09-05-2024,Cultural,Car,4,2402.99,10
TRIP17447,USER2080,London,19-04-2024,01-06-2024,Leisure,Car,3,2496.36,7
TRIP17448,USER8268,Barcelona,06-10-2024,03-02-2025,Leisure,Bus,3,2453.22,2
TRIP17449,USER9084,Sydney,05-01-2025,17-01-2025,Beach,Car,2,1758.07,2
TRIP17450,USER9876,Barcelona,04-11-2024,22-02-2025,Leisure,Cruise,1,3186.97,3
TRIP17451,USER2603,Barcelona,12-07-2024,08-12-2024,Adventure,Flight,2,4240.62,9
TRIP17452,USER2483,Paris,08-09-2024,18-09-2024,Leisure,Flight,3,2935.74,4
TRIP17453,USER5957,Paris,02-11-2024,03-02-2025,Business,Flight,3,1472.43,10
TRIP17454,USER1315,Barcelona,23-04-2024,09-04-2025,Family,Car,3,2963.09,8
TRIP17455,USER1935,Barcelona,26-02-2025,12-04-2025,Leisure,Train,3,2598.53,5
TRIP17456,USER5133,Istanbul,25-05-2024,12-03-2025,Family,Car,2,3175.95,2
TRIP17457,USER2768,London,13-12-2024,10-01-2025,Cultural,Bus,2,4894.1,5
TRIP17458,USER1821,Paris,23-07-2024,03-03-2025,Cultural,Flight,3,4674.88,4
TRIP17459,USER5652,Barcelona,28-08-2024,13-03-2025,Adventure,Flight,2,4265.12,8
TRIP17460,USER4347,Barcelona,27-12-2024,04-04-2025,Cultural,Train,3,1975.01,9
TRIP17461,USER7972,Dubai,16-02-2025,24-02-2025,Beach,Bus,1,2794.1,2
TRIP17462,USER9932,Paris,02-01-2025,19-02-2025,Adventure,Cruise,2,2008.06,6
TRIP17463,USER3397,London,19-10-2024,17-02-2025,Cultural,Car,3,1973.01,8
TRIP17464,USER5362,New York,07-03-2025,19-03-2025,Leisure,Flight,2,3789.91,4
TRIP17465,USER6194,Barcelona,12-03-2025,08-04-2025,Family,Cruise,1,3803.28,5
TRIP17466,USER9971,Tokyo,11-05-2024,18-08-2024,Adventure,Train,1,3355.75,5
TRIP17467,USER6402,Rome,01-04-2024,22-10-2024,Adventure,Car,3,4024.51,6
TRIP17468,USER8485,Tokyo,09-06-2024,09-04-2025,Beach,Cruise,4,4514.36,8
TRIP17469,USER2301,London,14-03-2025,21-03-2025,Adventure,Cruise,5,2383.72,10
TRIP17470,USER5657,London,10-03-2025,13-04-2025,Beach,Bus,2,772.09,10
TRIP17471,USER7623,Istanbul,30-03-2024,23-04-2024,Beach,Car,4,3090.66,4
TRIP17472,USER8496,Bangkok,15-05-2024,05-10-2024,Adventure,Bus,1,3121.8,4
TRIP17473,USER4988,Dubai,24-09-2024,29-01-2025,Beach,Flight,4,1752.02,6
TRIP17474,USER6100,Sydney,16-07-2024,13-04-2025,Beach,Car,4,2170.46,6
TRIP17475,USER7435,Bangkok,09-03-2025,29-03-2025,Family,Car,4,2307.56,2
TRIP17476,USER5778,Barcelona,23-05-2024,26-07-2024,Cultural,Cruise,3,2285.08,7
TRIP17477,USER5740,Dubai,05-05-2024,05-04-2025,Leisure,Flight,2,1240.49,5
TRIP17478,USER9294,Rome,03-05-2024,24-05-2024,Leisure,Bus,4,4916.92,10
TRIP17479,USER2610,Rome,23-05-2024,11-01-2025,Cultural,Cruise,2,1310.9,4
TRIP17480,USER5083,New York,01-03-2025,05-03-2025,Cultural,Bus,5,4851.52,4
TRIP17481,USER8117,Tokyo,15-09-2024,16-03-2025,Business,Train,4,4669.73,10
TRIP17482,USER1724,Paris,08-01-2025,28-02-2025,Adventure,Car,5,1572.25,3
TRIP17483,USER1665,Rome,03-01-2025,04-03-2025,Family,Flight,3,1094.5,3
TRIP17484,USER1080,Dubai,12-07-2024,16-12-2024,Leisure,Bus,2,1853.68,1
TRIP17485,USER2466,Rome,29-12-2024,25-01-2025,Beach,Flight,2,2745.85,3
TRIP17486,USER9903,Barcelona,07-10-2024,30-10-2024,Beach,Bus,4,915.2,10
TRIP17487,USER5912,Paris,16-01-2025,01-04-2025,Family,Cruise,5,2043.7,7
TRIP17488,USER5859,Rome,28-11-2024,09-03-2025,Leisure,Train,3,4359.89,1
TRIP17489,USER9755,Tokyo,20-05-2024,28-09-2024,Business,Flight,3,4661.9,2
TRIP17490,USER9134,Paris,04-03-2025,13-03-2025,Adventure,Cruise,5,1829.14,9
TRIP17491,USER2426,New York,23-12-2024,20-03-2025,Business,Flight,4,2467.67,3
TRIP17492,USER7186,Rome,17-04-2024,29-10-2024,Leisure,Flight,5,741.11,10
TRIP17493,USER7442,Bangkok,12-05-2024,02-02-2025,Cultural,Cruise,2,548.99,9
TRIP17494,USER1689,Istanbul,19-06-2024,13-02-2025,Beach,Flight,4,2562.95,2
TRIP17495,USER3632,Bangkok,28-05-2024,28-03-2025,Leisure,Train,5,1747.61,9
TRIP17496,USER7951,Rome,26-02-2025,09-04-2025,Family,Bus,5,504.72,3
TRIP17497,USER8886,Dubai,15-02-2025,24-02-2025,Family,Train,5,3873.98,1
TRIP17498,USER1941,Istanbul,27-05-2024,04-10-2024,Adventure,Bus,3,2623.93,3
TRIP17499,USER8011,Tokyo,03-06-2024,19-06-2024,Family,Car,1,1059.55,8
TRIP17500,USER8342,New York,04-06-2024,26-02-2025,Family,Cruise,2,3031.93,2
TRIP17501,USER9700,Bangkok,05-08-2024,08-01-2025,Leisure,Cruise,1,2693.41,2
TRIP17502,USER5141,London,01-10-2024,28-02-2025,Cultural,Cruise,1,559.17,2
TRIP17503,USER2359,Bangkok,16-03-2024,10-02-2025,Leisure,Flight,5,1555.3,2
TRIP17504,USER6521,Rome,15-06-2024,16-01-2025,Family,Cruise,1,4623.91,4
TRIP17505,USER2784,Paris,26-10-2024,29-11-2024,Beach,Car,4,4199.04,9
TRIP17506,USER4799,Sydney,04-01-2025,22-01-2025,Adventure,Car,4,3990.35,10
TRIP17507,USER4195,Paris,28-06-2024,17-10-2024,Family,Cruise,5,2068.76,9
TRIP17508,USER9352,London,22-01-2025,23-02-2025,Adventure,Cruise,3,2259.85,3
TRIP17509,USER3672,Tokyo,29-06-2024,11-12-2024,Adventure,Flight,2,920.21,8
TRIP17510,USER7957,Bangkok,17-12-2024,31-12-2024,Cultural,Train,3,3283.75,3
TRIP17511,USER5342,Bangkok,27-05-2024,10-11-2024,Beach,Train,3,1013.81,3
TRIP17512,USER9156,New York,23-03-2024,25-09-2024,Cultural,Flight,4,2831.5,4
TRIP17513,USER2741,Bangkok,11-12-2024,23-03-2025,Business,Train,1,2923.22,6
TRIP17514,USER3105,Istanbul,19-04-2024,17-01-2025,Beach,Bus,5,2437.58,4
TRIP17515,USER4764,Paris,17-09-2024,20-03-2025,Cultural,Car,3,1831.36,2
TRIP17516,USER8876,Barcelona,18-06-2024,03-12-2024,Adventure,Flight,4,2020.51,8
TRIP17517,USER5065,Barcelona,29-10-2024,25-11-2024,Family,Bus,1,1201.36,1
TRIP17518,USER9288,Barcelona,28-06-2024,13-10-2024,Leisure,Car,3,2023.92,4
TRIP17519,USER8074,Rome,05-06-2024,24-08-2024,Family,Train,3,1530.16,5
TRIP17520,USER7257,Tokyo,18-06-2024,11-07-2024,Cultural,Cruise,1,4816.69,3
TRIP17521,USER6776,Tokyo,23-06-2024,30-07-2024,Cultural,Car,1,2335.84,1
TRIP17522,USER9824,Bangkok,25-12-2024,05-03-2025,Business,Flight,5,2041.38,9
TRIP17523,USER2909,Sydney,17-05-2024,27-07-2024,Cultural,Car,4,4309.14,3
TRIP17524,USER1639,Bangkok,28-04-2024,20-10-2024,Beach,Cruise,5,1282.22,7
TRIP17526,USER9809,Barcelona,24-01-2025,04-02-2025,Adventure,Bus,2,761.73,7
TRIP17527,USER4782,Paris,06-08-2024,11-09-2024,Adventure,Flight,4,2674.25,8
TRIP17528,USER2653,Barcelona,07-08-2024,14-04-2025,Leisure,Bus,5,3377.99,4
TRIP17529,USER6883,London,28-10-2024,03-03-2025,Cultural,Cruise,3,4567.07,9
TRIP17530,USER1899,Dubai,13-01-2025,15-04-2025,Beach,Flight,1,662.18,4
TRIP17531,USER8610,Dubai,12-12-2024,04-03-2025,Cultural,Cruise,1,2865.46,1
TRIP17532,USER8038,Bangkok,28-04-2024,28-11-2024,Business,Train,5,2897.52,1
TRIP17533,USER6790,New York,28-01-2025,02-04-2025,Beach,Flight,5,2386.99,7
TRIP17534,USER5950,Tokyo,20-11-2024,01-02-2025,Beach,Flight,4,2407.55,10
TRIP17535,USER1860,Barcelona,22-11-2024,22-02-2025,Family,Bus,3,1160.17,3
TRIP17536,USER8800,Tokyo,17-02-2025,19-02-2025,Family,Flight,4,1963.52,2
TRIP17537,USER7009,Istanbul,22-07-2024,16-09-2024,Cultural,Car,5,4961.64,1
TRIP17538,USER1986,Sydney,08-11-2024,22-12-2024,Family,Car,5,3274.75,1
TRIP17539,USER4582,Dubai,15-05-2024,06-10-2024,Adventure,Train,4,4149.76,7
TRIP17540,USER3185,Dubai,13-03-2025,29-03-2025,Adventure,Train,4,2008.98,10
TRIP17541,USER9588,Sydney,05-04-2024,06-10-2024,Leisure,Bus,1,4913.56,3
TRIP17542,USER8185,Barcelona,12-11-2024,23-12-2024,Leisure,Train,2,4195.55,2
TRIP17543,USER3391,Tokyo,24-10-2024,12-02-2025,Leisure,Car,5,4308.35,7
TRIP17544,USER8150,Paris,23-07-2024,25-02-2025,Cultural,Bus,2,1565.34,5
TRIP17545,USER9856,Sydney,02-10-2024,05-11-2024,Family,Train,5,4134.35,4
TRIP17546,USER3935,Rome,13-08-2024,23-10-2024,Leisure,Flight,3,1147.6,1
TRIP17547,USER8387,Tokyo,13-01-2025,15-04-2025,Leisure,Train,5,4114.5,4
TRIP17548,USER9971,Istanbul,21-12-2024,17-02-2025,Family,Car,1,2145.92,5
TRIP17549,USER1329,Dubai,26-08-2024,05-11-2024,Beach,Cruise,2,1766.3,10
TRIP17550,USER2810,Bangkok,31-03-2024,28-11-2024,Beach,Train,1,4164.06,2
TRIP17551,USER6796,Istanbul,08-01-2025,31-01-2025,Beach,Flight,1,2943.83,4
TRIP17552,USER6006,Rome,13-05-2024,26-10-2024,Family,Cruise,5,889.46,6
TRIP17553,USER7910,Dubai,25-06-2024,28-07-2024,Adventure,Bus,3,3851.56,8
TRIP17555,USER8495,Istanbul,16-06-2024,16-06-2024,Cultural,Car,2,876.07,6
TRIP17556,USER3862,Sydney,13-07-2024,21-12-2024,Leisure,Flight,2,3353.38,1
TRIP17557,USER4783,Dubai,01-01-2025,27-03-2025,Family,Train,1,4439.99,1
TRIP17558,USER7590,Bangkok,24-11-2024,03-01-2025,Family,Bus,4,4859.99,7
TRIP17559,USER5646,Bangkok,25-02-2025,17-03-2025,Leisure,Cruise,1,1611.71,2
TRIP17560,USER8326,Dubai,30-06-2024,04-09-2024,Family,Cruise,5,4022.22,7
TRIP17561,USER3142,Bangkok,17-09-2024,01-01-2025,Cultural,Car,1,3350.84,8
TRIP17562,USER5229,Barcelona,18-01-2025,05-03-2025,Business,Bus,5,972.53,2
TRIP17563,USER2876,New York,26-12-2024,06-02-2025,Cultural,Car,3,3599.66,2
TRIP17564,USER8319,Barcelona,02-10-2024,22-10-2024,Family,Car,3,2369.71,1
TRIP17565,USER8785,Sydney,15-10-2024,24-01-2025,Business,Cruise,2,3460.88,8
TRIP17566,USER8007,London,22-12-2024,19-02-2025,Business,Bus,3,4489.73,4
TRIP17567,USER3773,Dubai,10-07-2024,13-10-2024,Family,Train,3,2064.83,1
TRIP17568,USER2871,Tokyo,24-12-2024,22-02-2025,Leisure,Car,1,4958.18,6
TRIP17569,USER6485,Paris,11-04-2024,02-04-2025,Family,Train,5,2564.39,10
TRIP17570,USER9851,London,24-06-2024,17-09-2024,Leisure,Bus,2,3691.21,3
TRIP17571,USER2501,Tokyo,16-10-2024,13-03-2025,Adventure,Car,2,4239.13,3
TRIP17572,USER4091,Tokyo,18-09-2024,22-11-2024,Business,Bus,2,4615.51,1
TRIP17573,USER7891,Istanbul,28-08-2024,20-03-2025,Cultural,Cruise,1,1602.75,1
TRIP17574,USER9063,Rome,04-06-2024,22-09-2024,Beach,Bus,1,1557.33,6
TRIP17575,USER1144,Dubai,18-05-2024,16-07-2024,Cultural,Car,5,1978.21,3
TRIP17576,USER6149,New York,21-11-2024,05-12-2024,Business,Bus,5,732.93,1
TRIP17577,USER2456,Dubai,28-03-2024,21-08-2024,Adventure,Train,4,4104.16,3
TRIP17578,USER8999,Bangkok,23-04-2024,11-12-2024,Beach,Car,3,2343.77,2
TRIP17579,USER4980,London,24-04-2024,03-06-2024,Beach,Train,4,1165.14,3
TRIP17580,USER9094,Rome,11-05-2024,06-04-2025,Beach,Car,5,2866.35,9
TRIP17581,USER3715,New York,02-02-2025,04-04-2025,Cultural,Car,2,4348.97,10
TRIP17582,USER7613,London,08-07-2024,17-02-2025,Cultural,Cruise,1,1540.85,6
TRIP17583,USER6809,London,28-03-2024,10-05-2024,Leisure,Cruise,5,3138.46,7
TRIP17584,USER7669,Rome,17-04-2024,25-01-2025,Adventure,Train,4,4957.24,7
TRIP17585,USER8211,Dubai,17-06-2024,11-12-2024,Adventure,Cruise,1,969.69,9
TRIP17586,USER2145,London,12-02-2025,13-04-2025,Cultural,Cruise,4,2495.38,8
TRIP17587,USER4387,Istanbul,21-10-2024,21-11-2024,Business,Car,3,3572.45,8
TRIP17588,USER6719,Barcelona,07-08-2024,26-03-2025,Beach,Cruise,3,4305.63,7
TRIP17589,USER3465,Bangkok,07-12-2024,12-02-2025,Business,Bus,5,4346.15,5
TRIP17590,USER6470,Barcelona,12-02-2025,14-04-2025,Cultural,Flight,1,792.26,9
TRIP17591,USER8216,Bangkok,19-05-2024,21-10-2024,Business,Flight,3,1166.83,5
TRIP17592,USER1737,Bangkok,16-07-2024,25-09-2024,Adventure,Cruise,2,1681.02,1
TRIP17593,USER1611,New York,11-06-2024,06-04-2025,Family,Cruise,3,960.47,3
TRIP17594,USER9028,Istanbul,18-07-2024,31-01-2025,Adventure,Cruise,1,4387.55,1
TRIP17595,USER9807,Dubai,12-01-2025,14-04-2025,Business,Train,4,613.04,7
TRIP17596,USER8534,Paris,06-12-2024,01-02-2025,Adventure,Car,4,4807,6
TRIP17597,USER1228,Dubai,17-03-2024,23-05-2024,Beach,Bus,4,1843.14,4
TRIP17598,USER5327,London,03-04-2024,06-10-2024,Business,Car,3,3028.36,4
TRIP17599,USER5684,Sydney,14-10-2024,09-11-2024,Business,Bus,1,3608.73,8
TRIP17600,USER3430,New York,22-02-2025,10-03-2025,Leisure,Car,5,3302.45,9
TRIP17601,USER4630,Paris,29-10-2024,03-02-2025,Leisure,Bus,5,1967.95,9
TRIP17602,USER6718,Sydney,21-10-2024,27-02-2025,Family,Bus,4,2545.53,10
TRIP17603,USER9584,Tokyo,26-07-2024,27-07-2024,Cultural,Car,3,1267.4,10
TRIP17604,USER3827,New York,02-12-2024,05-01-2025,Adventure,Train,3,4250.91,2
TRIP17605,USER4829,Sydney,13-09-2024,27-09-2024,Family,Car,3,799.92,5
TRIP17606,USER9631,Tokyo,15-02-2025,03-03-2025,Family,Train,2,4940.41,6
TRIP17607,USER9622,New York,04-06-2024,22-12-2024,Adventure,Bus,5,999.63,9
TRIP17608,USER6228,Rome,29-07-2024,09-02-2025,Business,Cruise,2,4470.14,1
TRIP17609,USER1363,Sydney,10-05-2024,08-07-2024,Business,Car,5,2910.02,4
TRIP17610,USER7203,Dubai,05-12-2024,27-02-2025,Beach,Bus,3,1570.74,4
TRIP17611,USER6940,Barcelona,12-09-2024,16-12-2024,Leisure,Cruise,1,4112.6,3
TRIP17612,USER1439,Sydney,25-03-2024,06-01-2025,Cultural,Car,2,3557.28,4
TRIP17613,USER3095,Tokyo,08-08-2024,30-03-2025,Adventure,Train,2,3197.8,7
TRIP17614,USER4882,Bangkok,26-06-2024,22-07-2024,Business,Train,3,2719.48,4
TRIP17615,USER3868,Paris,22-01-2025,05-02-2025,Cultural,Train,2,2187.51,6
TRIP17616,USER6403,Rome,13-11-2024,17-11-2024,Family,Flight,1,2591.02,6
TRIP17617,USER1027,Paris,30-12-2024,19-01-2025,Beach,Flight,5,3588.89,9
TRIP17619,USER6712,Barcelona,22-01-2025,12-04-2025,Family,Car,5,4699.78,6
TRIP17620,USER7954,Bangkok,27-05-2024,02-11-2024,Family,Car,1,1785.54,1
TRIP17621,USER7073,Bangkok,10-11-2024,17-11-2024,Family,Flight,1,1904.41,8
TRIP17622,USER8150,Dubai,26-06-2024,26-11-2024,Beach,Train,3,4754.75,3
TRIP17623,USER1075,Barcelona,01-07-2024,16-01-2025,Cultural,Car,5,1617.09,10
TRIP17624,USER7974,Bangkok,06-08-2024,29-11-2024,Leisure,Bus,5,4465.46,4
TRIP17625,USER3599,New York,15-04-2024,03-03-2025,Leisure,Cruise,4,3972.69,5
TRIP17626,USER2927,Rome,31-10-2024,30-03-2025,Beach,Flight,4,2606.69,8
TRIP17627,USER4930,New York,26-01-2025,28-02-2025,Family,Cruise,1,2000.19,5
TRIP17628,USER1631,Paris,21-07-2024,14-12-2024,Family,Train,1,2278.9,1
TRIP17629,USER9898,Bangkok,17-01-2025,12-02-2025,Cultural,Car,4,736.23,2
TRIP17630,USER6972,Istanbul,31-01-2025,09-04-2025,Cultural,Train,1,808.9,2
TRIP17631,USER9516,Sydney,06-03-2025,17-03-2025,Business,Train,4,3414.95,9
TRIP17632,USER6858,Sydney,21-08-2024,17-11-2024,Cultural,Car,4,2066.82,10
TRIP17633,USER3960,Sydney,13-01-2025,14-02-2025,Business,Train,5,1927.85,1
TRIP17634,USER6769,Paris,09-09-2024,17-01-2025,Adventure,Flight,2,3840.04,5
TRIP17635,USER1488,London,26-10-2024,14-03-2025,Family,Car,5,1511.01,10
TRIP17636,USER7975,London,15-01-2025,31-03-2025,Adventure,Train,2,4557.01,9
TRIP17637,USER9797,Rome,15-06-2024,03-07-2024,Adventure,Car,1,3946.96,10
TRIP17638,USER2103,New York,24-02-2025,11-03-2025,Cultural,Flight,1,1120.6,4
TRIP17639,USER5786,Bangkok,06-10-2024,15-04-2025,Beach,Bus,4,3321.01,2
TRIP17640,USER4698,Paris,19-10-2024,29-10-2024,Business,Cruise,3,4693.84,8
TRIP17641,USER7195,New York,07-06-2024,17-11-2024,Leisure,Train,4,869.94,2
TRIP17642,USER7732,New York,02-06-2024,04-08-2024,Adventure,Flight,5,4311.21,9
TRIP17643,USER8200,Rome,13-02-2025,26-02-2025,Leisure,Car,2,3838.82,6
TRIP17644,USER7308,Bangkok,15-02-2025,04-03-2025,Adventure,Cruise,3,1809.31,9
TRIP17645,USER7636,Dubai,01-07-2024,17-02-2025,Leisure,Car,3,4046.86,3
TRIP17646,USER5267,Paris,03-02-2025,05-04-2025,Adventure,Car,2,2084.65,5
TRIP17647,USER6007,Sydney,06-08-2024,23-08-2024,Cultural,Car,4,2689.08,7
TRIP17648,USER3291,Dubai,03-03-2025,11-04-2025,Family,Bus,2,3254.74,2
TRIP17649,USER5224,Sydney,10-01-2025,23-01-2025,Cultural,Bus,1,1535.71,1
TRIP17650,USER9718,Bangkok,17-10-2024,12-11-2024,Cultural,Flight,2,4854.66,5
TRIP17651,USER9079,Istanbul,03-02-2025,19-02-2025,Family,Flight,5,1625.54,8
TRIP17652,USER8883,Rome,25-01-2025,09-04-2025,Leisure,Bus,4,2502.78,10
TRIP17653,USER5976,London,17-10-2024,12-04-2025,Business,Car,5,1769.53,7
TRIP17654,USER5917,Dubai,12-06-2024,20-08-2024,Beach,Car,3,3982.31,6
TRIP17655,USER6556,Istanbul,18-04-2024,29-06-2024,Cultural,Cruise,3,4878.42,6
TRIP17656,USER4042,Paris,05-02-2025,05-04-2025,Family,Train,4,3691.84,2
TRIP17657,USER9746,Sydney,21-07-2024,14-04-2025,Leisure,Bus,4,598.03,9
TRIP17658,USER4319,Sydney,28-09-2024,21-12-2024,Business,Cruise,1,3308.83,10
TRIP17659,USER9474,Dubai,12-09-2024,08-03-2025,Leisure,Cruise,4,4850.21,8
TRIP17660,USER9138,London,18-03-2024,31-01-2025,Adventure,Cruise,5,3097.57,7
TRIP17661,USER7807,Rome,25-01-2025,18-03-2025,Cultural,Flight,5,3910.63,2
TRIP17662,USER3902,Bangkok,23-12-2024,11-04-2025,Leisure,Bus,2,751.46,1
TRIP17663,USER8838,Paris,15-04-2024,07-01-2025,Cultural,Train,1,4708.37,8
TRIP17664,USER9933,Paris,16-07-2024,25-12-2024,Leisure,Bus,3,887.64,9
TRIP17665,USER5902,Tokyo,05-04-2024,02-11-2024,Family,Car,5,809.23,7
TRIP17666,USER8801,Rome,15-05-2024,08-08-2024,Business,Train,2,664.35,7
TRIP17667,USER9089,Paris,07-09-2024,05-04-2025,Leisure,Train,4,885.74,10
TRIP17668,USER4910,Dubai,05-10-2024,20-02-2025,Cultural,Flight,2,4808.6,3
TRIP17669,USER3159,New York,01-08-2024,05-03-2025,Cultural,Bus,1,3019.86,7
TRIP17670,USER4309,Barcelona,23-06-2024,06-01-2025,Adventure,Car,2,3478.39,7
TRIP17671,USER4567,Paris,16-07-2024,27-11-2024,Business,Flight,3,4536.82,6
TRIP17672,USER6510,Bangkok,27-05-2024,12-03-2025,Family,Car,5,3742.43,6
TRIP17673,USER8824,Bangkok,23-02-2025,06-04-2025,Adventure,Cruise,5,2988.72,3
TRIP17674,USER1251,Paris,09-02-2025,24-02-2025,Business,Cruise,5,1745.84,5
TRIP17675,USER2000,Dubai,21-01-2025,22-01-2025,Cultural,Train,1,944.59,4
TRIP17676,USER1797,Sydney,29-04-2024,11-04-2025,Family,Train,4,2733.18,4
TRIP17677,USER3427,London,07-12-2024,31-12-2024,Business,Car,4,1275.99,10
TRIP17678,USER1303,Tokyo,30-06-2024,04-07-2024,Beach,Train,5,2681.47,6
TRIP17679,USER5689,Dubai,05-05-2024,11-09-2024,Business,Cruise,4,619.04,5
TRIP17680,USER1854,Dubai,22-03-2024,24-08-2024,Cultural,Car,4,1300.2,3
TRIP17681,USER9619,Paris,08-08-2024,06-10-2024,Family,Car,4,862.24,1
TRIP17682,USER6821,Rome,25-02-2025,02-03-2025,Leisure,Car,5,3660.88,3
TRIP17683,USER8847,Paris,22-04-2024,06-02-2025,Family,Flight,3,3390.03,3
TRIP17684,USER4730,London,09-10-2024,12-03-2025,Adventure,Flight,4,2689.94,7
TRIP17685,USER1968,Rome,22-01-2025,07-02-2025,Family,Car,4,815.86,9
TRIP17686,USER5835,London,20-02-2025,15-03-2025,Leisure,Flight,5,1435.99,6
TRIP17687,USER7636,Sydney,07-03-2025,08-03-2025,Leisure,Cruise,4,1557.37,6
TRIP17688,USER9797,Tokyo,25-01-2025,15-03-2025,Leisure,Train,2,2863.12,8
TRIP17689,USER4274,Dubai,17-08-2024,14-11-2024,Family,Train,2,4769.35,6
TRIP17690,USER7873,Bangkok,25-09-2024,09-11-2024,Beach,Cruise,2,4385.06,10
TRIP17691,USER6357,London,26-03-2024,15-06-2024,Leisure,Cruise,3,2334.09,1
TRIP17692,USER3993,Paris,15-08-2024,08-09-2024,Adventure,Bus,4,2629.66,7
TRIP17693,USER8695,London,19-06-2024,15-03-2025,Adventure,Bus,1,4717.78,2
TRIP17694,USER1944,Dubai,07-03-2025,06-04-2025,Beach,Car,1,2655.97,4
TRIP17695,USER3434,Barcelona,28-11-2024,30-11-2024,Cultural,Train,2,831.25,8
TRIP17696,USER7851,Bangkok,15-03-2025,14-04-2025,Leisure,Cruise,4,3464.09,6
TRIP17697,USER5902,Tokyo,05-03-2025,11-03-2025,Adventure,Flight,4,900.57,3
TRIP17698,USER2148,Sydney,09-05-2024,10-07-2024,Leisure,Flight,5,2727.95,10
TRIP17699,USER6334,Barcelona,23-01-2025,10-03-2025,Cultural,Flight,1,4449.76,2
TRIP17700,USER5895,Barcelona,03-01-2025,17-01-2025,Adventure,Bus,3,3937.27,9
TRIP17701,USER5371,Bangkok,24-01-2025,09-04-2025,Leisure,Flight,5,1529.97,10
TRIP17702,USER9101,Rome,31-08-2024,01-12-2024,Adventure,Bus,4,633.84,3
TRIP17703,USER9789,Bangkok,08-09-2024,06-11-2024,Cultural,Cruise,5,4078.34,1
TRIP17704,USER2874,Tokyo,23-10-2024,18-12-2024,Family,Cruise,4,1681.99,8
TRIP17705,USER5646,New York,25-01-2025,26-03-2025,Family,Cruise,2,600.79,7
TRIP17706,USER4151,Dubai,16-04-2024,27-10-2024,Family,Car,4,903.23,10
TRIP17707,USER1989,Tokyo,08-06-2024,07-01-2025,Adventure,Train,1,1597.1,5
TRIP17708,USER3113,Dubai,22-10-2024,23-11-2024,Business,Cruise,3,1051.55,9
TRIP17709,USER9517,New York,02-03-2025,02-03-2025,Business,Bus,5,1477.25,9
TRIP17710,USER4082,Bangkok,02-09-2024,19-10-2024,Leisure,Car,2,971.22,8
TRIP17711,USER5746,Sydney,26-11-2024,25-03-2025,Adventure,Car,2,1202.97,6
TRIP17712,USER9177,Barcelona,11-02-2025,03-04-2025,Cultural,Train,2,611.3,1
TRIP17713,USER7282,Barcelona,03-12-2024,10-02-2025,Adventure,Cruise,3,2636.13,4
TRIP17714,USER8820,Sydney,29-09-2024,13-12-2024,Beach,Train,3,2514.92,5
TRIP17715,USER9698,New York,19-06-2024,21-12-2024,Cultural,Cruise,5,4531.62,7
TRIP17716,USER3331,Istanbul,17-08-2024,27-08-2024,Leisure,Train,5,3426.69,9
TRIP17717,USER7724,Rome,04-05-2024,17-02-2025,Cultural,Cruise,4,4516.92,7
TRIP17718,USER1864,Sydney,30-12-2024,09-01-2025,Cultural,Train,5,2118.28,10
TRIP17719,USER5154,Sydney,06-06-2024,27-08-2024,Cultural,Bus,2,2128.43,9
TRIP17720,USER9942,Bangkok,16-01-2025,29-03-2025,Business,Train,2,3232.52,7
TRIP17721,USER6439,London,11-01-2025,07-04-2025,Beach,Flight,1,1743.97,1
TRIP17722,USER3417,Rome,06-04-2024,01-04-2025,Leisure,Flight,4,912.84,10
TRIP17723,USER6322,Istanbul,17-03-2024,22-12-2024,Family,Flight,5,4536.61,5
TRIP17724,USER8787,Barcelona,10-01-2025,04-04-2025,Cultural,Cruise,2,2763.85,5
TRIP17725,USER2231,Bangkok,06-01-2025,09-04-2025,Business,Cruise,1,3387.65,9
TRIP17726,USER5064,Istanbul,02-10-2024,05-02-2025,Adventure,Train,4,1957.98,9
TRIP17727,USER4846,London,04-08-2024,08-04-2025,Beach,Flight,4,1685.22,6
TRIP17728,USER1851,Paris,12-10-2024,04-02-2025,Business,Train,2,2999.54,10
TRIP17729,USER9424,Istanbul,09-07-2024,28-02-2025,Cultural,Flight,2,4914.98,7
TRIP17730,USER7620,Barcelona,01-11-2024,14-03-2025,Business,Bus,3,4286.79,10
TRIP17731,USER4301,Bangkok,12-02-2025,14-03-2025,Family,Cruise,2,2417.96,10
TRIP17732,USER1027,New York,01-02-2025,24-03-2025,Adventure,Flight,1,2672.98,7
TRIP17733,USER7656,Barcelona,05-07-2024,26-01-2025,Business,Bus,2,4567.04,3
TRIP17734,USER4795,Rome,10-08-2024,08-11-2024,Business,Car,5,3829.18,7
TRIP17735,USER8524,Dubai,17-11-2024,17-02-2025,Business,Bus,4,4838.2,9
TRIP17736,USER2684,Barcelona,27-03-2024,20-09-2024,Adventure,Flight,3,2757.4,1
TRIP17737,USER2223,New York,17-03-2024,22-07-2024,Family,Train,2,1072.89,2
TRIP17738,USER6005,Dubai,06-06-2024,30-11-2024,Leisure,Cruise,3,4417.83,4
TRIP17739,USER1396,Dubai,26-07-2024,14-11-2024,Beach,Bus,1,2461,4
TRIP17740,USER2538,New York,14-11-2024,11-12-2024,Cultural,Car,1,3374.08,9
TRIP17741,USER8691,Paris,06-04-2024,30-08-2024,Cultural,Bus,2,3905.79,1
TRIP17742,USER7368,Barcelona,27-03-2024,22-08-2024,Leisure,Cruise,2,3790.35,5
TRIP17743,USER7392,Istanbul,01-06-2024,05-08-2024,Business,Cruise,4,1852.67,6
TRIP17744,USER4707,Rome,23-07-2024,01-09-2024,Adventure,Car,2,3547.74,5
TRIP17746,USER5554,Rome,07-09-2024,05-02-2025,Cultural,Cruise,2,1221.61,7
TRIP17747,USER6158,Dubai,11-09-2024,12-04-2025,Family,Train,5,4117.81,5
TRIP17748,USER4077,Barcelona,12-08-2024,14-10-2024,Business,Car,2,2774.98,8
TRIP17749,USER5767,London,27-12-2024,29-12-2024,Leisure,Bus,1,2862.46,8
TRIP17750,USER1923,London,23-02-2025,02-03-2025,Family,Train,3,1985.49,6
TRIP17751,USER7077,Sydney,15-03-2025,29-03-2025,Adventure,Cruise,2,4294.29,1
TRIP17752,USER6675,London,23-05-2024,23-02-2025,Business,Cruise,5,3665.23,5
TRIP17753,USER1784,New York,05-09-2024,23-02-2025,Cultural,Flight,4,3858.98,7
TRIP17754,USER3381,Bangkok,17-03-2024,03-12-2024,Leisure,Cruise,3,3249.15,3
TRIP17755,USER1438,Barcelona,31-07-2024,31-10-2024,Beach,Train,2,1611.92,9
TRIP17756,USER8195,Tokyo,17-11-2024,08-12-2024,Cultural,Car,3,2214.4,1
TRIP17757,USER6880,Barcelona,21-10-2024,18-11-2024,Family,Flight,4,4128.4,2
TRIP17758,USER9074,Sydney,05-01-2025,14-04-2025,Family,Flight,2,2669.83,6
TRIP17759,USER7664,Bangkok,23-06-2024,21-10-2024,Business,Car,5,832.46,1
TRIP17760,USER6659,Barcelona,19-06-2024,07-04-2025,Beach,Train,2,4766.81,4
TRIP17761,USER1213,Dubai,24-10-2024,23-12-2024,Beach,Cruise,4,4823.63,2
TRIP17762,USER7642,Paris,01-03-2025,30-03-2025,Leisure,Car,5,1094.68,5
TRIP17763,USER2683,Sydney,29-04-2024,21-05-2024,Adventure,Car,3,1341.55,7
TRIP17764,USER7836,Istanbul,18-02-2025,15-03-2025,Adventure,Car,1,1991.43,7
TRIP17765,USER3248,Istanbul,01-03-2025,22-03-2025,Cultural,Car,1,2046.61,10
TRIP17766,USER7452,Istanbul,21-07-2024,06-04-2025,Beach,Flight,4,3054.26,5
TRIP17767,USER9562,Rome,03-11-2024,06-11-2024,Business,Cruise,3,2859.28,8
TRIP17768,USER3858,Sydney,06-04-2024,04-07-2024,Business,Train,3,3974.54,9
TRIP17769,USER3722,New York,19-09-2024,11-04-2025,Adventure,Car,1,3566.96,2
TRIP17770,USER5467,New York,08-04-2024,08-11-2024,Cultural,Flight,4,3832.37,5
TRIP17771,USER9723,London,13-08-2024,14-08-2024,Beach,Cruise,5,4381.23,10
TRIP17772,USER3277,Istanbul,27-05-2024,19-07-2024,Business,Train,1,3881.9,8
TRIP17773,USER2769,Paris,02-06-2024,10-07-2024,Beach,Bus,4,4363.66,10
TRIP17774,USER5855,Sydney,09-04-2024,14-10-2024,Cultural,Train,2,1804.52,5
TRIP17775,USER7940,Paris,03-08-2024,04-01-2025,Leisure,Flight,3,3134.59,9
TRIP17776,USER1352,Rome,28-06-2024,07-01-2025,Cultural,Flight,3,3344.01,4
TRIP17777,USER6395,Barcelona,17-05-2024,11-03-2025,Beach,Flight,5,3515.37,1
TRIP17778,USER3222,Paris,08-06-2024,28-06-2024,Cultural,Train,5,2540.64,1
TRIP17779,USER5101,Rome,06-07-2024,03-10-2024,Adventure,Train,4,2928.71,9
TRIP17780,USER2131,Sydney,08-02-2025,02-03-2025,Beach,Car,1,3019.02,7
TRIP17781,USER6092,Tokyo,21-05-2024,02-01-2025,Beach,Bus,4,3861.96,6
TRIP17782,USER2418,New York,04-05-2024,06-04-2025,Family,Flight,5,4513.59,1
TRIP17783,USER1203,Bangkok,10-01-2025,02-02-2025,Cultural,Bus,2,501.06,8
TRIP17784,USER5960,Dubai,19-07-2024,03-03-2025,Leisure,Cruise,2,3550.19,4
TRIP17785,USER8513,London,27-05-2024,11-07-2024,Cultural,Cruise,4,673.34,6
TRIP17786,USER3577,Rome,20-05-2024,18-08-2024,Business,Bus,4,1466.75,6
TRIP17787,USER5994,New York,05-03-2025,07-04-2025,Leisure,Bus,5,3380.69,6
TRIP17788,USER8203,Paris,25-12-2024,06-01-2025,Cultural,Flight,3,4433.38,8
TRIP17789,USER4464,Istanbul,19-05-2024,04-04-2025,Business,Flight,2,3588.25,7
TRIP17790,USER4278,Tokyo,21-12-2024,13-01-2025,Cultural,Train,5,1218.94,5
TRIP17791,USER3416,London,06-02-2025,18-03-2025,Cultural,Car,2,604.76,1
TRIP17792,USER7418,Dubai,20-03-2024,03-05-2024,Beach,Bus,3,3709.43,1
TRIP17793,USER7937,Bangkok,14-05-2024,01-10-2024,Family,Cruise,1,2803.34,4
TRIP17794,USER2380,Tokyo,07-05-2024,06-12-2024,Beach,Train,2,2742.41,3
TRIP17795,USER2258,Sydney,07-07-2024,15-10-2024,Cultural,Cruise,5,1162.46,9
TRIP17796,USER2622,Barcelona,07-12-2024,23-03-2025,Business,Bus,2,1300.71,10
TRIP17797,USER4034,London,27-02-2025,15-03-2025,Beach,Car,3,2117.41,6
TRIP17798,USER7086,Rome,13-01-2025,23-01-2025,Family,Cruise,1,3522.22,3
TRIP17799,USER9583,Sydney,27-04-2024,29-08-2024,Adventure,Bus,5,1049.86,2
TRIP17800,USER5589,London,10-07-2024,18-12-2024,Family,Cruise,3,4462.53,4
TRIP17801,USER7085,Barcelona,24-02-2025,23-03-2025,Leisure,Train,5,4639.26,5
TRIP17802,USER4518,London,16-02-2025,04-03-2025,Business,Cruise,5,4417.83,1
TRIP17803,USER7552,Paris,13-07-2024,06-11-2024,Family,Cruise,3,3632.49,3
TRIP17804,USER1821,Paris,14-03-2025,14-03-2025,Adventure,Cruise,5,1218.52,2
TRIP17805,USER6659,Rome,05-01-2025,12-02-2025,Family,Cruise,4,889.69,3
TRIP17806,USER2553,Paris,15-02-2025,28-02-2025,Leisure,Bus,1,4908.3,5
TRIP17807,USER1618,Barcelona,20-09-2024,13-01-2025,Adventure,Cruise,3,2316.01,7
TRIP17808,USER9179,Tokyo,07-12-2024,02-02-2025,Beach,Cruise,1,3714.79,2
TRIP17809,USER3155,New York,13-03-2025,16-03-2025,Leisure,Flight,2,4137.1,3
TRIP17810,USER7060,Paris,15-06-2024,25-08-2024,Leisure,Train,3,780.22,8
TRIP17811,USER8146,Paris,09-12-2024,21-02-2025,Cultural,Flight,3,4605.01,1
TRIP17812,USER8491,Dubai,06-05-2024,15-11-2024,Cultural,Train,3,1617.73,9
TRIP17813,USER9889,Rome,11-02-2025,04-03-2025,Beach,Train,2,3889.58,3
TRIP17814,USER8269,Bangkok,13-05-2024,08-03-2025,Family,Car,4,4300.29,7
TRIP17815,USER4475,Barcelona,12-11-2024,08-04-2025,Business,Bus,1,3519.5,9
TRIP17816,USER7038,New York,07-12-2024,23-02-2025,Adventure,Cruise,2,1407.44,1
TRIP17817,USER6244,Barcelona,18-08-2024,07-01-2025,Cultural,Bus,4,1249.01,5
TRIP17818,USER1961,Paris,05-12-2024,13-03-2025,Beach,Train,2,1590.89,9
TRIP17819,USER6693,New York,11-03-2025,24-03-2025,Leisure,Bus,4,2157.91,10
TRIP17820,USER7875,Istanbul,02-03-2025,05-03-2025,Adventure,Train,1,3822.21,7
TRIP17821,USER8466,Rome,17-05-2024,27-09-2024,Leisure,Bus,1,3658.61,7
TRIP17822,USER5866,New York,10-03-2025,07-04-2025,Family,Cruise,2,2269.82,8
TRIP17823,USER8914,Tokyo,18-04-2024,14-05-2024,Cultural,Car,4,4027.93,7
TRIP17824,USER7025,Dubai,08-01-2025,17-01-2025,Adventure,Train,1,4564.57,7
TRIP17825,USER4606,Istanbul,03-05-2024,18-03-2025,Cultural,Cruise,4,1524.62,6
TRIP17826,USER8481,Bangkok,24-11-2024,14-04-2025,Beach,Cruise,2,805.05,4
TRIP17827,USER5955,Dubai,01-07-2024,16-08-2024,Adventure,Car,3,915.07,2
TRIP17828,USER2013,Barcelona,20-10-2024,27-03-2025,Adventure,Cruise,3,620.6,3
TRIP17829,USER3640,New York,21-07-2024,27-01-2025,Adventure,Train,5,2184.82,3
TRIP17830,USER4136,Paris,15-03-2025,02-04-2025,Cultural,Cruise,3,1517.74,3
TRIP17831,USER7017,Barcelona,10-02-2025,02-04-2025,Cultural,Car,4,3067.89,10
TRIP17832,USER1875,New York,29-04-2024,27-10-2024,Leisure,Bus,5,545.55,3
TRIP17833,USER6333,Barcelona,07-12-2024,18-02-2025,Cultural,Flight,3,1689.95,3
TRIP17834,USER2621,Rome,26-10-2024,27-03-2025,Beach,Train,3,4931.64,2
TRIP17835,USER1657,Bangkok,07-07-2024,15-12-2024,Business,Cruise,1,803.83,2
TRIP17836,USER1740,Paris,13-04-2024,09-06-2024,Adventure,Flight,3,1870.24,4
TRIP17837,USER7031,Bangkok,22-06-2024,06-10-2024,Cultural,Flight,1,1779.72,6
TRIP17838,USER2095,London,13-07-2024,24-12-2024,Adventure,Train,4,1125.46,2
TRIP17839,USER1594,Sydney,18-12-2024,16-01-2025,Beach,Cruise,4,1823.77,9
TRIP17840,USER3522,Rome,03-05-2024,24-12-2024,Beach,Bus,4,2006.82,10
TRIP17841,USER3841,Sydney,24-07-2024,25-01-2025,Leisure,Bus,3,2328.31,3
TRIP17842,USER9957,Paris,06-12-2024,23-03-2025,Business,Train,3,2491.91,6
TRIP17843,USER8690,Paris,08-03-2025,05-04-2025,Adventure,Cruise,4,2617.82,3
TRIP17844,USER7614,Bangkok,14-01-2025,14-04-2025,Business,Flight,5,4469.77,2
TRIP17845,USER7296,Sydney,17-12-2024,01-03-2025,Adventure,Cruise,5,2908.56,6
TRIP17846,USER2070,Barcelona,21-03-2024,26-07-2024,Cultural,Cruise,1,3574.01,3
TRIP17847,USER7495,Sydney,11-01-2025,04-04-2025,Beach,Train,3,1636.86,4
TRIP17848,USER8990,Paris,21-07-2024,01-10-2024,Adventure,Bus,2,3722.46,1
TRIP17849,USER3424,Barcelona,02-01-2025,12-02-2025,Business,Car,4,2236.22,2
TRIP17850,USER8918,Istanbul,03-10-2024,19-12-2024,Leisure,Bus,5,1875.81,8
TRIP17851,USER9511,Bangkok,28-04-2024,21-12-2024,Adventure,Bus,1,1086.02,10
TRIP17852,USER9608,New York,02-02-2025,15-02-2025,Cultural,Cruise,1,2166.23,8
TRIP17853,USER7947,Bangkok,12-12-2024,26-02-2025,Business,Cruise,5,1699.85,1
TRIP17854,USER9843,New York,02-07-2024,14-02-2025,Business,Cruise,3,3095.11,4
TRIP17855,USER1522,London,02-07-2024,26-08-2024,Adventure,Car,5,4515.5,4
TRIP17856,USER5712,New York,25-07-2024,27-11-2024,Cultural,Bus,1,2666.89,7
TRIP17857,USER7486,Sydney,27-12-2024,03-02-2025,Business,Car,3,2522.57,8
TRIP17858,USER4953,Bangkok,18-11-2024,03-12-2024,Adventure,Car,1,2000.57,5
TRIP17859,USER3870,New York,01-02-2025,20-02-2025,Beach,Car,1,2008.14,3
TRIP17860,USER7679,Tokyo,08-10-2024,10-11-2024,Family,Flight,5,3740.19,2
TRIP17861,USER2658,Rome,10-09-2024,04-03-2025,Beach,Car,1,4122.75,1
TRIP17862,USER8102,Rome,27-07-2024,20-01-2025,Business,Flight,4,4184.23,3
TRIP17863,USER7272,London,27-01-2025,10-04-2025,Leisure,Flight,3,3755.85,3
TRIP17864,USER9458,Paris,04-06-2024,16-09-2024,Business,Bus,1,2650.72,5
TRIP17865,USER4775,Barcelona,17-05-2024,23-06-2024,Cultural,Cruise,4,3676.19,1
TRIP17866,USER9595,Barcelona,16-07-2024,14-02-2025,Leisure,Car,2,2766.9,10
TRIP17867,USER3715,Istanbul,05-12-2024,06-02-2025,Cultural,Car,2,1425.11,3
TRIP17868,USER7921,Tokyo,14-05-2024,19-01-2025,Cultural,Train,2,4513.21,2
TRIP17869,USER3511,Bangkok,15-01-2025,08-04-2025,Cultural,Train,2,4589.48,10
TRIP17870,USER5314,Sydney,16-12-2024,21-01-2025,Leisure,Bus,2,1187.22,4
TRIP17871,USER2794,Dubai,13-08-2024,11-10-2024,Business,Car,2,2636.62,3
TRIP17872,USER8226,Tokyo,21-07-2024,01-10-2024,Family,Cruise,4,3827.34,8
TRIP17873,USER3106,Barcelona,22-08-2024,05-03-2025,Cultural,Cruise,2,3459.65,2
TRIP17874,USER6063,London,15-01-2025,06-02-2025,Leisure,Bus,4,4749.64,3
TRIP17875,USER7617,Bangkok,10-09-2024,27-09-2024,Beach,Cruise,1,3403.48,5
TRIP17876,USER8686,Bangkok,01-07-2024,08-04-2025,Adventure,Bus,5,4475.69,7
TRIP17877,USER7471,Rome,27-12-2024,06-03-2025,Business,Flight,4,1477.12,7
TRIP17878,USER3925,Tokyo,18-05-2024,28-09-2024,Adventure,Bus,4,1413.84,7
TRIP17879,USER8258,Tokyo,15-06-2024,23-07-2024,Beach,Train,5,3784.76,9
TRIP17880,USER8267,London,05-01-2025,24-03-2025,Family,Train,4,3621.64,3
TRIP17882,USER9443,New York,26-01-2025,08-02-2025,Business,Cruise,3,3013.79,9
TRIP17883,USER8084,Istanbul,07-02-2025,01-04-2025,Family,Train,5,2524.63,1
TRIP17884,USER2722,Sydney,05-09-2024,29-10-2024,Business,Bus,3,4493.55,10
TRIP17885,USER3902,Paris,03-11-2024,09-12-2024,Business,Bus,5,2657.89,3
TRIP17886,USER1412,Sydney,23-02-2025,24-03-2025,Beach,Flight,3,555.68,7
TRIP17887,USER1947,Tokyo,25-08-2024,27-10-2024,Beach,Bus,2,1582.17,1
TRIP17888,USER1012,Rome,13-03-2025,02-04-2025,Leisure,Bus,2,3155.3,5
TRIP17889,USER8730,New York,09-09-2024,12-02-2025,Leisure,Cruise,1,2607.85,3
TRIP17890,USER1707,Bangkok,03-03-2025,04-04-2025,Beach,Train,3,4056.68,10
TRIP17891,USER6803,Rome,31-07-2024,20-02-2025,Leisure,Train,3,4387.66,1
TRIP17892,USER4409,London,15-01-2025,25-01-2025,Leisure,Cruise,5,1602.91,7
TRIP17893,USER3240,Tokyo,29-11-2024,25-12-2024,Cultural,Flight,1,2871.84,8
TRIP17894,USER5886,Istanbul,10-08-2024,28-10-2024,Cultural,Bus,3,3039.4,9
TRIP17895,USER2426,London,05-09-2024,06-10-2024,Leisure,Train,3,3342.19,4
TRIP17896,USER4548,Barcelona,20-05-2024,10-03-2025,Cultural,Train,1,2220.24,7
TRIP17897,USER4729,Tokyo,15-09-2024,22-03-2025,Cultural,Cruise,2,3769.13,2
TRIP17898,USER9124,Rome,21-12-2024,07-03-2025,Cultural,Cruise,2,2275.48,8
TRIP17899,USER4649,Rome,21-09-2024,06-10-2024,Adventure,Flight,5,1939.61,9
TRIP17900,USER3707,Paris,03-10-2024,24-01-2025,Beach,Car,5,2940.27,2
TRIP17901,USER4478,Rome,29-05-2024,01-08-2024,Adventure,Cruise,4,4150.87,10
TRIP17902,USER5368,London,30-10-2024,28-03-2025,Beach,Train,2,2724.64,2
TRIP17903,USER8169,New York,05-05-2024,06-12-2024,Family,Flight,4,2857.13,10
TRIP17904,USER9885,Bangkok,05-09-2024,31-01-2025,Cultural,Cruise,1,4820.11,3
TRIP17905,USER3360,Sydney,08-05-2024,19-03-2025,Leisure,Cruise,5,1787.81,5
TRIP17906,USER3175,Bangkok,17-10-2024,17-03-2025,Adventure,Flight,4,4518.01,2
TRIP17907,USER3532,Dubai,29-06-2024,10-03-2025,Adventure,Car,2,2554.46,7
TRIP17908,USER3146,Dubai,11-04-2024,30-04-2024,Family,Cruise,4,1835.95,3
TRIP17909,USER3536,Barcelona,21-11-2024,05-01-2025,Adventure,Flight,1,2929.83,2
TRIP17910,USER5333,Bangkok,17-04-2024,30-10-2024,Leisure,Train,2,1663.39,8
TRIP17911,USER7118,Istanbul,22-12-2024,31-12-2024,Cultural,Bus,1,4454.4,5
TRIP17912,USER3637,Dubai,01-05-2024,26-07-2024,Leisure,Train,3,3902.32,9
TRIP17913,USER6161,Paris,12-09-2024,14-01-2025,Business,Car,5,4045.35,5
TRIP17914,USER3325,Sydney,03-01-2025,05-01-2025,Family,Cruise,4,4438.81,1
TRIP17915,USER1146,London,23-12-2024,14-04-2025,Beach,Train,3,3738.74,10
TRIP17916,USER5779,Bangkok,30-01-2025,10-04-2025,Cultural,Cruise,5,3616.99,9
TRIP17917,USER1405,Rome,24-07-2024,10-10-2024,Beach,Flight,1,2601.28,7
TRIP17918,USER7075,Bangkok,13-11-2024,22-12-2024,Business,Train,2,3033.06,8
TRIP17919,USER9869,Barcelona,15-06-2024,13-07-2024,Beach,Bus,1,953.41,8
TRIP17920,USER1314,Istanbul,07-10-2024,14-03-2025,Family,Cruise,2,2718.25,1
TRIP17921,USER6364,Barcelona,17-12-2024,11-03-2025,Adventure,Train,5,3557.43,5
TRIP17922,USER2957,Istanbul,30-11-2024,18-12-2024,Leisure,Car,4,4258.26,6
TRIP17923,USER7595,Tokyo,05-08-2024,04-11-2024,Family,Bus,2,1329.99,6
TRIP17924,USER9207,Istanbul,06-11-2024,24-11-2024,Adventure,Cruise,4,3290.69,5
TRIP17925,USER9132,Tokyo,01-05-2024,23-11-2024,Leisure,Cruise,5,4264.41,8
TRIP17926,USER9798,Istanbul,06-08-2024,21-01-2025,Adventure,Cruise,3,3993.71,6
TRIP17927,USER6395,Paris,05-08-2024,09-12-2024,Cultural,Car,4,4320.16,8
TRIP17928,USER2239,London,10-09-2024,16-02-2025,Family,Car,4,4073.77,1
TRIP17930,USER8687,Dubai,30-10-2024,05-02-2025,Adventure,Cruise,5,2261.24,10
TRIP17931,USER5292,Barcelona,28-07-2024,04-04-2025,Leisure,Cruise,5,1411.61,10
TRIP17932,USER3852,Dubai,03-10-2024,08-03-2025,Cultural,Car,2,3628.92,8
TRIP17933,USER8593,Paris,22-07-2024,28-01-2025,Adventure,Bus,5,2984.03,10
TRIP17934,USER8008,Barcelona,15-05-2024,06-07-2024,Adventure,Car,5,4750.17,10
TRIP17935,USER5262,Paris,09-06-2024,13-08-2024,Family,Flight,1,3757.29,8
TRIP17936,USER9927,Rome,24-05-2024,04-09-2024,Adventure,Train,3,1737.76,2
TRIP17937,USER2265,Bangkok,17-11-2024,12-02-2025,Beach,Train,2,2248.39,8
TRIP17938,USER4860,New York,22-05-2024,06-10-2024,Adventure,Train,2,2723.95,9
TRIP17939,USER5323,Paris,14-07-2024,17-01-2025,Cultural,Car,4,2222.41,6
TRIP17940,USER9522,Rome,09-08-2024,11-10-2024,Family,Bus,1,1410.89,1
TRIP17941,USER4451,Barcelona,04-12-2024,21-12-2024,Beach,Cruise,3,2970.49,10
TRIP17942,USER8989,Istanbul,28-04-2024,25-06-2024,Cultural,Bus,2,1711.48,3
TRIP17943,USER8096,Sydney,25-07-2024,14-08-2024,Family,Flight,1,873.49,7
TRIP17944,USER2889,Dubai,09-03-2025,20-03-2025,Adventure,Bus,2,2442.56,9
TRIP17945,USER7910,Tokyo,10-02-2025,20-02-2025,Adventure,Bus,1,1926.31,8
TRIP17946,USER7189,Sydney,29-03-2024,24-11-2024,Cultural,Bus,2,1333.47,10
TRIP17947,USER9941,Dubai,17-07-2024,09-04-2025,Cultural,Car,5,1491.04,10
TRIP17948,USER2799,Sydney,14-07-2024,06-11-2024,Leisure,Train,3,823.55,2
TRIP17949,USER6537,London,10-12-2024,08-01-2025,Cultural,Train,3,1942.32,8
TRIP17950,USER7779,Sydney,11-07-2024,21-09-2024,Business,Car,5,1802.42,5
TRIP17951,USER3085,Barcelona,15-04-2024,13-04-2025,Adventure,Flight,4,2798.07,4
TRIP17952,USER5134,Bangkok,30-07-2024,01-09-2024,Leisure,Train,4,2046.42,10
TRIP17953,USER2535,Dubai,29-10-2024,16-01-2025,Cultural,Train,2,4800.08,4
TRIP17954,USER3818,Rome,16-11-2024,05-02-2025,Adventure,Car,3,3003.88,10
TRIP17955,USER8770,London,17-07-2024,24-03-2025,Adventure,Bus,2,4040.46,8
TRIP17956,USER2940,London,02-07-2024,20-10-2024,Cultural,Train,4,2130.36,4
TRIP17957,USER7856,Tokyo,23-08-2024,06-03-2025,Beach,Flight,4,825.87,1
TRIP17958,USER9527,Tokyo,14-01-2025,01-04-2025,Cultural,Bus,2,3771.03,3
TRIP17959,USER7210,New York,01-06-2024,09-06-2024,Leisure,Train,4,4825.72,3
TRIP17960,USER4205,Dubai,04-08-2024,01-02-2025,Beach,Cruise,1,1935.73,9
TRIP17961,USER3586,Istanbul,11-07-2024,16-11-2024,Family,Bus,4,3402.87,3
TRIP17962,USER6995,Dubai,05-08-2024,27-03-2025,Family,Train,3,3683.33,7
TRIP17963,USER5353,Sydney,27-11-2024,19-12-2024,Adventure,Flight,4,1122.47,10
TRIP17964,USER9956,New York,06-12-2024,20-01-2025,Family,Bus,3,645.4,9
TRIP17965,USER4557,Istanbul,16-03-2025,22-03-2025,Beach,Car,1,1417.4,1
TRIP17966,USER5623,New York,25-07-2024,07-09-2024,Leisure,Bus,3,4335.8,2
TRIP17967,USER3423,New York,21-08-2024,22-03-2025,Cultural,Train,5,2103.44,8
TRIP17968,USER4954,Sydney,30-01-2025,30-03-2025,Leisure,Train,3,3227.68,7
TRIP17969,USER2036,New York,22-07-2024,16-08-2024,Cultural,Cruise,4,4262.94,5
TRIP17970,USER2399,New York,05-01-2025,28-02-2025,Business,Train,5,3875.85,5
TRIP17971,USER2077,Sydney,01-09-2024,03-11-2024,Leisure,Car,2,2267.8,10
TRIP17972,USER8455,Barcelona,07-01-2025,09-01-2025,Leisure,Train,4,3494.15,1
TRIP17973,USER5719,Bangkok,19-06-2024,16-10-2024,Leisure,Car,1,3837.14,3
TRIP17974,USER9578,Sydney,05-02-2025,12-03-2025,Business,Cruise,4,862.2,10
TRIP17975,USER6073,Bangkok,19-12-2024,05-04-2025,Beach,Flight,4,1465.89,9
TRIP17976,USER1938,Bangkok,12-09-2024,14-09-2024,Beach,Bus,2,2357.1,8
TRIP17977,USER3041,London,24-06-2024,03-02-2025,Family,Bus,1,1099.82,6
TRIP17978,USER8273,London,05-01-2025,15-03-2025,Beach,Car,4,2687.14,4
TRIP17979,USER8076,Barcelona,04-01-2025,02-03-2025,Leisure,Train,4,3807.36,2
TRIP17980,USER9081,New York,06-07-2024,24-01-2025,Business,Flight,4,4356.46,7
TRIP17981,USER1648,London,17-01-2025,09-03-2025,Leisure,Flight,4,4220.66,7
TRIP17982,USER7600,New York,11-09-2024,19-12-2024,Beach,Flight,1,1624.6,9
TRIP17983,USER9188,Dubai,07-02-2025,08-04-2025,Adventure,Train,5,3456.03,7
TRIP17984,USER9593,Istanbul,14-11-2024,16-01-2025,Family,Train,5,2778.64,9
TRIP17985,USER6855,Rome,02-12-2024,07-02-2025,Business,Cruise,4,3257.93,9
TRIP17986,USER6921,Tokyo,29-06-2024,06-10-2024,Cultural,Flight,3,2540.8,9
TRIP17987,USER7162,Istanbul,27-12-2024,16-02-2025,Beach,Bus,1,2791.08,2
TRIP17988,USER5984,Dubai,16-01-2025,12-04-2025,Cultural,Flight,1,3628.87,2
TRIP17989,USER8002,Barcelona,13-06-2024,28-11-2024,Adventure,Flight,1,3486.45,1
TRIP17990,USER2928,Tokyo,25-12-2024,22-02-2025,Business,Train,1,1668.39,8
TRIP17991,USER1172,Rome,09-08-2024,16-02-2025,Adventure,Car,1,800.11,7
TRIP17992,USER9331,Rome,20-08-2024,26-08-2024,Cultural,Train,1,3350.17,7
TRIP17993,USER5848,Bangkok,26-01-2025,01-03-2025,Business,Flight,2,4308.71,8
TRIP17994,USER3513,Paris,10-12-2024,07-01-2025,Beach,Car,4,1728.55,7
TRIP17995,USER2816,Rome,23-09-2024,21-10-2024,Business,Car,5,1126.15,10
TRIP17996,USER7744,London,25-09-2024,14-04-2025,Leisure,Bus,4,3990.04,7
TRIP17997,USER9840,Bangkok,06-12-2024,13-03-2025,Family,Bus,5,2356.92,3
TRIP17998,USER9536,New York,27-07-2024,03-09-2024,Family,Train,1,4320.43,1
TRIP17999,USER2421,London,05-05-2024,01-06-2024,Business,Flight,4,4763.11,9
TRIP18000,USER8999,Sydney,06-01-2025,15-03-2025,Adventure,Cruise,5,1954.28,3
TRIP18001,USER2987,Dubai,08-12-2024,31-12-2024,Beach,Cruise,4,3706.76,5
TRIP18002,USER5749,Sydney,14-03-2025,18-03-2025,Leisure,Cruise,5,2717.34,4
TRIP18003,USER8416,Sydney,27-03-2024,03-12-2024,Leisure,Train,3,1805.72,10
TRIP18004,USER2617,Rome,16-03-2024,19-01-2025,Family,Train,4,4622.04,5
TRIP18005,USER9544,Bangkok,10-05-2024,28-05-2024,Leisure,Car,2,1212.41,10
TRIP18006,USER5297,London,14-07-2024,07-03-2025,Cultural,Bus,4,1469.79,7
TRIP18007,USER5752,Sydney,13-03-2025,11-04-2025,Family,Flight,3,2238.43,5
TRIP18008,USER6021,New York,11-12-2024,30-01-2025,Family,Bus,1,4662.33,8
TRIP18009,USER8783,Dubai,14-09-2024,06-04-2025,Family,Car,1,3607.49,7
TRIP18010,USER2440,London,17-08-2024,01-02-2025,Cultural,Train,1,2306.48,4
TRIP18011,USER2622,London,21-06-2024,27-01-2025,Leisure,Bus,5,2262.29,6
TRIP18012,USER5755,London,02-09-2024,11-10-2024,Leisure,Car,1,1413.12,1
TRIP18013,USER2250,Bangkok,22-07-2024,22-08-2024,Beach,Bus,2,4124.13,2
TRIP18014,USER5850,Istanbul,05-12-2024,17-02-2025,Adventure,Train,5,4611.15,7
TRIP18015,USER2282,Dubai,26-01-2025,01-03-2025,Beach,Bus,3,1593.44,10
TRIP18016,USER2754,New York,11-06-2024,03-07-2024,Leisure,Car,1,3884.36,5
TRIP18017,USER2771,London,09-01-2025,22-01-2025,Cultural,Car,3,4250.93,8
TRIP18018,USER4903,New York,23-04-2024,16-02-2025,Cultural,Bus,2,2871.57,9
TRIP18019,USER3078,Barcelona,03-01-2025,13-04-2025,Business,Car,4,2133.18,10
TRIP18020,USER4156,Bangkok,06-01-2025,31-03-2025,Family,Train,3,3071.76,4
TRIP18021,USER7095,Tokyo,14-12-2024,21-01-2025,Beach,Flight,4,4906.56,4
TRIP18022,USER4524,Barcelona,21-11-2024,17-03-2025,Cultural,Flight,5,2901.86,3
TRIP18023,USER3740,Bangkok,05-04-2024,17-04-2024,Business,Car,3,2023.89,10
TRIP18024,USER8071,Bangkok,12-01-2025,07-02-2025,Adventure,Train,3,1162.94,7
TRIP18025,USER5046,London,07-06-2024,13-09-2024,Cultural,Car,1,3087.74,8
TRIP18026,USER4055,London,28-11-2024,09-02-2025,Beach,Cruise,5,2451.25,3
TRIP18027,USER5629,Bangkok,19-07-2024,28-12-2024,Cultural,Cruise,2,717.9,4
TRIP18028,USER9977,Tokyo,19-03-2024,21-07-2024,Adventure,Car,3,1353.96,3
TRIP18029,USER1148,Paris,08-03-2025,02-04-2025,Family,Train,3,1643.11,1
TRIP18030,USER9613,London,18-09-2024,05-01-2025,Business,Car,1,3753.12,5
TRIP18031,USER4786,Dubai,24-09-2024,21-12-2024,Leisure,Cruise,2,4662.5,5
TRIP18032,USER2669,Paris,13-06-2024,27-07-2024,Family,Bus,4,3191.98,2
TRIP18033,USER2129,Bangkok,01-03-2025,11-03-2025,Beach,Cruise,5,598.95,10
TRIP18034,USER7413,London,23-03-2024,30-01-2025,Cultural,Car,2,4818.41,9
TRIP18035,USER3394,Sydney,24-03-2024,24-09-2024,Family,Cruise,5,3163.68,7
TRIP18036,USER6536,Rome,03-08-2024,14-11-2024,Cultural,Car,3,4098.27,4
TRIP18037,USER1635,London,03-09-2024,16-09-2024,Adventure,Car,2,1913.73,6
TRIP18038,USER2040,Dubai,31-08-2024,08-04-2025,Leisure,Train,1,1045.65,1
TRIP18039,USER2567,London,01-10-2024,06-12-2024,Adventure,Car,4,3733.62,9
TRIP18040,USER6682,Barcelona,19-08-2024,30-11-2024,Beach,Bus,2,2086.2,7
TRIP18041,USER4228,Rome,02-12-2024,07-12-2024,Family,Car,2,963.31,7
TRIP18042,USER1439,New York,27-04-2024,04-09-2024,Cultural,Flight,4,3088.53,2
TRIP18043,USER8266,Rome,19-03-2024,27-12-2024,Family,Car,4,3468.94,1
TRIP18044,USER6859,Rome,02-08-2024,23-01-2025,Leisure,Cruise,1,664.86,3
TRIP18045,USER5180,Sydney,19-01-2025,26-03-2025,Business,Bus,3,2323.57,2
TRIP18046,USER2696,Bangkok,29-10-2024,07-03-2025,Beach,Flight,1,4795.77,6
TRIP18047,USER2810,Rome,17-06-2024,06-08-2024,Cultural,Cruise,4,3536.84,1
TRIP18048,USER3888,Dubai,08-07-2024,03-04-2025,Beach,Cruise,1,2496.46,6
TRIP18049,USER4713,London,19-09-2024,01-03-2025,Leisure,Train,4,1175.36,2
TRIP18050,USER6251,Rome,26-01-2025,27-01-2025,Beach,Bus,2,1002.3,6
TRIP18051,USER3236,Barcelona,08-08-2024,04-03-2025,Beach,Bus,2,3343.93,6
TRIP18052,USER8271,Tokyo,26-08-2024,04-04-2025,Beach,Train,2,1768.45,10
TRIP18053,USER7330,Dubai,21-12-2024,23-03-2025,Adventure,Train,4,1253.01,1
TRIP18054,USER3247,Tokyo,01-08-2024,02-09-2024,Cultural,Cruise,2,4993.42,2
TRIP18055,USER9639,Barcelona,04-10-2024,09-01-2025,Leisure,Train,3,1453.9,7
TRIP18056,USER8555,Barcelona,19-12-2024,06-03-2025,Business,Train,3,4573.71,1
TRIP18057,USER6331,Rome,07-01-2025,20-03-2025,Beach,Flight,1,887.61,1
TRIP18058,USER3561,Tokyo,28-06-2024,13-12-2024,Beach,Train,2,684.7,3
TRIP18059,USER2967,Istanbul,24-11-2024,01-02-2025,Beach,Car,4,2058.42,6
TRIP18060,USER1744,Sydney,20-02-2025,22-03-2025,Business,Flight,3,2086.44,6
TRIP18061,USER6170,Bangkok,19-05-2024,27-06-2024,Business,Car,5,4597.47,1
TRIP18062,USER7057,Rome,29-09-2024,26-12-2024,Cultural,Bus,5,3410.93,2
TRIP18063,USER7192,Istanbul,16-01-2025,16-02-2025,Beach,Train,2,1199.6,10
TRIP18064,USER5238,New York,09-05-2024,13-08-2024,Leisure,Bus,4,3883.81,1
TRIP18065,USER2715,New York,22-08-2024,08-10-2024,Adventure,Bus,2,4712.01,2
TRIP18066,USER9647,London,02-07-2024,25-09-2024,Leisure,Bus,4,2829.21,6
TRIP18067,USER7562,Tokyo,07-07-2024,10-04-2025,Leisure,Flight,2,1000.64,4
TRIP18068,USER5330,Istanbul,07-04-2024,21-02-2025,Adventure,Cruise,3,4461.86,10
TRIP18069,USER7671,London,17-09-2024,28-12-2024,Beach,Flight,3,1565.2,8
TRIP18070,USER6021,Istanbul,16-06-2024,13-03-2025,Adventure,Cruise,2,3034.36,2
TRIP18071,USER1127,Istanbul,15-05-2024,19-03-2025,Beach,Flight,3,933.83,10
TRIP18072,USER4715,Istanbul,12-04-2024,22-10-2024,Business,Cruise,3,3422.69,2
TRIP18073,USER1194,Barcelona,24-05-2024,10-07-2024,Beach,Cruise,1,1723.25,2
TRIP18074,USER7173,Rome,24-01-2025,08-04-2025,Cultural,Cruise,3,4220.03,8
TRIP18075,USER5875,Sydney,03-07-2024,08-09-2024,Adventure,Train,2,4893.67,1
TRIP18076,USER5335,London,24-10-2024,05-12-2024,Business,Bus,3,1589.92,2
TRIP18077,USER8247,Bangkok,22-03-2024,22-12-2024,Cultural,Car,2,4466.05,9
TRIP18078,USER2533,Dubai,11-04-2024,11-11-2024,Business,Car,5,4461.83,1
TRIP18079,USER1383,Rome,27-06-2024,19-12-2024,Beach,Bus,4,663.8,3
TRIP18080,USER5328,Sydney,02-09-2024,20-03-2025,Leisure,Cruise,3,3671.67,10
TRIP18081,USER2053,Paris,14-06-2024,02-04-2025,Beach,Cruise,5,3194.19,7
TRIP18082,USER4094,Paris,06-02-2025,16-02-2025,Business,Bus,3,4863.44,1
TRIP18083,USER6067,Bangkok,17-07-2024,29-08-2024,Cultural,Cruise,3,1193.99,2
TRIP18084,USER9869,New York,14-08-2024,17-03-2025,Beach,Cruise,5,1144.3,4
TRIP18085,USER4169,London,11-05-2024,09-03-2025,Cultural,Cruise,4,3173.36,8
TRIP18086,USER3211,London,18-12-2024,27-01-2025,Beach,Train,1,2849.18,5
TRIP18087,USER2557,Bangkok,17-09-2024,22-01-2025,Beach,Cruise,2,1394.2,10
TRIP18088,USER3787,Paris,16-12-2024,24-01-2025,Business,Bus,5,1444.55,10
TRIP18089,USER2802,Tokyo,09-12-2024,10-04-2025,Beach,Flight,5,4269.82,9
TRIP18090,USER1575,Dubai,19-08-2024,03-11-2024,Beach,Flight,1,3744.03,10
TRIP18091,USER4594,New York,06-11-2024,25-11-2024,Adventure,Car,1,2394.46,9
TRIP18092,USER2205,Bangkok,06-02-2025,22-02-2025,Adventure,Flight,2,2708.92,8
TRIP18093,USER5820,Bangkok,25-05-2024,01-03-2025,Business,Car,3,1176.34,7
TRIP18094,USER9292,Tokyo,11-05-2024,18-06-2024,Family,Flight,5,936.64,9
TRIP18095,USER2561,London,12-12-2024,08-01-2025,Beach,Cruise,5,3144.57,4
TRIP18096,USER7773,New York,05-03-2025,11-03-2025,Business,Car,1,1627.69,10
TRIP18097,USER4493,Barcelona,12-08-2024,23-03-2025,Beach,Car,4,3082.83,1
TRIP18098,USER4764,Dubai,25-12-2024,03-03-2025,Leisure,Bus,4,4715.52,3
TRIP18099,USER4978,Tokyo,08-09-2024,22-09-2024,Cultural,Flight,5,4098.53,6
TRIP18100,USER4483,Istanbul,13-04-2024,03-09-2024,Leisure,Train,4,1634.42,10
TRIP18101,USER2676,Bangkok,31-03-2024,03-11-2024,Leisure,Car,3,2564.82,3
TRIP18102,USER1586,New York,17-10-2024,30-01-2025,Family,Flight,5,1342.65,10
TRIP18103,USER3970,Barcelona,19-10-2024,01-11-2024,Business,Bus,2,4543.92,5
TRIP18104,USER5659,Barcelona,25-04-2024,09-10-2024,Cultural,Cruise,3,2937.12,9
TRIP18105,USER6293,Sydney,21-07-2024,20-09-2024,Business,Flight,1,2882.4,6
TRIP18106,USER6881,Tokyo,24-06-2024,23-11-2024,Business,Train,3,4633.72,3
TRIP18107,USER7096,Rome,31-05-2024,11-09-2024,Business,Train,1,1666.14,3
TRIP18108,USER3818,Dubai,28-10-2024,16-12-2024,Cultural,Car,1,1681.9,8
TRIP18109,USER5806,Dubai,02-06-2024,08-10-2024,Business,Bus,3,1014.53,10
TRIP18110,USER4162,Bangkok,23-01-2025,21-03-2025,Cultural,Cruise,2,3576.62,3
TRIP18111,USER5367,Barcelona,07-04-2024,28-12-2024,Beach,Car,2,1005.74,5
TRIP18112,USER8687,London,09-11-2024,01-03-2025,Leisure,Bus,4,2592.33,3
TRIP18113,USER2468,Tokyo,11-08-2024,25-09-2024,Business,Train,4,4201.31,10
TRIP18114,USER6051,London,11-05-2024,03-12-2024,Cultural,Train,2,2891.09,1
TRIP18115,USER6177,Bangkok,03-01-2025,10-02-2025,Business,Train,1,1153.77,3
TRIP18116,USER1799,Rome,12-02-2025,12-03-2025,Cultural,Flight,4,1038.24,8
TRIP18117,USER8599,Paris,19-05-2024,25-02-2025,Cultural,Car,3,771.19,8
TRIP18118,USER7834,Paris,07-12-2024,11-02-2025,Leisure,Cruise,1,3781.35,1
TRIP18119,USER4860,Paris,18-01-2025,22-01-2025,Adventure,Car,2,4333.99,10
TRIP18120,USER5945,Paris,24-01-2025,16-02-2025,Cultural,Cruise,3,4173.29,3
TRIP18121,USER3880,Paris,03-12-2024,24-01-2025,Adventure,Cruise,5,892.31,6
TRIP18122,USER8894,London,27-08-2024,17-03-2025,Adventure,Cruise,2,4366.26,10
TRIP18123,USER9511,Barcelona,18-08-2024,21-09-2024,Family,Cruise,1,3080,6
TRIP18124,USER3500,Sydney,15-02-2025,06-03-2025,Cultural,Cruise,1,3716.17,2
TRIP18125,USER7425,Paris,14-05-2024,22-08-2024,Business,Car,3,3381.19,6
TRIP18126,USER6794,Barcelona,09-11-2024,02-12-2024,Beach,Flight,2,4645.42,1
TRIP18127,USER3942,Sydney,23-09-2024,15-11-2024,Leisure,Bus,3,2934.11,8
TRIP18128,USER5979,New York,06-01-2025,21-02-2025,Leisure,Cruise,2,1740.7,2
TRIP18129,USER8979,Rome,11-12-2024,03-03-2025,Business,Bus,5,548.18,6
TRIP18130,USER7478,Tokyo,10-05-2024,08-01-2025,Family,Car,1,2207.95,3
TRIP18131,USER1334,Tokyo,07-10-2024,14-10-2024,Leisure,Bus,2,872.82,5
TRIP18132,USER7854,Sydney,03-10-2024,20-01-2025,Beach,Cruise,4,4986.02,4
TRIP18133,USER5575,Bangkok,01-09-2024,16-10-2024,Adventure,Bus,5,4912.62,5
TRIP18134,USER3841,London,17-10-2024,29-12-2024,Leisure,Cruise,5,1994.98,9
TRIP18135,USER6106,New York,28-09-2024,01-01-2025,Family,Bus,5,2440.13,7
TRIP18136,USER6584,Dubai,13-01-2025,29-01-2025,Business,Flight,3,1122.5,7
TRIP18137,USER8579,New York,06-12-2024,26-03-2025,Family,Car,2,1823.69,6
TRIP18138,USER7628,Dubai,17-12-2024,18-01-2025,Cultural,Cruise,1,3391.78,5
TRIP18139,USER3659,Istanbul,08-10-2024,09-02-2025,Family,Cruise,4,2305.04,4
TRIP18140,USER5542,Bangkok,14-11-2024,24-01-2025,Business,Bus,2,1773.35,6
TRIP18141,USER5651,Bangkok,18-02-2025,31-03-2025,Beach,Flight,3,3634.28,9
TRIP18142,USER8265,Barcelona,25-08-2024,25-12-2024,Cultural,Flight,1,3777.23,10
TRIP18143,USER9144,Bangkok,12-07-2024,31-08-2024,Adventure,Train,1,1714.19,8
TRIP18144,USER2241,Tokyo,07-05-2024,01-01-2025,Family,Flight,1,4611.89,9
TRIP18145,USER7026,Sydney,02-10-2024,02-10-2024,Leisure,Flight,3,4725.2,8
TRIP18146,USER1434,Barcelona,03-09-2024,10-09-2024,Leisure,Cruise,2,2170.84,7
TRIP18147,USER9591,London,22-04-2024,11-08-2024,Adventure,Car,3,1640.43,1
TRIP18148,USER8172,Rome,21-01-2025,14-02-2025,Leisure,Car,3,4406.3,3
TRIP18149,USER5004,Barcelona,06-11-2024,30-01-2025,Leisure,Cruise,1,559.52,6
TRIP18150,USER2206,New York,23-08-2024,12-01-2025,Beach,Cruise,3,4377.34,7
TRIP18151,USER6163,Paris,17-06-2024,20-03-2025,Adventure,Cruise,5,1185.63,2
TRIP18152,USER9144,Sydney,28-03-2024,03-04-2024,Beach,Bus,1,922.69,8
TRIP18153,USER1155,Sydney,10-10-2024,18-03-2025,Cultural,Train,5,1787.03,4
TRIP18154,USER1274,Dubai,05-07-2024,13-09-2024,Beach,Train,4,2642.53,3
TRIP18155,USER4151,London,05-06-2024,14-08-2024,Cultural,Bus,1,3855.3,3
TRIP18156,USER4822,Tokyo,05-09-2024,21-11-2024,Beach,Train,3,2264.47,6
TRIP18157,USER5655,Tokyo,03-06-2024,13-02-2025,Leisure,Car,2,1706,1
TRIP18158,USER5109,Dubai,05-01-2025,04-02-2025,Beach,Cruise,3,3580.63,10
TRIP18159,USER9743,Sydney,17-12-2024,27-01-2025,Business,Cruise,2,3092.63,4
TRIP18160,USER5500,Barcelona,29-03-2024,20-12-2024,Leisure,Car,5,978.34,2
TRIP18161,USER5650,Rome,01-09-2024,14-04-2025,Adventure,Bus,5,3754.4,3
TRIP18162,USER7249,Sydney,02-04-2024,10-07-2024,Beach,Car,5,1426.24,9
TRIP18163,USER9313,Barcelona,08-02-2025,01-03-2025,Leisure,Train,4,1488.89,9
TRIP18164,USER2060,Paris,15-07-2024,15-12-2024,Beach,Cruise,3,3358.2,7
TRIP18165,USER4705,Bangkok,27-11-2024,25-03-2025,Cultural,Bus,4,1280.14,4
TRIP18166,USER9388,New York,10-06-2024,20-02-2025,Beach,Flight,2,1142.34,1
TRIP18167,USER3843,Paris,06-09-2024,03-12-2024,Adventure,Bus,4,2711.75,1
TRIP18168,USER8497,New York,03-03-2025,16-03-2025,Beach,Cruise,5,3532.3,7
TRIP18169,USER9450,Tokyo,07-06-2024,18-09-2024,Beach,Bus,5,4924.75,1
TRIP18170,USER9455,Tokyo,08-03-2025,25-03-2025,Family,Train,1,3709.42,5
TRIP18171,USER7158,Tokyo,18-07-2024,03-10-2024,Cultural,Car,5,3262.1,4
TRIP18172,USER3731,Tokyo,02-04-2024,09-02-2025,Business,Train,1,4843.13,3
TRIP18173,USER9368,Barcelona,20-12-2024,27-03-2025,Cultural,Flight,5,550.47,3
TRIP18174,USER2550,Tokyo,13-06-2024,06-03-2025,Adventure,Train,5,3165.4,1
TRIP18175,USER1557,Sydney,11-04-2024,06-11-2024,Leisure,Flight,4,1580.85,10
TRIP18176,USER8778,Dubai,01-07-2024,23-01-2025,Cultural,Car,1,2710.26,1
TRIP18177,USER3161,Barcelona,27-01-2025,23-02-2025,Adventure,Car,1,652.98,1
TRIP18178,USER9287,Istanbul,19-02-2025,02-03-2025,Business,Bus,4,1150.24,6
TRIP18179,USER3621,New York,21-08-2024,04-04-2025,Family,Flight,2,3531.65,2
TRIP18180,USER7606,Rome,08-06-2024,26-02-2025,Family,Cruise,3,2262.4,7
TRIP18181,USER2614,Istanbul,25-10-2024,02-02-2025,Business,Flight,1,4396.68,5
TRIP18182,USER5292,Bangkok,21-06-2024,06-01-2025,Cultural,Cruise,2,4187.61,8
TRIP18183,USER9197,Bangkok,09-09-2024,04-01-2025,Family,Car,4,996.45,9
TRIP18184,USER6915,Tokyo,27-06-2024,16-03-2025,Beach,Flight,3,3044.52,9
TRIP18185,USER5554,New York,05-12-2024,27-02-2025,Beach,Car,4,3954.08,2
TRIP18186,USER4664,London,29-11-2024,17-02-2025,Cultural,Bus,3,2309.89,5
TRIP18187,USER7879,London,19-11-2024,20-01-2025,Adventure,Train,5,2347.75,1
TRIP18188,USER3127,New York,19-01-2025,03-03-2025,Family,Train,4,2758.02,7
TRIP18189,USER9605,New York,01-11-2024,09-03-2025,Family,Cruise,3,4965.05,3
TRIP18190,USER1505,Rome,22-07-2024,24-01-2025,Leisure,Bus,2,4991.87,8
TRIP18191,USER5974,Istanbul,18-03-2024,25-11-2024,Leisure,Flight,2,3679.62,8
TRIP18192,USER6014,Tokyo,26-09-2024,08-02-2025,Business,Train,5,1981.52,3
TRIP18193,USER9304,Bangkok,26-06-2024,19-08-2024,Adventure,Car,1,688.1,2
TRIP18194,USER3192,Sydney,20-10-2024,21-03-2025,Leisure,Bus,3,4155.52,7
TRIP18195,USER9438,Dubai,22-09-2024,06-02-2025,Beach,Flight,3,4793.05,2
TRIP18196,USER7783,Dubai,08-10-2024,29-03-2025,Leisure,Cruise,2,1410.4,7
TRIP18197,USER8141,New York,09-08-2024,22-10-2024,Family,Car,4,2775.54,5
TRIP18198,USER3196,London,02-10-2024,27-03-2025,Family,Car,3,2622.75,8
TRIP18199,USER2951,London,07-01-2025,11-02-2025,Business,Car,3,4343.9,6
TRIP18200,USER8588,Sydney,05-04-2024,24-01-2025,Business,Flight,3,3357.91,10
TRIP18201,USER4537,London,27-07-2024,20-10-2024,Family,Bus,1,2094.45,2
TRIP18202,USER4116,Bangkok,25-10-2024,13-04-2025,Cultural,Train,2,3957.97,1
TRIP18203,USER5977,Dubai,08-10-2024,24-11-2024,Beach,Bus,3,4750.77,3
TRIP18204,USER6097,Tokyo,10-08-2024,13-10-2024,Family,Train,1,2266.33,8
TRIP18205,USER5280,Bangkok,19-01-2025,24-02-2025,Leisure,Flight,5,3079.58,2
TRIP18206,USER9605,Rome,05-07-2024,01-11-2024,Business,Car,3,2698.51,9
TRIP18207,USER2814,New York,29-11-2024,29-01-2025,Business,Bus,2,4465.12,3
TRIP18208,USER9748,Bangkok,08-11-2024,13-11-2024,Cultural,Car,2,3289.13,9
TRIP18209,USER2027,London,23-01-2025,23-02-2025,Adventure,Train,2,4557.72,7
TRIP18210,USER7011,Bangkok,14-06-2024,03-04-2025,Cultural,Cruise,3,4169.14,10
TRIP18211,USER5045,Paris,24-07-2024,22-02-2025,Cultural,Train,5,3481.9,8
TRIP18212,USER5059,Istanbul,13-03-2025,14-04-2025,Leisure,Train,3,3008.27,8
TRIP18213,USER6737,London,30-08-2024,13-10-2024,Beach,Cruise,3,2042.91,2
TRIP18214,USER9577,Rome,16-09-2024,01-12-2024,Cultural,Car,1,3430.69,7
TRIP18215,USER8206,Tokyo,14-06-2024,23-08-2024,Cultural,Flight,3,3963.96,10
TRIP18216,USER8124,Sydney,19-10-2024,17-11-2024,Cultural,Cruise,1,2676.38,9
TRIP18217,USER5944,Rome,15-04-2024,16-08-2024,Business,Car,1,2598.79,9
TRIP18218,USER5547,Paris,07-05-2024,01-03-2025,Beach,Car,2,3407.26,6
TRIP18219,USER3441,New York,09-01-2025,08-03-2025,Business,Car,1,1782.53,6
TRIP18220,USER5754,Tokyo,05-03-2025,04-04-2025,Business,Car,4,4239.51,9
TRIP18221,USER1890,Tokyo,30-09-2024,28-02-2025,Beach,Flight,1,1290.19,8
TRIP18222,USER1283,Bangkok,19-06-2024,19-11-2024,Business,Cruise,4,904.43,7
TRIP18223,USER9233,Rome,30-11-2024,16-12-2024,Leisure,Cruise,3,867.08,9
TRIP18224,USER9187,Dubai,15-08-2024,21-01-2025,Leisure,Car,2,3176.12,7
TRIP18225,USER8487,Istanbul,27-04-2024,02-02-2025,Leisure,Train,2,2911.3,1
TRIP18226,USER3321,Istanbul,12-12-2024,25-01-2025,Leisure,Bus,4,2898.01,9
TRIP18227,USER7751,Paris,27-01-2025,17-03-2025,Business,Bus,3,694.71,3
TRIP18228,USER7407,London,24-05-2024,10-02-2025,Adventure,Car,3,1602.85,6
TRIP18229,USER8782,Barcelona,26-07-2024,04-04-2025,Family,Train,4,1019.22,3
TRIP18230,USER5120,Barcelona,28-09-2024,25-03-2025,Leisure,Cruise,3,3712.92,10
TRIP18231,USER1066,New York,04-03-2025,10-03-2025,Business,Train,4,2965.02,7
TRIP18232,USER5913,Bangkok,31-07-2024,24-10-2024,Beach,Train,1,3181.62,9
TRIP18233,USER5393,Bangkok,31-05-2024,04-11-2024,Business,Cruise,2,570.61,1
TRIP18234,USER8093,London,18-09-2024,14-10-2024,Beach,Cruise,5,1925.76,9
TRIP18235,USER7926,London,20-11-2024,23-12-2024,Family,Flight,2,4769.11,3
TRIP18236,USER4962,Istanbul,09-07-2024,18-09-2024,Business,Bus,2,2230.42,1
TRIP18237,USER4854,New York,03-09-2024,17-03-2025,Beach,Bus,4,3442.14,3
TRIP18238,USER4809,Paris,16-11-2024,11-02-2025,Leisure,Train,5,2690.46,4
TRIP18239,USER3994,Istanbul,26-02-2025,28-02-2025,Family,Train,1,1132.76,2
TRIP18240,USER8851,Rome,28-08-2024,05-02-2025,Leisure,Car,1,3657.27,7
TRIP18241,USER3331,Tokyo,30-11-2024,08-12-2024,Leisure,Cruise,4,4502.14,6
TRIP18242,USER3580,Rome,26-01-2025,24-02-2025,Family,Train,2,3088.93,4
TRIP18243,USER8466,Dubai,10-08-2024,21-03-2025,Beach,Bus,2,3218.18,7
TRIP18244,USER1221,Paris,07-11-2024,08-11-2024,Business,Flight,1,1512.15,6
TRIP18245,USER3576,Tokyo,12-04-2024,20-07-2024,Beach,Cruise,3,2576.69,8
TRIP18246,USER4313,Sydney,18-04-2024,04-04-2025,Business,Car,3,4828.44,9
TRIP18247,USER2935,Rome,18-03-2024,22-06-2024,Beach,Train,3,1496.2,5
TRIP18248,USER3523,New York,28-08-2024,18-10-2024,Business,Train,4,2475.13,3
TRIP18249,USER6490,Rome,05-09-2024,13-10-2024,Cultural,Flight,5,3718.95,4
TRIP18250,USER1113,Barcelona,21-08-2024,15-03-2025,Leisure,Flight,5,4495.03,4
TRIP18251,USER7182,Barcelona,02-08-2024,15-04-2025,Cultural,Car,3,2380.25,9
TRIP18252,USER3473,London,22-10-2024,23-01-2025,Adventure,Cruise,3,4251.18,4
TRIP18253,USER7902,Dubai,29-12-2024,07-01-2025,Business,Train,2,4131.38,2
TRIP18254,USER7283,Paris,27-03-2024,22-04-2024,Family,Cruise,3,4115.4,3
TRIP18255,USER5899,Sydney,27-08-2024,19-01-2025,Adventure,Flight,1,4118.21,9
TRIP18256,USER8814,Tokyo,08-06-2024,25-11-2024,Business,Flight,1,1595.11,3
TRIP18257,USER4360,Bangkok,24-01-2025,20-02-2025,Family,Train,3,3074.37,10
TRIP18258,USER8777,New York,14-10-2024,28-03-2025,Family,Flight,2,1295.77,3
TRIP18259,USER7566,Bangkok,21-06-2024,03-02-2025,Cultural,Train,1,3874.73,10
TRIP18260,USER7721,Tokyo,11-12-2024,20-01-2025,Beach,Flight,5,1420.75,2
TRIP18261,USER6378,Rome,02-10-2024,08-01-2025,Cultural,Bus,3,4064.72,7
TRIP18262,USER3577,Istanbul,22-09-2024,30-03-2025,Beach,Flight,2,4402.71,3
TRIP18263,USER6997,Rome,29-12-2024,25-02-2025,Family,Train,1,4030.65,3
TRIP18264,USER5711,Dubai,05-09-2024,28-11-2024,Adventure,Car,5,2336.03,6
TRIP18265,USER9917,Barcelona,10-09-2024,27-01-2025,Family,Car,4,3794.84,4
TRIP18266,USER6461,Bangkok,07-05-2024,04-09-2024,Beach,Cruise,2,1351.92,4
TRIP18267,USER3184,Barcelona,03-07-2024,26-10-2024,Beach,Bus,3,2930.23,1
TRIP18268,USER7675,Sydney,10-04-2024,10-03-2025,Beach,Car,1,633.46,2
TRIP18269,USER1281,London,25-11-2024,23-03-2025,Business,Cruise,5,2747.38,3
TRIP18270,USER7276,New York,24-11-2024,11-02-2025,Adventure,Car,1,3673.67,4
TRIP18271,USER9369,Sydney,30-10-2024,24-01-2025,Adventure,Car,5,4661.89,4
TRIP18272,USER5332,London,08-02-2025,31-03-2025,Cultural,Cruise,3,1599.56,6
TRIP18273,USER6589,Dubai,30-09-2024,16-03-2025,Cultural,Flight,5,1576.31,5
TRIP18274,USER2308,New York,17-02-2025,18-03-2025,Business,Bus,1,2361.57,5
TRIP18275,USER3407,Dubai,05-02-2025,28-03-2025,Beach,Flight,1,2132.2,2
TRIP18276,USER9303,Paris,07-11-2024,11-01-2025,Leisure,Car,5,2403.86,10
TRIP18277,USER3677,Tokyo,30-03-2024,02-03-2025,Family,Bus,2,1608.57,4
TRIP18278,USER9996,Paris,20-10-2024,07-03-2025,Beach,Flight,5,4537.89,10
TRIP18279,USER3081,New York,08-03-2025,15-03-2025,Business,Train,4,2069.34,10
TRIP18280,USER2252,Rome,10-08-2024,03-09-2024,Beach,Bus,2,1151.74,1
TRIP18281,USER6289,Bangkok,23-11-2024,18-12-2024,Family,Train,5,3576.58,1
TRIP18282,USER9699,Sydney,22-04-2024,08-12-2024,Family,Bus,1,2443.44,6
TRIP18283,USER5438,Dubai,20-05-2024,02-01-2025,Family,Train,5,4573.97,4
TRIP18284,USER7430,Tokyo,26-12-2024,10-02-2025,Beach,Flight,1,3895.68,7
TRIP18285,USER9268,New York,15-10-2024,07-11-2024,Cultural,Flight,3,1052.5,9
TRIP18286,USER1993,Sydney,06-07-2024,17-10-2024,Cultural,Bus,5,3739.91,8
TRIP18287,USER2231,Bangkok,03-12-2024,12-02-2025,Family,Cruise,3,550.66,6
TRIP18288,USER2612,Barcelona,18-08-2024,13-01-2025,Business,Bus,4,4260.11,9
TRIP18289,USER9755,Rome,18-06-2024,18-01-2025,Leisure,Train,2,2709.79,5
TRIP18290,USER1429,Paris,12-05-2024,03-04-2025,Adventure,Train,2,1549.25,2
TRIP18291,USER4874,Sydney,21-05-2024,21-01-2025,Beach,Flight,2,3158.41,10
TRIP18292,USER5226,Paris,02-07-2024,17-02-2025,Cultural,Flight,2,2751.02,9
TRIP18293,USER8355,Rome,13-03-2025,22-03-2025,Family,Cruise,4,2638.13,8
TRIP18294,USER6798,Sydney,24-02-2025,24-02-2025,Business,Bus,2,4148.73,9
TRIP18295,USER3689,Barcelona,15-07-2024,26-08-2024,Leisure,Bus,1,3946,1
TRIP18296,USER5599,Tokyo,15-10-2024,29-10-2024,Leisure,Car,4,4471.41,10
TRIP18297,USER9394,London,15-04-2024,13-06-2024,Cultural,Flight,4,4513.25,4
TRIP18298,USER4151,New York,12-08-2024,08-10-2024,Family,Cruise,5,2227.4,5
TRIP18299,USER2331,New York,22-12-2024,07-04-2025,Family,Cruise,3,3274.25,1
TRIP18300,USER6453,Dubai,22-12-2024,27-12-2024,Adventure,Car,3,3382.3,9
TRIP18301,USER2170,Sydney,06-10-2024,28-11-2024,Adventure,Car,4,4238.9,1
TRIP18302,USER4636,Istanbul,13-04-2024,07-04-2025,Leisure,Train,2,4601.3,6
TRIP18303,USER2650,Bangkok,13-03-2025,15-04-2025,Cultural,Cruise,4,1660.27,3
TRIP18304,USER7971,Paris,14-02-2025,15-04-2025,Beach,Train,5,2104.22,8
TRIP18305,USER7918,Istanbul,25-11-2024,31-03-2025,Adventure,Flight,3,3164.19,6
TRIP18306,USER2351,Sydney,25-10-2024,21-02-2025,Cultural,Flight,4,2083.88,10
TRIP18307,USER5094,Rome,07-04-2024,07-03-2025,Business,Car,5,4935.49,9
TRIP18308,USER6993,Rome,06-09-2024,17-11-2024,Beach,Bus,2,4492.84,9
TRIP18309,USER8265,Bangkok,06-12-2024,10-04-2025,Family,Flight,2,4462.92,3
TRIP18310,USER6024,London,16-08-2024,11-10-2024,Beach,Car,3,4551.73,10
TRIP18311,USER1996,Istanbul,05-04-2024,17-03-2025,Leisure,Car,4,3888.85,5
TRIP18312,USER7177,Tokyo,15-12-2024,19-02-2025,Beach,Bus,4,3297.04,4
TRIP18313,USER7789,Barcelona,07-03-2025,29-03-2025,Leisure,Car,1,4217.15,9
TRIP18314,USER7517,Sydney,02-07-2024,22-10-2024,Cultural,Bus,4,3920.05,3
TRIP18315,USER2433,Barcelona,23-02-2025,08-03-2025,Cultural,Flight,5,4251.22,5
TRIP18316,USER1354,Tokyo,16-11-2024,19-11-2024,Adventure,Cruise,5,2384.49,1
TRIP18317,USER6624,Barcelona,03-12-2024,05-04-2025,Adventure,Flight,4,3519.46,10
TRIP18318,USER5375,Tokyo,09-12-2024,08-03-2025,Cultural,Flight,5,3256.08,2
TRIP18319,USER7871,Rome,19-05-2024,04-04-2025,Cultural,Train,1,3756.73,4
TRIP18320,USER1081,Bangkok,23-10-2024,25-11-2024,Family,Cruise,5,4196.68,9
TRIP18321,USER6667,Sydney,16-05-2024,16-12-2024,Business,Flight,4,3426.56,3
TRIP18322,USER2612,Barcelona,03-04-2024,20-10-2024,Beach,Cruise,5,4619.71,2
TRIP18323,USER9561,Dubai,26-08-2024,13-01-2025,Beach,Bus,2,3924.38,3
TRIP18324,USER2895,Paris,16-04-2024,30-01-2025,Family,Train,4,4088.77,7
TRIP18325,USER4552,Rome,16-03-2024,28-03-2024,Beach,Car,3,1564.79,4
TRIP18326,USER5480,Sydney,28-11-2024,13-04-2025,Beach,Car,3,2766.22,2
TRIP18327,USER6071,Tokyo,19-10-2024,10-11-2024,Beach,Train,2,3031.91,2
TRIP18328,USER4406,Rome,24-07-2024,09-10-2024,Business,Bus,1,2290.52,9
TRIP18329,USER5485,London,09-04-2024,30-12-2024,Leisure,Bus,2,1738.18,6
TRIP18330,USER8921,New York,18-06-2024,14-09-2024,Leisure,Car,2,1764.88,4
TRIP18331,USER1332,Bangkok,12-11-2024,15-02-2025,Cultural,Car,4,1807.19,7
TRIP18332,USER8544,Istanbul,15-07-2024,10-09-2024,Beach,Cruise,5,4165.17,1
TRIP18333,USER8271,London,06-01-2025,27-03-2025,Business,Train,1,1155.15,1
TRIP18334,USER3405,Barcelona,04-01-2025,25-03-2025,Beach,Bus,4,516.1,3
TRIP18335,USER5556,Istanbul,12-12-2024,13-12-2024,Cultural,Train,2,4322.13,6
TRIP18336,USER6368,Dubai,07-09-2024,07-10-2024,Business,Bus,4,2287.69,2
TRIP18337,USER1457,Barcelona,25-04-2024,31-03-2025,Leisure,Bus,3,2862.64,7
TRIP18338,USER4747,Bangkok,04-06-2024,31-10-2024,Adventure,Car,2,1750.38,10
TRIP18339,USER8794,Bangkok,12-09-2024,21-03-2025,Beach,Train,5,3905.26,8
TRIP18340,USER8002,New York,18-01-2025,14-04-2025,Adventure,Flight,1,4582.5,3
TRIP18341,USER9499,London,28-03-2024,19-12-2024,Adventure,Bus,2,3387.97,7
TRIP18342,USER6976,London,27-09-2024,09-11-2024,Beach,Cruise,2,2343.58,8
TRIP18343,USER9639,Istanbul,03-09-2024,12-01-2025,Family,Car,2,1427.35,5
TRIP18344,USER8550,Dubai,03-07-2024,30-08-2024,Beach,Flight,1,1707.49,7
TRIP18345,USER6336,Paris,05-01-2025,31-01-2025,Cultural,Cruise,1,577.43,4
TRIP18346,USER4463,Bangkok,01-01-2025,19-03-2025,Adventure,Bus,1,2893.22,5
TRIP18347,USER2715,New York,02-05-2024,21-02-2025,Adventure,Cruise,1,1016.91,6
TRIP18348,USER2011,Istanbul,15-01-2025,22-01-2025,Adventure,Flight,1,2199.85,6
TRIP18349,USER4730,Paris,17-06-2024,06-09-2024,Family,Car,4,1314.99,10
TRIP18350,USER6417,Tokyo,16-05-2024,24-02-2025,Business,Flight,1,3759.42,5
TRIP18351,USER2919,Rome,30-08-2024,24-11-2024,Cultural,Cruise,4,4156.01,5
TRIP18352,USER2961,Paris,22-08-2024,16-02-2025,Family,Cruise,5,2431.4,8
TRIP18353,USER9367,Dubai,27-05-2024,18-02-2025,Family,Flight,4,3148.33,3
TRIP18354,USER4317,Rome,29-05-2024,10-07-2024,Leisure,Train,4,1818.55,1
TRIP18355,USER1561,Tokyo,24-05-2024,18-03-2025,Beach,Train,5,1283.31,8
TRIP18356,USER5812,Dubai,09-03-2025,05-04-2025,Cultural,Car,1,3753.8,2
TRIP18357,USER1652,Barcelona,16-04-2024,21-06-2024,Beach,Train,4,3041.56,10
TRIP18358,USER1424,Sydney,17-04-2024,07-06-2024,Business,Train,1,4234.33,6
TRIP18359,USER8706,Tokyo,18-10-2024,14-02-2025,Family,Cruise,2,1790.03,1
TRIP18360,USER8504,Tokyo,03-05-2024,21-05-2024,Business,Bus,5,913.8,3
TRIP18361,USER5088,Dubai,06-03-2025,17-03-2025,Cultural,Flight,3,3958.48,5
TRIP18362,USER1327,Rome,27-10-2024,23-12-2024,Leisure,Bus,4,985.27,9
TRIP18363,USER9307,Rome,09-04-2024,24-03-2025,Cultural,Bus,1,4857.71,1
TRIP18364,USER1682,Dubai,25-06-2024,30-06-2024,Cultural,Flight,5,2050.23,10
TRIP18365,USER8084,Sydney,21-02-2025,02-04-2025,Business,Bus,2,1274.76,4
TRIP18366,USER6415,Dubai,01-04-2024,16-01-2025,Adventure,Cruise,3,4100.62,1
TRIP18367,USER8853,London,28-07-2024,20-10-2024,Cultural,Car,5,2714.24,4
TRIP18368,USER4512,Sydney,31-12-2024,12-03-2025,Beach,Train,4,1165.8,8
TRIP18369,USER5303,London,07-06-2024,11-03-2025,Beach,Car,3,2611.18,3
TRIP18370,USER2587,New York,22-07-2024,01-12-2024,Family,Cruise,5,2117.86,7
TRIP18371,USER2797,Rome,31-08-2024,19-03-2025,Leisure,Car,4,4522.39,10
TRIP18372,USER5752,New York,11-11-2024,25-02-2025,Leisure,Flight,1,1591.97,2
TRIP18373,USER1707,Dubai,15-07-2024,02-10-2024,Family,Car,5,3977.09,2
TRIP18374,USER8204,Barcelona,15-02-2025,26-03-2025,Business,Cruise,5,4314.63,6
TRIP18375,USER7094,Barcelona,18-04-2024,26-03-2025,Adventure,Bus,1,2808.76,1
TRIP18376,USER3753,London,19-12-2024,14-04-2025,Family,Bus,5,856.21,5
TRIP18377,USER5177,Dubai,11-07-2024,12-09-2024,Business,Train,2,4934.32,10
TRIP18378,USER1958,Paris,11-07-2024,31-07-2024,Cultural,Cruise,2,3115.16,2
TRIP18379,USER4921,Paris,06-06-2024,10-06-2024,Adventure,Train,5,1921.9,7
TRIP18380,USER9237,Bangkok,26-08-2024,22-10-2024,Family,Train,1,2876.75,2
TRIP18381,USER9839,Istanbul,16-01-2025,21-02-2025,Beach,Car,1,1931.33,4
TRIP18382,USER2589,Rome,20-09-2024,26-01-2025,Business,Car,2,4870.65,9
TRIP18383,USER3487,New York,25-03-2024,08-02-2025,Family,Bus,2,4315.14,2
TRIP18384,USER1490,New York,16-10-2024,15-03-2025,Beach,Train,2,2054.18,9
TRIP18385,USER2347,Istanbul,14-09-2024,11-12-2024,Leisure,Train,2,2841.84,3
TRIP18386,USER5264,Dubai,17-09-2024,12-04-2025,Business,Train,5,4506.09,3
TRIP18387,USER8891,Paris,23-08-2024,18-09-2024,Business,Train,4,1717.54,3
TRIP18388,USER8644,Sydney,20-08-2024,15-09-2024,Leisure,Flight,4,2527.05,10
TRIP18389,USER1490,Sydney,16-05-2024,14-01-2025,Family,Cruise,4,4804.98,10
TRIP18390,USER2007,New York,28-11-2024,18-01-2025,Family,Cruise,4,2127.87,1
TRIP18391,USER4161,Barcelona,16-01-2025,20-02-2025,Family,Train,5,4459.77,8
TRIP18392,USER7783,Sydney,03-10-2024,10-04-2025,Business,Flight,3,1543.36,9
TRIP18393,USER4003,Istanbul,17-12-2024,15-03-2025,Leisure,Cruise,1,2777.6,4
TRIP18394,USER7204,Barcelona,25-06-2024,08-11-2024,Cultural,Train,1,4846.04,8
TRIP18395,USER1162,Paris,31-05-2024,21-07-2024,Beach,Car,1,2406.86,8
TRIP18396,USER6326,Rome,17-05-2024,20-11-2024,Business,Flight,3,4704.49,3
TRIP18397,USER1085,Istanbul,19-09-2024,01-03-2025,Adventure,Train,1,582.79,3
TRIP18398,USER7130,Istanbul,10-10-2024,11-12-2024,Business,Car,5,4390.16,2
TRIP18399,USER1599,Rome,16-07-2024,29-09-2024,Leisure,Flight,2,4179.18,2
TRIP18400,USER3674,Istanbul,02-02-2025,12-02-2025,Leisure,Bus,5,4812.15,4
TRIP18401,USER7312,Barcelona,26-01-2025,10-03-2025,Adventure,Bus,5,1646.72,2
TRIP18402,USER3019,Barcelona,30-04-2024,24-10-2024,Adventure,Car,4,1407.29,7
TRIP18403,USER2391,Barcelona,10-01-2025,10-03-2025,Beach,Bus,5,3789.55,5
TRIP18404,USER4033,Istanbul,18-10-2024,04-11-2024,Leisure,Train,4,2275.4,4
TRIP18405,USER7407,London,24-04-2024,13-07-2024,Beach,Train,5,885.18,1
TRIP18406,USER3470,Bangkok,17-03-2024,30-06-2024,Beach,Train,5,2742.36,2
TRIP18407,USER9652,Bangkok,04-05-2024,06-05-2024,Leisure,Bus,4,4940.85,6
TRIP18408,USER2459,Sydney,06-06-2024,09-02-2025,Family,Flight,3,2320.69,1
TRIP18409,USER6545,New York,19-09-2024,26-01-2025,Family,Flight,5,2244.75,6
TRIP18410,USER8144,Tokyo,22-06-2024,30-03-2025,Family,Train,2,587.82,4
TRIP18411,USER3178,Dubai,26-10-2024,13-11-2024,Adventure,Train,1,4956.06,2
TRIP18412,USER5459,Paris,01-07-2024,01-07-2024,Beach,Bus,3,4572.18,7
TRIP18413,USER3116,Barcelona,11-03-2025,25-03-2025,Cultural,Cruise,3,4694.16,3
TRIP18414,USER6982,Bangkok,14-10-2024,05-11-2024,Family,Flight,2,4321,6
TRIP18415,USER2092,Rome,20-08-2024,03-11-2024,Cultural,Cruise,5,2771.92,7
TRIP18416,USER8081,Bangkok,10-01-2025,11-03-2025,Leisure,Train,4,3686.46,3
TRIP18417,USER3580,Rome,26-11-2024,04-01-2025,Cultural,Cruise,5,3795.52,10
TRIP18418,USER9239,Dubai,25-12-2024,01-01-2025,Leisure,Train,3,3462.36,1
TRIP18419,USER1424,Paris,19-06-2024,01-02-2025,Beach,Train,3,2955.13,5
TRIP18420,USER4773,Dubai,13-09-2024,03-01-2025,Business,Train,3,3694.64,3
TRIP18421,USER2799,Dubai,07-02-2025,13-04-2025,Beach,Cruise,3,1066.9,4
TRIP18422,USER2382,Rome,14-10-2024,30-12-2024,Adventure,Car,4,1890.74,5
TRIP18423,USER8694,Paris,29-04-2024,07-12-2024,Business,Car,5,4855.55,9
TRIP18424,USER7780,Barcelona,10-06-2024,23-01-2025,Leisure,Cruise,3,1417.28,1
TRIP18425,USER3908,Istanbul,14-04-2024,18-01-2025,Beach,Train,3,2258.19,6
TRIP18426,USER9183,Dubai,26-11-2024,12-04-2025,Family,Flight,4,2629.02,6
TRIP18427,USER4625,Istanbul,18-07-2024,04-04-2025,Leisure,Flight,3,1567.82,7
TRIP18428,USER1152,Istanbul,29-10-2024,26-01-2025,Leisure,Bus,1,1505.67,1
TRIP18429,USER7591,Bangkok,20-06-2024,07-01-2025,Beach,Bus,2,4360.41,8
TRIP18430,USER5548,Dubai,05-08-2024,29-03-2025,Business,Train,2,4198.95,10
TRIP18431,USER1612,Bangkok,09-11-2024,13-11-2024,Business,Car,1,3298.47,10
TRIP18432,USER4555,Bangkok,09-12-2024,06-01-2025,Beach,Flight,1,4913.89,9
TRIP18433,USER3311,Bangkok,22-10-2024,14-12-2024,Leisure,Car,5,4574.81,7
TRIP18434,USER8989,New York,14-11-2024,26-12-2024,Family,Flight,2,1132.01,10
TRIP18435,USER3035,Istanbul,25-12-2024,01-01-2025,Family,Train,5,4032.03,1
TRIP18436,USER1715,Barcelona,29-06-2024,10-12-2024,Leisure,Car,3,4641.94,9
TRIP18437,USER4520,New York,05-01-2025,22-01-2025,Cultural,Flight,4,2655.18,3
TRIP18438,USER3984,Rome,02-12-2024,19-03-2025,Beach,Car,5,2401.85,2
TRIP18439,USER5114,Dubai,20-01-2025,25-02-2025,Leisure,Train,4,2234.45,6
TRIP18440,USER3361,New York,22-03-2024,04-03-2025,Cultural,Bus,2,4160.68,8
TRIP18441,USER7024,Sydney,26-07-2024,23-08-2024,Family,Car,3,4073.72,6
TRIP18442,USER6021,Rome,13-04-2024,17-01-2025,Business,Cruise,5,3755.95,7
TRIP18443,USER2454,Sydney,07-07-2024,18-01-2025,Beach,Car,4,2785.15,5
TRIP18444,USER7401,Sydney,09-04-2024,26-01-2025,Leisure,Train,1,3871.02,4
TRIP18445,USER3486,Bangkok,04-03-2025,08-04-2025,Family,Train,2,4059.24,8
TRIP18446,USER6189,Paris,03-05-2024,28-12-2024,Cultural,Cruise,3,4780.04,4
TRIP18447,USER7267,Tokyo,05-02-2025,11-03-2025,Business,Flight,3,4212.89,4
TRIP18448,USER2306,New York,16-08-2024,10-03-2025,Cultural,Bus,1,3593.95,10
TRIP18449,USER2862,Bangkok,17-10-2024,17-11-2024,Beach,Train,4,3313.24,9
TRIP18450,USER7256,Dubai,13-11-2024,10-03-2025,Adventure,Flight,2,4029.03,5
TRIP18451,USER7513,London,22-03-2024,27-09-2024,Beach,Car,5,2610.69,10
TRIP18452,USER7852,Sydney,29-11-2024,14-01-2025,Cultural,Train,5,1396.07,1
TRIP18453,USER8558,Sydney,01-02-2025,24-02-2025,Business,Flight,5,2555.24,1
TRIP18454,USER9198,Tokyo,16-03-2025,24-03-2025,Business,Bus,1,818.54,1
TRIP18455,USER3314,London,03-12-2024,17-01-2025,Adventure,Flight,4,1069.33,9
TRIP18456,USER9574,Rome,20-12-2024,17-01-2025,Leisure,Flight,3,3577.35,4
TRIP18457,USER6036,London,10-03-2025,11-04-2025,Adventure,Train,2,3273.94,9
TRIP18458,USER5598,Bangkok,09-07-2024,22-12-2024,Business,Car,3,1418.67,4
TRIP18459,USER2128,Bangkok,01-07-2024,07-07-2024,Adventure,Car,3,2087.27,6
TRIP18460,USER2129,Barcelona,08-10-2024,20-02-2025,Leisure,Train,2,566.41,6
TRIP18461,USER9147,London,06-06-2024,23-06-2024,Family,Cruise,3,4122.29,3
TRIP18462,USER3303,London,11-12-2024,29-03-2025,Family,Car,1,1208.48,9
TRIP18463,USER7881,London,25-02-2025,27-02-2025,Leisure,Car,2,3750.28,5
TRIP18464,USER7502,New York,08-02-2025,22-03-2025,Adventure,Car,3,3270.11,10
TRIP18465,USER7269,New York,23-01-2025,07-02-2025,Business,Cruise,2,3627.85,2
TRIP18466,USER4261,New York,10-07-2024,05-04-2025,Business,Cruise,5,3319.77,5
TRIP18467,USER8446,Sydney,23-06-2024,17-07-2024,Leisure,Flight,4,1289.12,3
TRIP18468,USER2171,London,01-05-2024,10-01-2025,Beach,Flight,2,3628.34,9
TRIP18469,USER7953,Istanbul,13-01-2025,09-03-2025,Beach,Car,5,3399.29,7
TRIP18470,USER6800,Barcelona,01-01-2025,31-01-2025,Cultural,Car,2,3443.66,1
TRIP18471,USER9264,Sydney,03-08-2024,03-03-2025,Business,Flight,5,3909.76,5
TRIP18472,USER7115,Dubai,07-07-2024,11-01-2025,Family,Train,5,2435.41,7
TRIP18473,USER7920,Paris,31-01-2025,14-02-2025,Business,Flight,4,2023.76,1
TRIP18474,USER9969,Rome,27-01-2025,20-03-2025,Leisure,Bus,4,2410.64,7
TRIP18475,USER2152,Barcelona,16-07-2024,01-09-2024,Family,Cruise,5,2243.48,3
TRIP18476,USER4250,Dubai,11-09-2024,12-03-2025,Family,Bus,5,2472.53,7
TRIP18477,USER3316,Barcelona,29-11-2024,14-01-2025,Beach,Bus,5,832.5,9
TRIP18478,USER1517,New York,14-11-2024,21-03-2025,Adventure,Train,2,4411.66,5
TRIP18479,USER5033,London,04-05-2024,13-06-2024,Beach,Cruise,4,2415.12,3
TRIP18480,USER8679,Barcelona,31-03-2024,17-01-2025,Leisure,Train,2,901.44,7
TRIP18481,USER7600,Bangkok,03-10-2024,11-04-2025,Beach,Car,5,3185.4,3
TRIP18482,USER1891,Istanbul,23-11-2024,14-02-2025,Beach,Cruise,4,1265.85,6
TRIP18483,USER7934,Rome,07-11-2024,29-12-2024,Adventure,Train,2,569.75,5
TRIP18484,USER9892,Paris,20-09-2024,16-01-2025,Cultural,Train,2,3402.1,8
TRIP18485,USER4446,Dubai,09-06-2024,11-06-2024,Adventure,Flight,1,1651.37,5
TRIP18486,USER6244,Sydney,28-12-2024,11-03-2025,Beach,Bus,2,2679.66,4
TRIP18487,USER6879,New York,22-12-2024,27-01-2025,Adventure,Flight,1,3329.55,6
TRIP18488,USER4548,Dubai,31-07-2024,25-02-2025,Cultural,Flight,3,4413.95,5
TRIP18489,USER7609,New York,13-08-2024,19-10-2024,Adventure,Bus,1,2644.63,6
TRIP18490,USER1846,Sydney,02-10-2024,06-12-2024,Cultural,Flight,2,2689.95,8
TRIP18491,USER2800,London,20-10-2024,02-01-2025,Business,Bus,4,2739.26,6
TRIP18492,USER4757,New York,06-06-2024,03-04-2025,Leisure,Train,3,4086.79,7
TRIP18493,USER8214,Bangkok,05-08-2024,11-03-2025,Business,Train,3,3067.23,10
TRIP18494,USER5969,Rome,15-03-2025,03-04-2025,Business,Flight,1,4510.55,1
TRIP18496,USER1843,New York,24-03-2024,27-12-2024,Adventure,Train,4,3430.01,10
TRIP18497,USER2607,New York,03-04-2024,18-11-2024,Leisure,Train,2,820.01,8
TRIP18498,USER8617,Istanbul,27-04-2024,26-10-2024,Beach,Bus,2,1201.62,6
TRIP18499,USER1391,London,10-01-2025,09-04-2025,Adventure,Bus,1,4138.89,1
TRIP18500,USER9604,London,12-01-2025,25-01-2025,Adventure,Bus,2,1700.46,1
TRIP18501,USER2449,London,15-01-2025,15-01-2025,Family,Flight,5,3994.03,7
TRIP18502,USER4592,Sydney,07-11-2024,20-01-2025,Leisure,Bus,5,1285.4,6
TRIP18503,USER5408,London,18-08-2024,26-09-2024,Cultural,Car,1,4451.05,4
TRIP18504,USER1401,Rome,09-01-2025,16-02-2025,Business,Car,1,2317.2,4
TRIP18505,USER1648,Bangkok,17-01-2025,06-03-2025,Business,Car,5,3185.62,3
TRIP18506,USER2112,Rome,17-05-2024,19-03-2025,Business,Train,4,3740.28,6
TRIP18507,USER3392,Dubai,03-10-2024,04-04-2025,Beach,Flight,2,4797.81,8
TRIP18508,USER7534,Tokyo,05-07-2024,05-02-2025,Cultural,Flight,2,1542.74,4
TRIP18509,USER5925,London,07-07-2024,02-04-2025,Adventure,Train,4,3212.97,5
TRIP18510,USER9777,Paris,24-04-2024,15-03-2025,Adventure,Car,5,2643.77,9
TRIP18511,USER9466,Istanbul,17-04-2024,03-03-2025,Business,Train,4,1745.18,6
TRIP18512,USER1018,New York,07-11-2024,03-02-2025,Business,Cruise,1,864.42,6
TRIP18514,USER1426,Istanbul,22-11-2024,24-11-2024,Beach,Flight,5,4160.03,3
TRIP18515,USER4642,Paris,23-03-2024,28-04-2024,Business,Cruise,1,3462.42,8
TRIP18516,USER4798,Barcelona,30-12-2024,16-03-2025,Leisure,Car,2,3508.47,8
TRIP18517,USER4406,Sydney,07-11-2024,11-04-2025,Leisure,Cruise,1,3876.32,1
TRIP18518,USER5277,New York,19-05-2024,18-07-2024,Leisure,Car,5,2876.65,7
TRIP18519,USER7734,Istanbul,22-05-2024,10-02-2025,Beach,Flight,3,4066.81,10
TRIP18520,USER6106,Bangkok,30-05-2024,01-02-2025,Beach,Cruise,2,4141.2,1
TRIP18521,USER8367,Sydney,06-05-2024,05-08-2024,Family,Flight,4,2745.39,10
TRIP18522,USER1456,Barcelona,31-07-2024,10-01-2025,Family,Cruise,5,4652.29,2
TRIP18523,USER7840,Tokyo,09-06-2024,03-01-2025,Business,Bus,2,3527.64,7
TRIP18524,USER8433,Paris,28-06-2024,18-09-2024,Beach,Bus,1,3620.68,9
TRIP18525,USER2902,Rome,29-09-2024,29-03-2025,Beach,Car,5,855.49,10
TRIP18526,USER7603,Rome,17-07-2024,23-09-2024,Business,Car,1,556.9,6
TRIP18527,USER5882,Rome,24-08-2024,24-08-2024,Beach,Bus,1,3473.01,4
TRIP18528,USER7034,Rome,22-09-2024,25-09-2024,Adventure,Car,2,1520.58,4
TRIP18529,USER5210,Paris,09-01-2025,16-02-2025,Adventure,Flight,3,3552.09,4
TRIP18530,USER4778,Bangkok,20-07-2024,20-09-2024,Business,Car,1,980.98,6
TRIP18531,USER4822,Sydney,13-11-2024,19-12-2024,Adventure,Cruise,4,3270.4,6
TRIP18532,USER7073,Paris,14-10-2024,22-01-2025,Business,Bus,3,1572.63,6
TRIP18533,USER8630,Dubai,30-06-2024,24-02-2025,Beach,Flight,5,3516.31,5
TRIP18534,USER8327,Paris,06-04-2024,06-01-2025,Adventure,Car,3,1914.51,10
TRIP18535,USER9523,London,10-02-2025,28-02-2025,Beach,Cruise,4,2533.58,3
TRIP18536,USER7907,Bangkok,28-07-2024,22-03-2025,Cultural,Train,2,4118.29,8
TRIP18537,USER2953,Barcelona,26-04-2024,03-03-2025,Family,Flight,4,2324.03,3
TRIP18538,USER4389,Istanbul,30-08-2024,22-02-2025,Business,Car,4,2506.61,3
TRIP18539,USER9191,Bangkok,19-05-2024,04-03-2025,Leisure,Cruise,3,4024.84,9
TRIP18540,USER8744,Barcelona,26-09-2024,08-12-2024,Leisure,Bus,2,3714.75,4
TRIP18541,USER1521,New York,19-06-2024,20-07-2024,Cultural,Flight,4,565.46,5
TRIP18542,USER7374,Barcelona,06-08-2024,30-10-2024,Cultural,Bus,5,4636.99,7
TRIP18543,USER4919,Bangkok,27-04-2024,02-10-2024,Family,Bus,2,4117,5
TRIP18544,USER2110,Rome,17-09-2024,04-02-2025,Adventure,Train,2,1004.53,5
TRIP18545,USER2214,Barcelona,02-03-2025,29-03-2025,Cultural,Flight,4,2776.65,2
TRIP18546,USER6280,Rome,25-01-2025,05-03-2025,Cultural,Car,2,2731.81,7
TRIP18547,USER1090,Rome,26-01-2025,06-04-2025,Family,Bus,3,1021.15,8
TRIP18548,USER7415,Rome,17-03-2024,05-03-2025,Adventure,Car,1,2157.42,9
TRIP18549,USER5474,Tokyo,15-12-2024,06-01-2025,Business,Car,5,792.73,8
TRIP18550,USER8194,New York,05-03-2025,05-03-2025,Business,Car,4,4980.79,4
TRIP18551,USER8117,London,11-01-2025,13-04-2025,Adventure,Bus,4,3463.76,3
TRIP18552,USER7495,Istanbul,22-08-2024,06-04-2025,Adventure,Car,5,2051.43,4
TRIP18553,USER9976,Tokyo,09-10-2024,12-01-2025,Business,Train,1,3354.56,8
TRIP18554,USER3048,Barcelona,10-04-2024,25-05-2024,Adventure,Train,5,636.07,7
TRIP18555,USER1802,Istanbul,17-09-2024,23-03-2025,Business,Train,3,1993.04,10
TRIP18556,USER3344,London,08-06-2024,23-01-2025,Family,Car,2,3195.78,8
TRIP18557,USER9754,Barcelona,11-02-2025,16-02-2025,Cultural,Cruise,5,1079.51,6
TRIP18558,USER4531,Bangkok,01-09-2024,27-02-2025,Leisure,Cruise,3,1197.64,5
TRIP18559,USER2926,London,21-03-2024,15-12-2024,Family,Car,4,2359.96,3
TRIP18560,USER7157,Dubai,10-06-2024,24-08-2024,Beach,Train,4,3886.51,10
TRIP18561,USER3392,Sydney,25-01-2025,21-03-2025,Family,Flight,4,3158.91,3
TRIP18562,USER7149,Bangkok,19-04-2024,22-05-2024,Adventure,Bus,5,3374.25,10
TRIP18563,USER3049,Tokyo,23-02-2025,23-02-2025,Cultural,Car,5,4384.65,1
TRIP18564,USER7888,Rome,05-10-2024,11-02-2025,Adventure,Train,3,4121.96,7
TRIP18565,USER6460,Rome,03-06-2024,27-11-2024,Business,Car,3,4427.86,9
TRIP18566,USER7870,New York,13-06-2024,21-09-2024,Business,Bus,2,2370.3,8
TRIP18567,USER6336,Sydney,09-06-2024,19-12-2024,Leisure,Cruise,4,3913.45,6
TRIP18568,USER1914,Paris,29-12-2024,01-03-2025,Cultural,Flight,4,1071.48,2
TRIP18569,USER6450,Dubai,31-01-2025,13-03-2025,Adventure,Car,4,1540.21,4
TRIP18570,USER3769,Sydney,12-07-2024,29-03-2025,Cultural,Train,5,4657.06,4
TRIP18571,USER1504,London,29-10-2024,17-01-2025,Leisure,Cruise,2,1135.04,3
TRIP18572,USER2948,Dubai,29-11-2024,14-12-2024,Leisure,Cruise,3,2953.5,6
TRIP18573,USER1748,Barcelona,05-09-2024,17-03-2025,Leisure,Bus,4,3279.72,9
TRIP18574,USER8722,Tokyo,18-03-2024,26-11-2024,Family,Train,3,2700.59,9
TRIP18575,USER7352,Sydney,19-04-2024,04-11-2024,Cultural,Flight,1,3654.2,10
TRIP18576,USER1989,Istanbul,22-06-2024,29-09-2024,Beach,Car,3,2823.32,4
TRIP18577,USER1413,Dubai,21-02-2025,16-03-2025,Business,Bus,4,3132.52,10
TRIP18578,USER1904,Istanbul,15-05-2024,13-08-2024,Business,Bus,1,888.28,9
TRIP18579,USER2261,Barcelona,29-10-2024,18-02-2025,Adventure,Flight,2,3959.21,5
TRIP18580,USER2666,Paris,29-03-2024,23-10-2024,Family,Car,2,3964.5,1
TRIP18581,USER8290,Sydney,23-09-2024,20-03-2025,Cultural,Flight,2,2160.22,3
TRIP18582,USER5070,Paris,26-10-2024,25-11-2024,Adventure,Train,4,3095.24,9
TRIP18583,USER4241,Tokyo,13-05-2024,26-05-2024,Business,Bus,1,4784.46,3
TRIP18584,USER6866,Paris,22-01-2025,24-02-2025,Family,Cruise,2,2515.3,5
TRIP18585,USER4050,Sydney,02-02-2025,10-02-2025,Family,Flight,4,1762.37,5
TRIP18586,USER3923,New York,06-07-2024,08-04-2025,Leisure,Cruise,4,4035.09,10
TRIP18587,USER5603,Dubai,24-11-2024,11-01-2025,Leisure,Car,5,3241.25,6
TRIP18588,USER7551,London,05-07-2024,10-11-2024,Adventure,Car,2,4218.32,7
TRIP18589,USER2292,Istanbul,15-10-2024,15-01-2025,Adventure,Flight,4,4678.6,6
TRIP18590,USER9315,Bangkok,19-09-2024,22-11-2024,Cultural,Bus,4,1697.68,10
TRIP18591,USER4792,Barcelona,07-01-2025,08-04-2025,Cultural,Car,3,4823.43,4
TRIP18592,USER9732,Istanbul,26-08-2024,01-12-2024,Leisure,Cruise,1,4578,6
TRIP18593,USER3806,London,31-05-2024,15-01-2025,Leisure,Flight,3,3396.26,6
TRIP18594,USER7498,London,18-08-2024,21-02-2025,Adventure,Car,5,2685.73,5
TRIP18595,USER2018,Istanbul,01-06-2024,06-09-2024,Family,Flight,2,3434.33,10
TRIP18596,USER2097,Sydney,27-04-2024,11-08-2024,Cultural,Flight,1,2949.2,7
TRIP18597,USER9947,Bangkok,08-09-2024,10-02-2025,Business,Car,5,774.6,8
TRIP18598,USER2378,Barcelona,09-11-2024,26-12-2024,Cultural,Bus,5,3671.68,7
TRIP18599,USER3989,Sydney,12-01-2025,29-03-2025,Beach,Bus,2,2854.26,1
TRIP18600,USER4450,Dubai,13-06-2024,29-09-2024,Business,Bus,1,2376.28,7
TRIP18601,USER4243,New York,01-05-2024,04-08-2024,Business,Bus,2,1766.67,1
TRIP18602,USER6740,Dubai,25-09-2024,01-02-2025,Adventure,Bus,3,4955.64,7
TRIP18603,USER4111,Dubai,30-01-2025,06-02-2025,Leisure,Cruise,3,4077.59,5
TRIP18604,USER1680,Paris,22-04-2024,10-11-2024,Beach,Cruise,3,4582.14,2
TRIP18605,USER6628,London,19-05-2024,28-07-2024,Business,Bus,2,4029.38,7
TRIP18606,USER7868,Paris,09-06-2024,24-11-2024,Leisure,Bus,3,3002.75,6
TRIP18607,USER6734,London,17-03-2024,31-01-2025,Adventure,Train,5,1694.37,2
TRIP18608,USER6375,Sydney,29-09-2024,31-01-2025,Business,Car,4,1313.15,2
TRIP18609,USER5013,Rome,27-05-2024,30-09-2024,Adventure,Car,2,3432.89,10
TRIP18610,USER3598,Bangkok,21-05-2024,24-01-2025,Leisure,Cruise,2,2926.23,5
TRIP18611,USER1624,Bangkok,03-08-2024,01-02-2025,Business,Car,1,2656.15,3
TRIP18612,USER3106,Sydney,21-01-2025,03-04-2025,Adventure,Car,2,3692.43,9
TRIP18613,USER9315,Tokyo,08-04-2024,29-08-2024,Beach,Bus,5,2269.48,9
TRIP18614,USER5370,Barcelona,05-07-2024,15-03-2025,Business,Bus,5,4481.43,1
TRIP18615,USER6233,Paris,31-03-2024,09-07-2024,Cultural,Flight,3,4094.38,4
TRIP18616,USER3799,Bangkok,10-09-2024,26-10-2024,Cultural,Flight,1,4324.81,9
TRIP18617,USER6719,Barcelona,15-11-2024,22-01-2025,Business,Cruise,5,3209.06,9
TRIP18618,USER5906,Sydney,11-01-2025,05-03-2025,Leisure,Cruise,5,2295.7,2
TRIP18619,USER8962,Sydney,04-03-2025,09-03-2025,Adventure,Bus,4,2557.7,6
TRIP18620,USER9104,Sydney,27-12-2024,18-01-2025,Adventure,Car,1,1922.45,2
TRIP18621,USER4877,Istanbul,27-11-2024,10-03-2025,Leisure,Train,3,3216.93,7
TRIP18623,USER6063,Sydney,21-03-2024,12-08-2024,Business,Flight,4,3489.77,1
TRIP18624,USER1357,New York,20-01-2025,02-04-2025,Family,Bus,2,2403.28,2
TRIP18625,USER2578,New York,26-04-2024,12-12-2024,Leisure,Flight,1,1488.09,6
TRIP18626,USER1638,London,18-09-2024,24-09-2024,Leisure,Cruise,3,3694.06,2
TRIP18627,USER4802,New York,09-12-2024,28-03-2025,Business,Car,3,3894.72,8
TRIP18628,USER4885,Bangkok,22-10-2024,07-04-2025,Cultural,Flight,1,4271.64,7
TRIP18629,USER5602,New York,22-12-2024,24-03-2025,Cultural,Flight,5,1352.09,1
TRIP18630,USER8381,Sydney,04-05-2024,28-12-2024,Adventure,Bus,2,4507.43,6
TRIP18631,USER2846,Bangkok,20-01-2025,17-03-2025,Cultural,Cruise,4,4030.06,7
TRIP18633,USER9273,Paris,07-02-2025,02-04-2025,Adventure,Train,4,3218.32,9
TRIP18634,USER6680,Dubai,24-05-2024,25-01-2025,Leisure,Flight,2,1496.07,2
TRIP18635,USER9925,Dubai,05-07-2024,12-11-2024,Leisure,Car,1,1463.55,5
TRIP18636,USER2572,Bangkok,12-10-2024,11-02-2025,Leisure,Cruise,4,1101.51,7
TRIP18637,USER9108,Dubai,04-08-2024,03-09-2024,Business,Bus,2,3156.93,8
TRIP18638,USER3318,Barcelona,03-11-2024,27-02-2025,Family,Cruise,4,3606.14,5
TRIP18639,USER1203,Rome,19-10-2024,18-12-2024,Cultural,Car,2,901.01,9
TRIP18640,USER8032,Sydney,16-08-2024,14-04-2025,Adventure,Train,4,4609.53,6
TRIP18641,USER2371,London,07-01-2025,09-02-2025,Leisure,Flight,3,4789.12,2
TRIP18642,USER7878,Sydney,21-10-2024,03-03-2025,Beach,Train,2,1606.19,4
TRIP18643,USER3961,London,24-11-2024,24-02-2025,Leisure,Car,1,523.41,5
TRIP18644,USER9573,New York,17-08-2024,05-09-2024,Business,Flight,4,4339.82,2
TRIP18645,USER5767,Tokyo,07-12-2024,02-02-2025,Adventure,Train,2,641.15,4
TRIP18646,USER8452,Barcelona,05-01-2025,13-03-2025,Cultural,Car,1,2098.11,9
TRIP18647,USER9476,Barcelona,24-01-2025,10-04-2025,Beach,Car,5,3304.1,6
TRIP18648,USER7340,Istanbul,01-11-2024,07-12-2024,Beach,Car,5,1479.71,7
TRIP18649,USER5223,London,06-07-2024,22-09-2024,Family,Train,5,1921.04,5
TRIP18650,USER3432,New York,22-07-2024,11-02-2025,Beach,Flight,4,3527.03,10
TRIP18651,USER6813,Dubai,22-05-2024,22-06-2024,Cultural,Train,5,845.01,1
TRIP18652,USER4786,Barcelona,19-04-2024,24-09-2024,Beach,Bus,5,2200.9,5
TRIP18653,USER5204,Dubai,01-01-2025,09-04-2025,Family,Cruise,2,827.12,10
TRIP18654,USER7207,Paris,21-04-2024,29-06-2024,Adventure,Cruise,1,1752.3,1
TRIP18655,USER6292,Bangkok,18-12-2024,22-03-2025,Adventure,Bus,4,3049.13,10
TRIP18656,USER1102,New York,23-06-2024,07-01-2025,Beach,Train,1,3844.98,6
TRIP18657,USER1187,Tokyo,13-05-2024,29-03-2025,Beach,Train,5,1974.85,5
TRIP18658,USER9714,Paris,31-01-2025,28-02-2025,Family,Train,1,1955.4,7
TRIP18659,USER6860,Barcelona,23-03-2024,08-03-2025,Cultural,Flight,2,2776.28,6
TRIP18660,USER3598,Bangkok,03-03-2025,30-03-2025,Family,Cruise,3,1931.06,4
TRIP18661,USER5768,Bangkok,12-06-2024,17-02-2025,Leisure,Car,1,2714.98,2
TRIP18662,USER7043,Paris,12-06-2024,05-01-2025,Adventure,Train,4,2058.38,7
TRIP18663,USER8021,Dubai,07-06-2024,08-01-2025,Adventure,Bus,3,1065.42,8
TRIP18664,USER4907,Rome,24-09-2024,12-01-2025,Cultural,Flight,5,2238.12,4
TRIP18665,USER7371,Paris,18-04-2024,11-06-2024,Beach,Train,3,1215.12,2
TRIP18666,USER7340,Tokyo,12-01-2025,22-03-2025,Business,Car,4,1549.18,5
TRIP18667,USER7165,Barcelona,14-11-2024,29-03-2025,Business,Car,4,2949.45,1
TRIP18668,USER1122,Barcelona,13-07-2024,14-08-2024,Family,Cruise,3,1121.6,8
TRIP18669,USER7892,Paris,05-01-2025,15-03-2025,Beach,Cruise,5,2173.12,4
TRIP18670,USER5465,New York,20-01-2025,09-04-2025,Leisure,Bus,1,1318.62,3
TRIP18671,USER9999,Paris,16-11-2024,05-03-2025,Adventure,Train,4,4232.76,6
TRIP18672,USER4947,Tokyo,27-06-2024,25-07-2024,Family,Flight,4,1871.63,2
TRIP18673,USER9038,Bangkok,29-03-2024,26-05-2024,Business,Cruise,2,1653.63,1
TRIP18674,USER5205,Bangkok,22-01-2025,25-03-2025,Leisure,Train,4,4868.83,10
TRIP18675,USER7344,Paris,24-10-2024,31-01-2025,Cultural,Bus,2,2885.33,3
TRIP18676,USER4609,London,16-02-2025,29-03-2025,Leisure,Cruise,1,4720.78,8
TRIP18677,USER6337,Paris,14-08-2024,08-01-2025,Business,Car,3,1640.22,10
TRIP18678,USER5003,Bangkok,14-01-2025,07-02-2025,Family,Train,2,4463.93,5
TRIP18679,USER1706,Dubai,02-05-2024,09-03-2025,Cultural,Car,4,859.49,6
TRIP18680,USER5003,Bangkok,01-09-2024,19-12-2024,Beach,Flight,3,4356.21,4
TRIP18681,USER6887,Tokyo,19-09-2024,26-12-2024,Business,Car,4,2244.29,10
TRIP18682,USER6938,Rome,11-03-2025,10-04-2025,Family,Car,2,3360.65,3
TRIP18683,USER2509,London,03-03-2025,05-04-2025,Business,Cruise,4,4265.78,5
TRIP18684,USER2229,London,30-06-2024,01-03-2025,Cultural,Flight,1,1994.63,6
TRIP18685,USER9212,Tokyo,04-12-2024,07-03-2025,Adventure,Flight,2,4655.58,3
TRIP18686,USER5657,Sydney,22-12-2024,06-03-2025,Beach,Car,2,662.13,4
TRIP18687,USER2977,Paris,22-05-2024,26-05-2024,Adventure,Cruise,5,3434.84,9
TRIP18688,USER2531,Rome,15-06-2024,25-09-2024,Beach,Flight,4,2572.43,1
TRIP18689,USER8279,London,18-01-2025,20-02-2025,Leisure,Train,1,3243.84,8
TRIP18690,USER9974,Istanbul,11-08-2024,17-08-2024,Business,Train,4,4152.01,1
TRIP18691,USER6918,Bangkok,28-09-2024,03-10-2024,Cultural,Car,3,3012.68,4
TRIP18692,USER2858,New York,30-06-2024,20-08-2024,Family,Cruise,5,4566.69,2
TRIP18693,USER4465,Tokyo,04-02-2025,19-03-2025,Adventure,Bus,2,2372.6,6
TRIP18694,USER2120,New York,02-01-2025,05-02-2025,Family,Bus,4,4171.06,5
TRIP18695,USER6566,Bangkok,02-09-2024,26-11-2024,Beach,Bus,1,3759.92,10
TRIP18696,USER3283,Bangkok,27-05-2024,16-01-2025,Leisure,Train,5,2502.47,10
TRIP18697,USER3463,Sydney,09-04-2024,11-05-2024,Beach,Bus,3,4358.09,8
TRIP18698,USER2413,Tokyo,31-08-2024,25-10-2024,Cultural,Train,4,4251.25,5
TRIP18699,USER8453,Istanbul,19-12-2024,31-12-2024,Cultural,Bus,1,4591.23,10
TRIP18700,USER3239,London,17-05-2024,23-07-2024,Family,Cruise,1,3901.28,6
TRIP18701,USER9190,Rome,24-11-2024,24-11-2024,Beach,Flight,3,1981.51,1
TRIP18702,USER7122,London,13-10-2024,05-04-2025,Beach,Car,2,1486.95,8
TRIP18703,USER9462,Bangkok,08-01-2025,23-03-2025,Business,Train,2,3606.65,4
TRIP18704,USER5617,New York,29-11-2024,26-02-2025,Beach,Cruise,3,2455.29,9
TRIP18705,USER6623,London,16-10-2024,30-01-2025,Cultural,Car,2,1620.86,8
TRIP18706,USER1943,London,16-05-2024,07-04-2025,Leisure,Bus,4,3161.57,1
TRIP18707,USER9031,Dubai,25-01-2025,19-02-2025,Business,Car,3,3404.97,2
TRIP18708,USER5595,Tokyo,18-12-2024,08-04-2025,Adventure,Train,4,4704.1,4
TRIP18709,USER4606,Barcelona,28-01-2025,21-03-2025,Cultural,Bus,1,4237.7,2
TRIP18710,USER8260,Paris,12-05-2024,13-11-2024,Business,Train,3,4027.96,7
TRIP18711,USER5127,Tokyo,20-07-2024,05-11-2024,Leisure,Train,4,1300.13,2
TRIP18712,USER4195,New York,24-09-2024,02-12-2024,Family,Car,2,1215.99,5
TRIP18713,USER9153,Rome,18-06-2024,14-03-2025,Adventure,Cruise,1,2109.07,1
TRIP18714,USER5199,Bangkok,21-11-2024,25-12-2024,Beach,Flight,3,3694.88,8
TRIP18715,USER8127,Tokyo,01-05-2024,13-12-2024,Leisure,Train,4,1856.66,7
TRIP18716,USER6677,Paris,16-04-2024,27-05-2024,Family,Car,1,3616.25,2
TRIP18717,USER1806,Istanbul,09-02-2025,12-04-2025,Adventure,Cruise,2,3433.19,8
TRIP18718,USER5161,Barcelona,13-01-2025,02-03-2025,Leisure,Cruise,5,4226.25,1
TRIP18719,USER8430,Tokyo,17-03-2024,30-08-2024,Business,Car,3,2622.79,7
TRIP18720,USER6088,Paris,18-07-2024,06-09-2024,Business,Car,1,4070.06,2
TRIP18721,USER7649,Sydney,26-08-2024,26-11-2024,Beach,Bus,3,628.99,8
TRIP18722,USER2814,Dubai,15-11-2024,20-02-2025,Beach,Cruise,2,1951.04,7
TRIP18723,USER1183,Barcelona,08-02-2025,01-04-2025,Beach,Bus,2,1232.09,4
TRIP18724,USER5618,Rome,12-03-2025,09-04-2025,Beach,Bus,4,4521.22,9
TRIP18725,USER1006,Istanbul,26-06-2024,09-10-2024,Business,Flight,5,3031.58,8
TRIP18726,USER9386,Bangkok,05-09-2024,09-09-2024,Business,Cruise,3,721.79,2
TRIP18727,USER7702,Dubai,14-10-2024,15-12-2024,Adventure,Cruise,3,1065.43,10
TRIP18728,USER3341,Dubai,07-02-2025,26-02-2025,Business,Car,5,2977.79,4
TRIP18729,USER6944,London,01-09-2024,16-12-2024,Cultural,Train,5,2587.39,4
TRIP18730,USER4966,Bangkok,07-02-2025,22-03-2025,Adventure,Cruise,2,1687.35,7
TRIP18731,USER6667,New York,25-09-2024,15-10-2024,Adventure,Train,3,3011.28,9
TRIP18732,USER1711,Dubai,14-11-2024,20-01-2025,Family,Bus,2,552.54,5
TRIP18733,USER9436,Sydney,27-07-2024,30-12-2024,Business,Car,3,1406.74,8
TRIP18734,USER8454,Bangkok,27-05-2024,01-12-2024,Cultural,Cruise,1,2054.04,4
TRIP18735,USER6577,New York,27-03-2024,09-04-2024,Leisure,Car,5,1277.3,8
TRIP18736,USER9070,Bangkok,06-11-2024,23-11-2024,Family,Cruise,2,1801,1
TRIP18737,USER7156,Tokyo,17-04-2024,22-10-2024,Cultural,Bus,5,3769.74,4
TRIP18738,USER6177,Bangkok,06-01-2025,01-02-2025,Cultural,Flight,5,2329.91,2
TRIP18739,USER2528,Barcelona,26-02-2025,28-03-2025,Business,Bus,2,4520.87,8
TRIP18741,USER7537,Paris,22-03-2024,05-04-2024,Family,Bus,4,1253.58,10
TRIP18742,USER6582,Rome,15-02-2025,15-03-2025,Business,Cruise,5,2793.76,1
TRIP18743,USER2199,Rome,03-05-2024,15-01-2025,Leisure,Flight,4,2530.47,10
TRIP18744,USER5813,Paris,17-12-2024,14-03-2025,Business,Cruise,3,2886.21,2
TRIP18745,USER7231,Barcelona,08-01-2025,15-03-2025,Cultural,Flight,1,3950.36,5
TRIP18746,USER4235,Istanbul,26-10-2024,27-03-2025,Adventure,Cruise,5,2671.72,7
TRIP18747,USER7888,Barcelona,09-03-2025,27-03-2025,Beach,Car,2,1451.15,7
TRIP18748,USER8774,Rome,08-08-2024,03-09-2024,Cultural,Car,3,4797.14,2
TRIP18749,USER9715,Istanbul,07-02-2025,13-02-2025,Leisure,Flight,4,3852.99,7
TRIP18750,USER6580,Bangkok,20-03-2024,18-10-2024,Adventure,Car,1,1558.14,8
TRIP18751,USER9355,Bangkok,19-04-2024,29-12-2024,Cultural,Bus,2,4094.44,8
TRIP18752,USER3917,New York,31-07-2024,25-01-2025,Cultural,Cruise,2,804.24,7
TRIP18753,USER5978,Bangkok,21-06-2024,11-07-2024,Cultural,Bus,5,798.74,3
TRIP18754,USER3529,Sydney,15-10-2024,11-11-2024,Adventure,Bus,2,4632.47,1
TRIP18755,USER7823,London,09-12-2024,19-03-2025,Leisure,Cruise,4,4405.58,2
TRIP18756,USER3730,Sydney,25-12-2024,24-03-2025,Adventure,Bus,4,4749.4,9
TRIP18757,USER6877,London,16-03-2024,22-03-2025,Adventure,Flight,4,2112.65,8
TRIP18758,USER7455,London,30-11-2024,06-01-2025,Family,Bus,1,4887.56,1
TRIP18759,USER5913,Tokyo,09-02-2025,11-02-2025,Cultural,Train,5,4928.85,7
TRIP18760,USER7437,London,09-02-2025,20-03-2025,Leisure,Car,1,3862.8,4
TRIP18761,USER4728,London,17-09-2024,08-12-2024,Beach,Bus,3,2372.37,5
TRIP18762,USER2203,Tokyo,09-11-2024,31-03-2025,Cultural,Bus,1,1516.09,10
TRIP18763,USER3086,Paris,02-01-2025,29-03-2025,Adventure,Bus,1,4290.76,5
TRIP18764,USER4056,Tokyo,27-07-2024,06-09-2024,Family,Car,5,4539.31,6
TRIP18765,USER8007,New York,12-04-2024,15-03-2025,Adventure,Flight,4,3029.98,4
TRIP18766,USER4086,Barcelona,07-09-2024,23-02-2025,Family,Bus,1,1663.55,3
TRIP18767,USER7398,New York,21-10-2024,30-10-2024,Business,Bus,3,4255.12,1
TRIP18768,USER7229,London,25-02-2025,15-04-2025,Leisure,Train,1,3867.35,4
TRIP18769,USER3545,Dubai,12-09-2024,19-03-2025,Beach,Car,1,3642.5,8
TRIP18770,USER8836,New York,06-03-2025,27-03-2025,Cultural,Flight,1,812.02,8
TRIP18771,USER5913,Rome,09-09-2024,20-01-2025,Adventure,Cruise,1,3828.6,5
TRIP18772,USER7418,Bangkok,27-01-2025,04-02-2025,Family,Train,3,4092.63,4
TRIP18773,USER6647,Tokyo,03-08-2024,22-02-2025,Adventure,Car,2,2495.76,6
TRIP18774,USER8892,New York,11-02-2025,17-03-2025,Family,Train,3,942.46,4
TRIP18775,USER4464,Tokyo,30-08-2024,05-02-2025,Adventure,Cruise,4,2431.43,1
TRIP18776,USER6450,Paris,03-10-2024,13-10-2024,Beach,Train,3,2910.26,9
TRIP18777,USER8384,Tokyo,14-07-2024,07-10-2024,Cultural,Cruise,5,2103.4,6
TRIP18778,USER8501,Rome,10-02-2025,25-03-2025,Family,Flight,4,4683.61,4
TRIP18779,USER7818,Paris,01-04-2024,22-01-2025,Business,Train,4,1396.69,10
TRIP18780,USER8770,New York,12-06-2024,01-12-2024,Leisure,Car,4,2738.31,9
TRIP18781,USER1450,Rome,26-06-2024,19-09-2024,Beach,Bus,2,4556.25,6
TRIP18782,USER7301,Rome,23-09-2024,01-01-2025,Beach,Bus,1,1875.07,2
TRIP18783,USER9631,Sydney,30-08-2024,14-09-2024,Adventure,Cruise,3,2237.83,9
TRIP18784,USER7212,New York,20-04-2024,05-12-2024,Beach,Cruise,5,4104.93,8
TRIP18785,USER3728,London,10-09-2024,26-03-2025,Leisure,Cruise,5,4741.18,2
TRIP18786,USER1053,Bangkok,12-08-2024,28-08-2024,Adventure,Train,5,1812.6,1
TRIP18787,USER4812,Rome,12-08-2024,27-11-2024,Business,Bus,5,4341.57,9
TRIP18788,USER1875,Paris,10-11-2024,19-12-2024,Family,Train,3,2614.27,10
TRIP18789,USER8109,Rome,29-08-2024,24-02-2025,Leisure,Bus,5,4623.28,5
TRIP18790,USER3755,Barcelona,18-04-2024,06-01-2025,Beach,Train,5,1529.55,3
TRIP18791,USER8465,Paris,07-05-2024,02-07-2024,Beach,Flight,3,988.52,4
TRIP18792,USER5221,Bangkok,17-01-2025,22-03-2025,Beach,Bus,1,2101.61,7
TRIP18793,USER7515,Paris,29-06-2024,29-07-2024,Adventure,Train,4,2574.11,2
TRIP18794,USER8010,Barcelona,26-09-2024,04-11-2024,Cultural,Bus,4,4203.37,8
TRIP18795,USER9560,Bangkok,20-03-2024,04-10-2024,Family,Car,4,4369.13,2
TRIP18796,USER3276,London,06-12-2024,13-03-2025,Family,Car,1,571.45,3
TRIP18797,USER5469,London,18-05-2024,07-12-2024,Business,Flight,2,2071.42,9
TRIP18798,USER7006,Istanbul,09-09-2024,12-09-2024,Leisure,Car,1,4482.79,1
TRIP18799,USER8640,London,15-12-2024,20-01-2025,Leisure,Flight,4,675.62,6
TRIP18800,USER6757,Paris,17-09-2024,09-04-2025,Family,Train,3,2198.65,6
TRIP18801,USER1138,London,28-07-2024,05-09-2024,Beach,Car,5,2281.14,1
TRIP18802,USER4561,Sydney,18-09-2024,05-10-2024,Family,Car,4,1565.91,7
TRIP18803,USER5921,London,13-07-2024,13-08-2024,Leisure,Car,1,1948.67,3
TRIP18804,USER4933,Paris,23-09-2024,15-11-2024,Leisure,Flight,2,1751.86,5
TRIP18805,USER4671,Dubai,20-01-2025,24-02-2025,Business,Flight,1,2931.63,4
TRIP18806,USER2437,Sydney,01-11-2024,16-01-2025,Cultural,Flight,2,4916.21,2
TRIP18807,USER4162,Sydney,21-01-2025,02-04-2025,Adventure,Car,5,2380.76,8
TRIP18808,USER7110,Paris,05-04-2024,24-06-2024,Beach,Bus,1,1377.52,5
TRIP18809,USER5486,Tokyo,09-10-2024,13-11-2024,Family,Bus,1,2730.58,3
TRIP18810,USER1836,Barcelona,12-03-2025,28-03-2025,Business,Bus,2,2574.72,2
TRIP18811,USER6702,Sydney,07-10-2024,13-01-2025,Cultural,Train,3,1480.08,1
TRIP18812,USER1856,Tokyo,26-09-2024,06-10-2024,Business,Cruise,5,700.34,2
TRIP18813,USER3806,Dubai,18-11-2024,23-11-2024,Business,Cruise,3,3892.99,8
TRIP18814,USER8065,Bangkok,17-04-2024,01-04-2025,Beach,Bus,1,610.49,2
TRIP18815,USER5126,Dubai,04-09-2024,09-11-2024,Family,Car,2,2897.45,7
TRIP18816,USER5821,Rome,30-08-2024,21-12-2024,Business,Flight,3,1809.25,9
TRIP18817,USER8701,Rome,12-02-2025,06-04-2025,Adventure,Car,4,2176.45,1
TRIP18818,USER7627,London,01-09-2024,25-12-2024,Cultural,Flight,3,3398.95,4
TRIP18819,USER8541,Tokyo,02-07-2024,30-12-2024,Beach,Train,3,1262.35,9
TRIP18820,USER4088,London,18-06-2024,06-03-2025,Adventure,Bus,4,4257.69,5
TRIP18821,USER8974,Sydney,28-12-2024,31-03-2025,Beach,Train,4,2486.85,7
TRIP18822,USER2420,New York,08-12-2024,31-12-2024,Adventure,Train,1,2133.82,9
TRIP18823,USER3215,Sydney,20-01-2025,02-04-2025,Beach,Car,2,840.48,9
TRIP18824,USER5397,Paris,25-04-2024,23-07-2024,Beach,Train,5,1751.35,9
TRIP18825,USER6573,Dubai,08-05-2024,11-06-2024,Business,Train,3,3520.63,7
TRIP18826,USER9763,London,10-11-2024,02-04-2025,Business,Flight,1,4795.19,10
TRIP18827,USER2212,Tokyo,30-04-2024,08-01-2025,Leisure,Flight,5,886.81,2
TRIP18828,USER3163,Bangkok,18-10-2024,23-02-2025,Leisure,Car,5,2217.36,2
TRIP18829,USER9380,Rome,24-04-2024,12-11-2024,Adventure,Cruise,2,2723.44,2
TRIP18830,USER6041,London,16-10-2024,24-12-2024,Leisure,Cruise,1,1320.96,10
TRIP18832,USER5605,Istanbul,21-10-2024,02-01-2025,Leisure,Cruise,3,1379.16,9
TRIP18833,USER9529,Barcelona,04-10-2024,20-01-2025,Leisure,Cruise,2,2517.64,4
TRIP18834,USER9453,New York,05-12-2024,06-01-2025,Family,Bus,4,2517.33,9
TRIP18835,USER6129,New York,28-05-2024,03-04-2025,Leisure,Train,2,4243.01,7
TRIP18836,USER8966,Istanbul,20-06-2024,18-02-2025,Adventure,Flight,4,665.9,2
TRIP18837,USER8223,Rome,05-08-2024,03-04-2025,Business,Car,4,727.29,7
TRIP18838,USER2874,Sydney,06-08-2024,14-10-2024,Cultural,Cruise,1,3666.74,10
TRIP18839,USER4018,Istanbul,26-02-2025,29-03-2025,Beach,Train,5,4749.48,5
TRIP18840,USER7917,Tokyo,12-06-2024,30-06-2024,Adventure,Cruise,5,1964.85,3
TRIP18841,USER1283,London,26-05-2024,18-08-2024,Adventure,Cruise,3,1228.63,2
TRIP18842,USER2734,Bangkok,12-12-2024,12-01-2025,Family,Cruise,1,1788.38,2
TRIP18843,USER2610,Bangkok,03-10-2024,13-12-2024,Beach,Train,2,1326.87,5
TRIP18844,USER9094,Barcelona,15-10-2024,08-04-2025,Leisure,Train,5,3649.75,10
TRIP18845,USER6414,Bangkok,30-05-2024,02-06-2024,Leisure,Bus,3,4444.32,3
TRIP18846,USER6376,London,03-06-2024,11-12-2024,Beach,Train,4,3934.58,3
TRIP18847,USER3325,Sydney,11-02-2025,21-03-2025,Adventure,Bus,3,1078.91,9
TRIP18848,USER6420,Rome,28-08-2024,19-10-2024,Family,Bus,5,2041.51,2
TRIP18849,USER6997,Rome,16-12-2024,26-01-2025,Beach,Flight,3,4663.17,7
TRIP18850,USER6508,Tokyo,26-03-2024,07-01-2025,Family,Flight,1,1968.96,6
TRIP18851,USER6083,Sydney,13-01-2025,03-04-2025,Adventure,Flight,3,2904.68,8
TRIP18852,USER3811,Rome,02-04-2024,11-03-2025,Business,Bus,1,3231.96,8
TRIP18853,USER5369,Barcelona,23-12-2024,17-03-2025,Leisure,Car,3,4225.36,10
TRIP18854,USER2022,Paris,03-06-2024,19-12-2024,Leisure,Car,3,2193.12,7
TRIP18855,USER6637,London,09-12-2024,24-01-2025,Adventure,Car,1,1412.45,9
TRIP18856,USER7488,Sydney,29-09-2024,22-12-2024,Adventure,Train,3,2621.23,1
TRIP18857,USER2535,Barcelona,26-12-2024,21-03-2025,Beach,Cruise,3,1238.85,8
TRIP18858,USER6324,Bangkok,03-10-2024,04-04-2025,Beach,Train,5,1762.34,5
TRIP18859,USER4324,Tokyo,28-05-2024,30-05-2024,Leisure,Car,2,1616.49,4
TRIP18860,USER2356,New York,26-02-2025,04-04-2025,Cultural,Bus,4,536.7,9
TRIP18861,USER1750,Dubai,28-03-2024,10-09-2024,Adventure,Car,1,4661.21,4
TRIP18862,USER6616,Paris,16-07-2024,09-08-2024,Family,Train,3,1288.36,5
TRIP18863,USER4364,Tokyo,23-09-2024,24-01-2025,Family,Bus,3,4823.93,10
TRIP18864,USER6920,Istanbul,04-08-2024,17-10-2024,Family,Train,5,3991.06,10
TRIP18865,USER8998,Istanbul,23-05-2024,17-12-2024,Adventure,Train,1,3540.28,7
TRIP18866,USER1851,London,14-02-2025,03-04-2025,Adventure,Flight,4,1380.68,6
TRIP18867,USER8373,Istanbul,07-04-2024,08-11-2024,Adventure,Flight,3,3371.3,3
TRIP18868,USER7540,Tokyo,24-12-2024,30-12-2024,Leisure,Flight,5,1318.44,6
TRIP18869,USER6713,Tokyo,03-10-2024,29-01-2025,Leisure,Car,5,3901.1,2
TRIP18870,USER9123,Tokyo,13-10-2024,14-10-2024,Adventure,Flight,1,4094.79,8
TRIP18871,USER1657,Tokyo,31-07-2024,30-03-2025,Adventure,Cruise,4,3528.89,6
TRIP18872,USER4828,Istanbul,11-10-2024,17-01-2025,Cultural,Flight,5,883.03,6
TRIP18873,USER6893,Dubai,10-07-2024,30-01-2025,Leisure,Cruise,5,1899.69,10
TRIP18874,USER9822,Rome,26-08-2024,22-03-2025,Leisure,Train,2,1195.05,3
TRIP18875,USER1213,Istanbul,19-10-2024,18-02-2025,Leisure,Flight,1,3307.08,9
TRIP18876,USER7734,Barcelona,02-07-2024,01-08-2024,Cultural,Flight,3,4888.87,7
TRIP18877,USER6084,Sydney,01-01-2025,23-02-2025,Leisure,Train,4,612.39,5
TRIP18878,USER8567,Tokyo,28-07-2024,22-10-2024,Adventure,Cruise,3,2289.77,7
TRIP18879,USER9807,London,30-06-2024,15-04-2025,Beach,Train,5,2316.25,6
TRIP18880,USER5716,Bangkok,07-11-2024,05-04-2025,Family,Car,3,2580.52,10
TRIP18881,USER3272,London,29-01-2025,14-04-2025,Family,Cruise,1,1796.49,6
TRIP18882,USER6878,Bangkok,28-11-2024,16-02-2025,Beach,Bus,2,2119.38,3
TRIP18883,USER6489,Istanbul,12-04-2024,12-03-2025,Beach,Flight,3,4449.74,5
TRIP18884,USER7113,London,23-02-2025,07-03-2025,Cultural,Car,3,2105.49,6
TRIP18885,USER1778,Dubai,06-11-2024,14-01-2025,Adventure,Cruise,2,3593.34,2
TRIP18886,USER6800,Tokyo,11-09-2024,18-02-2025,Business,Cruise,1,3857.64,4
TRIP18887,USER3113,New York,08-05-2024,14-04-2025,Beach,Flight,5,2888.19,2
TRIP18888,USER6694,New York,14-02-2025,22-03-2025,Family,Train,3,2954.14,5
TRIP18889,USER3598,Tokyo,15-01-2025,16-03-2025,Cultural,Train,4,4685.35,7
TRIP18890,USER6660,Istanbul,10-05-2024,10-09-2024,Leisure,Bus,1,1322.66,5
TRIP18891,USER4732,Tokyo,05-08-2024,12-03-2025,Family,Train,4,1066.88,6
TRIP18892,USER8314,Rome,28-05-2024,30-10-2024,Leisure,Train,3,4727.02,9
TRIP18893,USER9393,Paris,26-01-2025,01-02-2025,Business,Car,3,3554.21,8
TRIP18894,USER5676,London,20-10-2024,06-11-2024,Beach,Cruise,2,2244.1,10
TRIP18895,USER2255,Paris,26-09-2024,28-12-2024,Beach,Flight,3,2506.86,3
TRIP18896,USER4248,Bangkok,29-08-2024,01-09-2024,Adventure,Bus,1,942.6,2
TRIP18897,USER3425,Istanbul,16-03-2025,05-04-2025,Family,Bus,2,561.5,6
TRIP18898,USER9408,Sydney,16-10-2024,05-12-2024,Business,Cruise,3,1416.51,2
TRIP18899,USER9054,Rome,28-04-2024,05-12-2024,Business,Bus,2,602.1,6
TRIP18900,USER4483,Sydney,22-04-2024,04-05-2024,Leisure,Car,3,834.11,5
TRIP18901,USER6355,Dubai,12-04-2024,01-03-2025,Adventure,Bus,1,580.21,10
TRIP18902,USER1503,Tokyo,26-06-2024,15-11-2024,Leisure,Car,4,2608.87,7
TRIP18903,USER5438,London,09-11-2024,12-02-2025,Cultural,Car,3,1107.76,3
TRIP18904,USER2163,Barcelona,13-11-2024,05-02-2025,Family,Train,4,2930.36,4
TRIP18905,USER3351,Rome,03-09-2024,24-09-2024,Beach,Train,1,2253.31,3
TRIP18906,USER3641,Bangkok,15-10-2024,20-01-2025,Beach,Bus,3,3958.41,1
TRIP18907,USER2073,Istanbul,12-05-2024,07-03-2025,Adventure,Flight,1,2685.45,3
TRIP18908,USER9342,Barcelona,21-12-2024,08-01-2025,Leisure,Car,5,1587.14,8
TRIP18909,USER9127,Bangkok,05-06-2024,23-03-2025,Adventure,Bus,5,767.73,6
TRIP18910,USER8076,New York,17-12-2024,06-04-2025,Family,Bus,3,3398.79,5
TRIP18911,USER6422,Paris,19-04-2024,09-12-2024,Family,Train,4,4010.09,8
TRIP18912,USER2172,Istanbul,16-06-2024,02-03-2025,Family,Train,4,3204.19,9
TRIP18913,USER9197,Barcelona,27-03-2024,16-02-2025,Family,Car,2,1159.56,6
TRIP18914,USER4597,Tokyo,13-09-2024,05-04-2025,Leisure,Train,2,1738.62,10
TRIP18915,USER4900,London,11-08-2024,05-01-2025,Adventure,Bus,3,1520.17,3
TRIP18916,USER2212,Istanbul,06-11-2024,16-12-2024,Business,Cruise,3,2004.35,3
TRIP18917,USER9771,Barcelona,05-12-2024,30-03-2025,Beach,Car,2,3124.21,8
TRIP18918,USER1411,New York,17-10-2024,18-12-2024,Cultural,Train,1,4028.05,5
TRIP18919,USER1830,Istanbul,14-11-2024,22-12-2024,Family,Train,1,2037.35,4
TRIP18920,USER1507,London,07-03-2025,11-04-2025,Leisure,Cruise,5,2762.7,8
TRIP18921,USER9568,London,19-12-2024,26-12-2024,Cultural,Bus,5,831.8,2
TRIP18922,USER8591,London,02-10-2024,11-10-2024,Business,Train,5,4755.5,5
TRIP18923,USER2515,Tokyo,09-12-2024,21-01-2025,Business,Car,5,4338.79,10
TRIP18924,USER9406,London,12-06-2024,09-01-2025,Adventure,Bus,4,853.61,5
TRIP18925,USER9254,London,01-03-2025,16-03-2025,Beach,Train,3,4332.44,3
TRIP18926,USER1563,Istanbul,17-01-2025,08-04-2025,Family,Bus,4,2115.73,10
TRIP18927,USER6294,Tokyo,29-03-2024,20-06-2024,Business,Cruise,4,2044.71,7
TRIP18928,USER6089,Barcelona,25-04-2024,07-11-2024,Business,Cruise,1,1525.59,8
TRIP18929,USER2759,Istanbul,22-08-2024,14-11-2024,Leisure,Cruise,2,3229.05,2
TRIP18930,USER2427,Rome,25-05-2024,20-11-2024,Family,Car,1,2734.71,4
TRIP18931,USER9457,Dubai,28-09-2024,29-10-2024,Adventure,Flight,4,2945.79,6
TRIP18932,USER5903,Rome,12-07-2024,30-09-2024,Business,Bus,1,1162.54,9
TRIP18933,USER1450,Istanbul,01-03-2025,28-03-2025,Business,Train,2,2781.41,8
TRIP18934,USER5971,Paris,29-11-2024,01-12-2024,Beach,Flight,5,982.07,2
TRIP18935,USER5556,Paris,01-06-2024,21-08-2024,Family,Cruise,5,1251.67,9
TRIP18936,USER3743,Paris,08-08-2024,14-03-2025,Adventure,Car,4,2267.58,7
TRIP18937,USER8802,Bangkok,01-08-2024,20-12-2024,Leisure,Bus,3,3422.99,7
TRIP18938,USER9970,Sydney,22-02-2025,23-03-2025,Cultural,Car,5,2486.38,3
TRIP18939,USER3379,Tokyo,08-12-2024,06-04-2025,Business,Train,3,4048.13,5
TRIP18940,USER3090,Rome,24-08-2024,09-03-2025,Beach,Train,5,3510.25,2
TRIP18941,USER1170,Rome,19-03-2024,24-04-2024,Leisure,Train,5,2614.25,9
TRIP18942,USER2590,Barcelona,15-01-2025,17-03-2025,Cultural,Car,2,1476.13,7
TRIP18943,USER9224,Bangkok,26-02-2025,28-03-2025,Adventure,Flight,2,3141.54,5
TRIP18944,USER3070,Sydney,30-09-2024,04-02-2025,Family,Flight,5,1726.88,7
TRIP18945,USER2814,Sydney,02-12-2024,06-12-2024,Adventure,Train,1,3501.29,4
TRIP18946,USER9954,Paris,21-12-2024,01-02-2025,Cultural,Bus,4,3628.88,10
TRIP18947,USER3258,Bangkok,18-08-2024,10-10-2024,Leisure,Car,3,1020.61,4
TRIP18948,USER2287,Paris,07-07-2024,18-08-2024,Business,Flight,4,927.89,1
TRIP18949,USER5420,Rome,07-11-2024,09-12-2024,Family,Flight,1,2941.94,9
TRIP18950,USER2809,New York,03-08-2024,23-11-2024,Adventure,Car,1,735.47,4
TRIP18951,USER9545,Rome,09-05-2024,25-11-2024,Cultural,Train,1,3744.91,10
TRIP18952,USER1247,Sydney,08-08-2024,13-03-2025,Cultural,Cruise,4,877.48,4
TRIP18953,USER7104,Barcelona,01-12-2024,25-03-2025,Family,Car,5,572.66,4
TRIP18954,USER2451,London,06-08-2024,17-12-2024,Leisure,Car,3,1775.16,4
TRIP18955,USER5376,Istanbul,12-07-2024,07-10-2024,Leisure,Train,2,4303.22,9
TRIP18956,USER7506,Rome,10-08-2024,26-02-2025,Beach,Cruise,4,3552.26,10
TRIP18957,USER2625,Istanbul,23-03-2024,06-04-2024,Leisure,Bus,4,4924.15,7
TRIP18958,USER7135,Dubai,29-06-2024,24-08-2024,Cultural,Train,5,1327.61,4
TRIP18959,USER6313,Istanbul,25-02-2025,03-04-2025,Leisure,Cruise,3,592.21,6
TRIP18960,USER7555,Sydney,24-02-2025,17-03-2025,Business,Bus,3,715.95,7
TRIP18961,USER7756,Rome,02-12-2024,11-01-2025,Beach,Bus,5,2221.52,10
TRIP18962,USER7699,London,07-04-2024,02-04-2025,Business,Cruise,5,1545.96,5
TRIP18963,USER3961,Dubai,28-11-2024,10-12-2024,Adventure,Train,4,3173.29,1
TRIP18964,USER1636,Dubai,24-04-2024,17-10-2024,Adventure,Cruise,4,3158.15,10
TRIP18965,USER6611,Sydney,25-05-2024,13-09-2024,Cultural,Flight,5,2295.5,7
TRIP18966,USER1859,Paris,05-04-2024,18-04-2024,Family,Car,4,4564.05,9
TRIP18967,USER3466,Tokyo,15-02-2025,28-02-2025,Business,Cruise,1,2187.96,4
TRIP18968,USER9946,Bangkok,20-06-2024,29-09-2024,Adventure,Cruise,4,593.44,2
TRIP18969,USER4665,Barcelona,20-12-2024,14-02-2025,Business,Bus,4,2266.45,9
TRIP18970,USER7063,New York,26-09-2024,11-04-2025,Cultural,Car,3,2977.06,6
TRIP18971,USER9292,Sydney,03-10-2024,09-11-2024,Beach,Car,4,4681.06,10
TRIP18972,USER5752,Rome,29-07-2024,22-03-2025,Beach,Bus,2,1026.29,5
TRIP18973,USER9181,London,29-01-2025,15-02-2025,Family,Flight,3,2226.17,6
TRIP18974,USER7232,Barcelona,12-01-2025,20-01-2025,Adventure,Car,2,4300.51,6
TRIP18975,USER4764,Bangkok,07-09-2024,20-09-2024,Cultural,Bus,2,2393.89,2
TRIP18976,USER3089,New York,02-12-2024,15-04-2025,Adventure,Cruise,5,1790.88,9
TRIP18977,USER6204,New York,17-11-2024,16-02-2025,Cultural,Flight,5,4550.95,7
TRIP18978,USER7452,Istanbul,26-08-2024,05-04-2025,Cultural,Cruise,4,4959.84,8
TRIP18979,USER4676,Tokyo,05-05-2024,11-04-2025,Business,Train,4,669.33,7
TRIP18980,USER2890,Bangkok,28-03-2024,15-01-2025,Leisure,Cruise,2,3414.45,4
TRIP18981,USER6884,Rome,08-12-2024,07-04-2025,Family,Car,4,1434.86,6
TRIP18982,USER1456,Tokyo,23-09-2024,06-10-2024,Business,Car,5,3705.21,3
TRIP18983,USER7249,Sydney,05-01-2025,03-04-2025,Beach,Bus,1,3888.1,2
TRIP18984,USER6728,Tokyo,10-10-2024,12-03-2025,Beach,Train,1,2380.38,8
TRIP18985,USER1449,Tokyo,29-11-2024,22-03-2025,Beach,Cruise,3,1039.32,8
TRIP18986,USER2006,Tokyo,13-04-2024,25-02-2025,Business,Flight,2,3887.95,8
TRIP18987,USER4378,Dubai,25-07-2024,15-10-2024,Cultural,Car,4,2027.86,4
TRIP18988,USER1236,Bangkok,27-11-2024,28-12-2024,Adventure,Flight,2,4528.73,2
TRIP18989,USER6283,Barcelona,31-10-2024,09-02-2025,Adventure,Car,2,555.03,6
TRIP18990,USER1445,Paris,10-04-2024,17-10-2024,Leisure,Flight,5,2529.12,1
TRIP18991,USER9178,Tokyo,22-07-2024,28-08-2024,Business,Flight,3,2210.75,5
TRIP18992,USER4309,London,22-01-2025,05-03-2025,Business,Cruise,4,2908.74,1
TRIP18993,USER4511,Dubai,08-01-2025,12-04-2025,Beach,Car,2,2952.22,4
TRIP18994,USER6664,Bangkok,23-06-2024,02-10-2024,Beach,Flight,3,3920.32,3
TRIP18995,USER3656,London,09-11-2024,06-04-2025,Beach,Train,2,4085.64,4
TRIP18996,USER8603,Barcelona,19-07-2024,05-11-2024,Cultural,Flight,4,1549.48,3
TRIP18997,USER3783,Istanbul,13-12-2024,29-12-2024,Beach,Cruise,2,827.54,8
TRIP18998,USER9525,Tokyo,13-07-2024,24-10-2024,Business,Car,2,3810.52,1
TRIP18999,USER1841,Sydney,27-06-2024,12-10-2024,Adventure,Bus,2,1402.56,6
TRIP19000,USER5615,Dubai,29-06-2024,05-02-2025,Family,Cruise,4,4916.55,7
TRIP19001,USER4123,Tokyo,20-09-2024,31-12-2024,Business,Train,3,3970.35,1
TRIP19002,USER9559,Istanbul,15-10-2024,19-02-2025,Adventure,Cruise,3,4805.96,4
TRIP19003,USER5168,Dubai,22-04-2024,18-11-2024,Business,Bus,5,1580.05,2
TRIP19004,USER2435,Rome,30-08-2024,03-01-2025,Family,Car,4,4198.75,7
TRIP19005,USER9843,New York,09-10-2024,28-12-2024,Adventure,Car,5,3365.41,9
TRIP19006,USER5606,Tokyo,13-03-2025,07-04-2025,Adventure,Bus,2,1292.14,1
TRIP19007,USER5282,Dubai,07-12-2024,25-12-2024,Business,Flight,2,1301.86,8
TRIP19008,USER8975,Paris,13-11-2024,01-12-2024,Leisure,Cruise,4,1330.5,1
TRIP19009,USER3775,Rome,30-08-2024,06-09-2024,Cultural,Train,2,1370.03,3
TRIP19010,USER6349,Paris,05-01-2025,06-03-2025,Leisure,Train,4,3204.89,10
TRIP19011,USER9447,New York,24-12-2024,02-01-2025,Business,Train,1,2368.39,6
TRIP19012,USER1490,Bangkok,23-03-2024,07-04-2025,Adventure,Bus,5,3184.09,6
TRIP19013,USER8645,New York,25-01-2025,16-02-2025,Adventure,Flight,4,3772.65,7
TRIP19014,USER6511,Bangkok,13-03-2025,27-03-2025,Adventure,Car,4,4549.3,10
TRIP19015,USER2563,Rome,13-04-2024,07-04-2025,Family,Flight,4,3208.76,4
TRIP19016,USER4826,Rome,14-04-2024,28-01-2025,Family,Cruise,2,3473.63,9
TRIP19017,USER9921,Paris,03-01-2025,19-02-2025,Adventure,Car,2,2922.93,1
TRIP19018,USER3704,New York,01-09-2024,18-10-2024,Leisure,Flight,3,2953.37,5
TRIP19019,USER6127,Barcelona,23-01-2025,11-04-2025,Family,Bus,5,2543.1,1
TRIP19020,USER2828,Rome,24-04-2024,14-03-2025,Adventure,Cruise,4,4797.17,6
TRIP19021,USER8936,Istanbul,28-02-2025,21-03-2025,Business,Cruise,2,1805.42,10
TRIP19022,USER3798,Dubai,22-01-2025,31-01-2025,Adventure,Bus,3,844.08,8
TRIP19023,USER7044,Barcelona,18-12-2024,06-02-2025,Cultural,Flight,1,3749.69,8
TRIP19024,USER4427,London,02-05-2024,27-09-2024,Business,Flight,4,883.75,1
TRIP19026,USER3690,Paris,28-12-2024,17-01-2025,Business,Train,5,3585.75,2
TRIP19027,USER8947,London,17-03-2024,24-10-2024,Leisure,Car,4,3238.17,5
TRIP19028,USER3818,New York,23-12-2024,12-03-2025,Cultural,Bus,2,1668.23,10
TRIP19029,USER3597,London,25-08-2024,25-02-2025,Business,Flight,4,2524,1
TRIP19030,USER3432,Tokyo,03-09-2024,02-03-2025,Family,Bus,2,731.64,7
TRIP19031,USER6284,Istanbul,25-06-2024,23-02-2025,Adventure,Cruise,3,1365.69,3
TRIP19032,USER6574,Istanbul,11-05-2024,02-09-2024,Adventure,Flight,5,4549.1,1
TRIP19033,USER3553,Rome,29-07-2024,25-09-2024,Leisure,Train,3,2713.68,7
TRIP19034,USER6656,London,06-03-2025,12-04-2025,Adventure,Car,2,1322.07,6
TRIP19035,USER3067,Dubai,24-08-2024,13-01-2025,Business,Bus,2,2342.75,1
TRIP19036,USER1507,Istanbul,08-06-2024,13-12-2024,Adventure,Bus,3,2288.71,3
TRIP19037,USER5811,Paris,10-12-2024,08-02-2025,Business,Car,1,2321.63,4
TRIP19038,USER2211,Paris,04-01-2025,09-02-2025,Cultural,Flight,2,797.64,5
TRIP19039,USER5890,Istanbul,05-07-2024,26-07-2024,Adventure,Train,2,3234.99,1
TRIP19040,USER6459,Rome,25-06-2024,14-03-2025,Leisure,Flight,1,1846.68,1
TRIP19041,USER3066,Dubai,17-05-2024,05-11-2024,Cultural,Flight,1,1886.34,8
TRIP19042,USER6546,Dubai,03-11-2024,05-03-2025,Leisure,Cruise,4,3697.62,8
TRIP19043,USER9549,Dubai,26-05-2024,05-12-2024,Business,Train,1,4132.26,8
TRIP19044,USER5937,Istanbul,28-05-2024,04-01-2025,Leisure,Car,1,4085.05,1
TRIP19045,USER4569,Sydney,19-12-2024,25-03-2025,Business,Cruise,4,3504,10
TRIP19046,USER4100,Tokyo,31-05-2024,12-11-2024,Leisure,Flight,1,2463.97,2
TRIP19047,USER7922,Bangkok,02-11-2024,21-01-2025,Business,Car,1,4113.31,5
TRIP19048,USER7410,Barcelona,08-01-2025,28-02-2025,Beach,Cruise,3,2100.34,1
TRIP19049,USER7720,New York,24-02-2025,05-04-2025,Family,Cruise,2,2839.99,2
TRIP19050,USER6437,Bangkok,04-01-2025,23-01-2025,Family,Bus,5,3961.33,5
TRIP19051,USER4201,Sydney,04-08-2024,09-11-2024,Business,Car,3,4439.78,1
TRIP19052,USER4858,Bangkok,12-01-2025,12-01-2025,Beach,Bus,4,2073.24,1
TRIP19053,USER8647,Sydney,17-08-2024,22-10-2024,Family,Train,3,3903.25,3
TRIP19054,USER1923,Tokyo,29-04-2024,06-01-2025,Leisure,Bus,1,3053.28,6
TRIP19055,USER2512,Dubai,02-10-2024,30-11-2024,Family,Train,4,1793.18,1
TRIP19057,USER7569,Paris,08-02-2025,18-03-2025,Business,Car,3,2169.43,5
TRIP19058,USER5415,New York,20-03-2024,09-11-2024,Cultural,Cruise,3,1827.32,10
TRIP19059,USER6669,Rome,27-03-2024,27-03-2024,Business,Bus,2,3951.32,6
TRIP19060,USER2811,Rome,14-09-2024,09-04-2025,Cultural,Train,3,2388.61,7
TRIP19061,USER2139,Sydney,22-08-2024,19-09-2024,Adventure,Train,5,1184.97,8
TRIP19062,USER5135,Dubai,27-07-2024,23-10-2024,Family,Train,4,1399.03,1
TRIP19063,USER6007,Istanbul,05-03-2025,18-03-2025,Leisure,Flight,5,3598.1,10
TRIP19064,USER4178,Dubai,12-09-2024,29-01-2025,Family,Bus,5,3662.4,4
TRIP19065,USER6631,Paris,25-12-2024,08-02-2025,Adventure,Flight,4,2266.85,10
TRIP19066,USER3463,Bangkok,27-08-2024,06-04-2025,Business,Cruise,1,3865.73,1
TRIP19067,USER5452,Bangkok,19-03-2024,20-07-2024,Leisure,Bus,2,2443.24,8
TRIP19068,USER8599,London,07-07-2024,19-12-2024,Family,Flight,4,4628.67,5
TRIP19069,USER1674,Barcelona,25-10-2024,08-04-2025,Family,Bus,1,4769.55,5
TRIP19070,USER2715,Barcelona,24-02-2025,13-03-2025,Family,Bus,3,4339.51,7
TRIP19071,USER8362,Rome,21-10-2024,24-11-2024,Family,Bus,3,3302.63,2
TRIP19072,USER7458,London,13-01-2025,26-01-2025,Cultural,Train,3,3714.64,8
TRIP19073,USER6642,Sydney,23-12-2024,21-03-2025,Business,Cruise,5,2801.35,4
TRIP19075,USER8820,New York,14-10-2024,01-11-2024,Adventure,Train,1,4724.96,6
TRIP19077,USER2927,London,11-09-2024,26-12-2024,Cultural,Car,4,1309.95,8
TRIP19078,USER9613,Sydney,28-08-2024,16-09-2024,Beach,Bus,2,1979.98,6
TRIP19079,USER4971,Dubai,25-09-2024,22-10-2024,Family,Flight,1,881.99,10
TRIP19080,USER8629,Bangkok,29-05-2024,01-04-2025,Leisure,Train,3,1535.08,10
TRIP19081,USER1694,Barcelona,24-10-2024,09-03-2025,Beach,Cruise,3,2471.6,8
TRIP19082,USER5008,Bangkok,27-06-2024,03-02-2025,Adventure,Train,2,2633.7,1
TRIP19083,USER7019,London,19-11-2024,19-01-2025,Adventure,Cruise,2,3077.39,8
TRIP19084,USER9946,Tokyo,08-06-2024,26-01-2025,Leisure,Bus,1,3741.13,3
TRIP19085,USER8605,Tokyo,12-07-2024,15-03-2025,Business,Train,1,2574.94,8
TRIP19086,USER1102,Rome,06-09-2024,29-11-2024,Business,Train,4,4483.2,1
TRIP19087,USER9912,London,28-05-2024,13-11-2024,Cultural,Car,1,4968.69,5
TRIP19088,USER3544,Barcelona,21-09-2024,21-01-2025,Cultural,Train,5,3494.44,2
TRIP19089,USER6844,New York,18-06-2024,12-12-2024,Leisure,Flight,5,4477.41,6
TRIP19090,USER5692,London,06-02-2025,16-02-2025,Beach,Bus,4,784.23,4
TRIP19091,USER1900,Istanbul,11-08-2024,12-12-2024,Adventure,Cruise,3,4981.16,1
TRIP19092,USER4021,Barcelona,07-10-2024,10-11-2024,Beach,Cruise,1,1406.11,8
TRIP19093,USER5839,Dubai,16-09-2024,02-04-2025,Leisure,Cruise,3,4061.63,3
TRIP19094,USER6457,Tokyo,22-04-2024,22-06-2024,Cultural,Flight,2,3150,7
TRIP19096,USER1552,Tokyo,18-06-2024,02-04-2025,Family,Cruise,5,3380.41,3
TRIP19097,USER2616,Paris,02-12-2024,07-12-2024,Business,Cruise,1,746.98,6
TRIP19098,USER1702,London,02-04-2024,03-04-2024,Business,Bus,1,3536.23,8
TRIP19099,USER3428,Paris,20-06-2024,21-09-2024,Adventure,Bus,3,2122.28,10
TRIP19100,USER5429,Paris,17-07-2024,09-08-2024,Leisure,Train,1,2979.41,6
TRIP19101,USER7704,Paris,14-03-2025,30-03-2025,Adventure,Cruise,5,3060.85,8
TRIP19102,USER4739,Rome,28-03-2024,15-07-2024,Business,Flight,1,2464.79,2
TRIP19103,USER7046,Rome,19-04-2024,24-08-2024,Business,Train,4,4689.8,2
TRIP19104,USER5027,Sydney,30-11-2024,10-12-2024,Cultural,Cruise,2,2777.43,2
TRIP19105,USER2251,Tokyo,27-09-2024,22-12-2024,Leisure,Bus,2,3008.15,9
TRIP19106,USER9373,Barcelona,11-04-2024,04-06-2024,Family,Cruise,3,3554.88,3
TRIP19107,USER5044,Dubai,13-03-2025,13-04-2025,Adventure,Car,5,2041.34,4
TRIP19108,USER3845,Dubai,26-06-2024,09-03-2025,Business,Bus,4,2300.19,5
TRIP19109,USER4768,New York,10-10-2024,20-01-2025,Business,Cruise,2,3531.41,6
TRIP19110,USER2965,Dubai,18-05-2024,02-08-2024,Adventure,Bus,2,1507.16,3
TRIP19111,USER5851,Barcelona,18-08-2024,05-03-2025,Family,Car,1,4409.29,6
TRIP19112,USER5407,New York,03-09-2024,12-10-2024,Leisure,Train,1,1176.88,8
TRIP19113,USER7027,Dubai,11-09-2024,26-01-2025,Adventure,Car,2,1994.9,6
TRIP19114,USER4449,Paris,13-11-2024,16-12-2024,Beach,Train,1,3055.78,10
TRIP19115,USER8890,Barcelona,19-03-2024,12-05-2024,Beach,Train,3,2416.83,7
TRIP19116,USER3722,Tokyo,05-04-2024,19-10-2024,Adventure,Flight,3,1495.78,6
TRIP19117,USER2729,Dubai,18-11-2024,03-01-2025,Cultural,Cruise,3,510.03,7
TRIP19118,USER2436,London,26-07-2024,02-01-2025,Beach,Train,4,1393.06,10
TRIP19119,USER7385,Istanbul,15-01-2025,28-03-2025,Business,Bus,1,2336,7
TRIP19120,USER5306,Rome,22-01-2025,26-01-2025,Family,Train,3,3818.29,2
TRIP19121,USER3837,Dubai,31-10-2024,20-01-2025,Leisure,Cruise,5,1774.4,10
TRIP19122,USER2751,Istanbul,28-04-2024,15-12-2024,Business,Cruise,1,3841.77,3
TRIP19123,USER3684,Bangkok,21-03-2024,15-09-2024,Business,Flight,1,1714.48,7
TRIP19124,USER2654,London,18-09-2024,17-02-2025,Adventure,Car,3,2753.13,10
TRIP19125,USER1528,Istanbul,11-04-2024,11-11-2024,Family,Car,1,2289.47,4
TRIP19126,USER3550,London,23-08-2024,18-11-2024,Cultural,Cruise,2,4203.33,2
TRIP19127,USER6099,Istanbul,21-10-2024,24-01-2025,Adventure,Flight,2,3917.94,6
TRIP19128,USER1708,Tokyo,19-08-2024,05-04-2025,Family,Cruise,2,4716.72,2
TRIP19129,USER4629,Tokyo,18-04-2024,30-10-2024,Business,Bus,4,1851.84,6
TRIP19130,USER6706,London,15-09-2024,29-03-2025,Cultural,Train,3,1486.3,7
TRIP19131,USER3897,New York,01-06-2024,13-06-2024,Leisure,Train,1,2845.96,6
TRIP19132,USER5881,London,04-05-2024,08-01-2025,Adventure,Flight,3,4830.13,1
TRIP19133,USER5037,London,01-06-2024,27-12-2024,Business,Bus,4,3453.18,1
TRIP19134,USER4906,Paris,24-01-2025,14-03-2025,Business,Train,3,2427.47,3
TRIP19135,USER7908,Istanbul,05-10-2024,10-01-2025,Cultural,Bus,2,1420.32,10
TRIP19136,USER8699,Barcelona,26-07-2024,31-12-2024,Business,Bus,3,971.35,9
TRIP19137,USER6542,Tokyo,13-11-2024,01-02-2025,Cultural,Flight,1,885.2,7
TRIP19138,USER9679,Istanbul,03-09-2024,17-10-2024,Adventure,Flight,2,3810.42,8
TRIP19139,USER3780,Rome,22-01-2025,23-02-2025,Business,Train,3,4747.02,9
TRIP19140,USER7176,Tokyo,05-11-2024,28-01-2025,Business,Flight,3,909.81,3
TRIP19141,USER1098,London,23-12-2024,30-01-2025,Family,Flight,3,652.82,10
TRIP19142,USER7327,Barcelona,27-07-2024,15-02-2025,Family,Cruise,5,643.78,3
TRIP19143,USER8473,London,20-06-2024,12-12-2024,Leisure,Cruise,4,1910.26,3
TRIP19144,USER8298,Sydney,13-07-2024,09-02-2025,Cultural,Train,4,4117.76,7
TRIP19145,USER9268,London,12-11-2024,15-01-2025,Leisure,Cruise,1,2272.42,10
TRIP19146,USER2282,New York,30-04-2024,03-08-2024,Cultural,Flight,4,3614.38,4
TRIP19147,USER3983,London,12-07-2024,07-02-2025,Leisure,Bus,3,2218.24,5
TRIP19148,USER2481,Rome,07-10-2024,12-01-2025,Cultural,Bus,3,755.73,10
TRIP19149,USER9347,Barcelona,26-07-2024,10-10-2024,Family,Car,5,4844.43,8
TRIP19150,USER3120,New York,16-10-2024,22-02-2025,Family,Bus,5,4467.37,5
TRIP19151,USER5600,Paris,28-09-2024,07-03-2025,Beach,Bus,3,1648.17,9
TRIP19152,USER9010,Sydney,07-12-2024,07-03-2025,Family,Cruise,4,597.55,9
TRIP19153,USER5103,New York,25-08-2024,16-09-2024,Business,Bus,1,2468.48,5
TRIP19154,USER9107,Dubai,07-03-2025,13-03-2025,Cultural,Flight,1,3684.69,4
TRIP19155,USER7795,London,04-09-2024,18-12-2024,Business,Car,1,2040.27,7
TRIP19156,USER9398,Bangkok,06-03-2025,05-04-2025,Leisure,Train,1,4304.64,10
TRIP19157,USER5303,New York,04-06-2024,29-08-2024,Adventure,Flight,1,1232.32,7
TRIP19158,USER2925,Sydney,04-02-2025,14-02-2025,Family,Car,3,3661.45,1
TRIP19159,USER2845,Bangkok,16-08-2024,30-11-2024,Beach,Bus,4,1175.26,3
TRIP19160,USER4515,Bangkok,01-06-2024,31-10-2024,Leisure,Train,3,1350.9,4
TRIP19161,USER3911,Barcelona,09-01-2025,27-02-2025,Beach,Train,2,4728.45,8
TRIP19162,USER6405,Paris,31-03-2024,13-02-2025,Cultural,Cruise,1,4178.01,3
TRIP19163,USER2633,Barcelona,16-08-2024,04-10-2024,Leisure,Bus,1,1704.33,1
TRIP19164,USER7167,Sydney,28-03-2024,13-01-2025,Beach,Train,5,2400.44,3
TRIP19165,USER3308,London,17-05-2024,13-03-2025,Beach,Bus,3,520.62,8
TRIP19166,USER3309,Sydney,20-07-2024,07-01-2025,Business,Cruise,4,3091.99,8
TRIP19167,USER1616,Tokyo,20-05-2024,04-10-2024,Leisure,Car,2,1520.44,2
TRIP19168,USER4181,Istanbul,17-05-2024,07-01-2025,Business,Car,5,2171.54,4
TRIP19169,USER3302,Barcelona,03-09-2024,30-12-2024,Family,Bus,3,1449.49,7
TRIP19170,USER3572,Istanbul,16-05-2024,19-10-2024,Family,Train,2,3272.9,3
TRIP19171,USER3144,Paris,02-01-2025,10-01-2025,Family,Car,4,3710.38,2
TRIP19172,USER6372,Paris,02-11-2024,26-12-2024,Family,Cruise,3,2850.46,6
TRIP19173,USER4024,Barcelona,03-01-2025,11-03-2025,Cultural,Train,3,1042.97,1
TRIP19174,USER4505,Tokyo,30-12-2024,13-03-2025,Beach,Bus,4,4904.32,7
TRIP19175,USER6418,Dubai,11-11-2024,17-11-2024,Business,Car,5,2433.1,3
TRIP19176,USER3950,London,26-10-2024,21-03-2025,Cultural,Flight,4,2225.57,9
TRIP19177,USER8968,London,15-09-2024,31-12-2024,Beach,Bus,2,2707.59,9
TRIP19178,USER4109,New York,12-05-2024,17-02-2025,Leisure,Cruise,2,2540.58,3
TRIP19179,USER9939,London,28-10-2024,28-12-2024,Cultural,Car,1,3364.89,5
TRIP19180,USER7385,Paris,01-11-2024,03-03-2025,Leisure,Cruise,4,4772.49,7
TRIP19181,USER3177,Istanbul,05-12-2024,14-04-2025,Family,Car,4,3472.05,5
TRIP19182,USER4877,New York,08-03-2025,21-03-2025,Adventure,Flight,4,4194.31,1
TRIP19183,USER1497,New York,23-04-2024,18-02-2025,Family,Cruise,2,549.94,4
TRIP19184,USER2070,Bangkok,10-11-2024,19-03-2025,Beach,Bus,2,1928.95,5
TRIP19185,USER2647,Tokyo,07-05-2024,19-11-2024,Business,Bus,5,1226.14,1
TRIP19186,USER1271,Barcelona,17-09-2024,26-11-2024,Adventure,Flight,1,1503.21,3
TRIP19187,USER9419,Rome,29-01-2025,18-03-2025,Cultural,Train,2,3080.61,8
TRIP19188,USER5185,Barcelona,25-09-2024,13-02-2025,Leisure,Train,3,2419.6,5
TRIP19189,USER9009,Dubai,19-01-2025,19-02-2025,Leisure,Train,2,2735.04,7
TRIP19190,USER6542,Paris,25-07-2024,27-11-2024,Family,Bus,2,3795.61,7
TRIP19191,USER9414,Tokyo,27-07-2024,30-09-2024,Family,Train,1,4047.98,8
TRIP19192,USER7070,Istanbul,09-12-2024,27-02-2025,Beach,Train,5,2304.41,2
TRIP19193,USER8935,Istanbul,18-05-2024,29-05-2024,Beach,Cruise,5,999.47,8
TRIP19194,USER2134,Sydney,25-09-2024,26-10-2024,Business,Bus,1,3329.22,6
TRIP19195,USER5791,Dubai,13-05-2024,24-01-2025,Beach,Cruise,2,3125.08,5
TRIP19196,USER3634,New York,31-03-2024,14-12-2024,Beach,Flight,4,4923.2,7
TRIP19197,USER9051,Rome,23-02-2025,27-03-2025,Adventure,Train,2,1473.71,6
TRIP19198,USER2322,Tokyo,26-10-2024,30-12-2024,Cultural,Car,4,1994.69,6
TRIP19199,USER9134,New York,05-01-2025,11-02-2025,Adventure,Train,3,4364.61,10
TRIP19200,USER7868,Rome,09-05-2024,31-12-2024,Beach,Car,2,1053.57,5
TRIP19201,USER2123,Sydney,30-10-2024,05-11-2024,Family,Cruise,1,3159.27,10
TRIP19202,USER6559,New York,02-10-2024,05-03-2025,Family,Flight,4,2723.39,2
TRIP19203,USER5497,New York,15-06-2024,17-08-2024,Adventure,Bus,3,2308.13,1
TRIP19204,USER6157,Sydney,25-03-2024,03-02-2025,Beach,Flight,1,4437.66,5
TRIP19205,USER6764,New York,17-08-2024,09-09-2024,Family,Bus,4,804.36,3
TRIP19206,USER8223,Paris,04-07-2024,08-12-2024,Leisure,Car,4,2871.07,3
TRIP19207,USER8888,Barcelona,18-05-2024,03-03-2025,Cultural,Flight,5,756.17,8
TRIP19208,USER7947,Istanbul,13-05-2024,08-06-2024,Family,Bus,4,2122.74,5
TRIP19209,USER5301,Rome,30-06-2024,19-01-2025,Business,Cruise,4,4951.76,10
TRIP19210,USER2240,Rome,02-09-2024,23-12-2024,Adventure,Cruise,1,3201.56,7
TRIP19211,USER6611,London,06-06-2024,18-07-2024,Business,Car,4,4657.9,1
TRIP19212,USER6704,Bangkok,06-05-2024,09-07-2024,Leisure,Train,5,1792.82,8
TRIP19213,USER9655,Bangkok,01-05-2024,08-12-2024,Beach,Flight,5,3540.52,3
TRIP19214,USER2212,Tokyo,16-04-2024,13-08-2024,Cultural,Flight,2,2768.72,4
TRIP19215,USER6873,Barcelona,19-06-2024,18-12-2024,Adventure,Bus,1,3310.3,10
TRIP19216,USER9031,Rome,28-05-2024,08-03-2025,Beach,Cruise,2,3990.76,10
TRIP19217,USER4463,Paris,30-06-2024,26-12-2024,Adventure,Train,2,2433.77,7
TRIP19218,USER4959,Tokyo,29-05-2024,11-10-2024,Adventure,Bus,4,4994.71,6
TRIP19219,USER1695,Istanbul,27-02-2025,15-03-2025,Cultural,Bus,1,2149.87,2
TRIP19220,USER6515,Dubai,19-04-2024,24-04-2024,Business,Train,3,2758.49,2
TRIP19221,USER9710,Barcelona,13-07-2024,16-09-2024,Business,Cruise,1,2868.02,2
TRIP19222,USER1450,Istanbul,17-07-2024,15-04-2025,Cultural,Bus,3,3760.35,1
TRIP19223,USER2062,Sydney,14-01-2025,09-03-2025,Leisure,Flight,1,944.21,5
TRIP19224,USER5092,London,18-08-2024,26-01-2025,Adventure,Flight,2,2032.88,10
TRIP19225,USER7310,Dubai,17-04-2024,24-01-2025,Family,Flight,4,2228.65,5
TRIP19226,USER2721,London,16-10-2024,28-12-2024,Cultural,Cruise,1,1079.51,10
TRIP19227,USER6006,Paris,21-09-2024,31-03-2025,Family,Cruise,4,951.17,5
TRIP19228,USER8880,Rome,27-07-2024,06-10-2024,Family,Flight,3,3504.05,9
TRIP19229,USER5892,London,09-07-2024,11-02-2025,Beach,Flight,2,909.62,3
TRIP19230,USER2791,London,09-06-2024,20-10-2024,Business,Cruise,3,4494.31,10
TRIP19231,USER6357,Dubai,18-09-2024,10-10-2024,Family,Flight,2,3816.85,9
TRIP19232,USER8753,Bangkok,14-05-2024,14-09-2024,Beach,Cruise,4,3186.96,5
TRIP19233,USER4804,Paris,28-02-2025,09-04-2025,Adventure,Flight,3,527.03,3
TRIP19234,USER3612,Tokyo,06-11-2024,09-01-2025,Leisure,Train,5,1377.51,1
TRIP19235,USER8892,London,22-12-2024,07-01-2025,Business,Bus,2,836.12,5
TRIP19236,USER1183,Dubai,15-06-2024,02-12-2024,Family,Cruise,1,2472.45,5
TRIP19237,USER3758,Rome,07-03-2025,30-03-2025,Family,Flight,4,3249.42,8
TRIP19238,USER2659,Paris,17-11-2024,09-01-2025,Family,Car,5,1827.27,9
TRIP19239,USER8747,London,28-08-2024,18-01-2025,Adventure,Cruise,2,4541.58,4
TRIP19240,USER7807,Tokyo,18-10-2024,12-02-2025,Business,Train,1,2719.96,9
TRIP19241,USER9330,Rome,11-09-2024,20-03-2025,Beach,Cruise,5,2816.76,5
TRIP19242,USER8721,New York,14-03-2025,31-03-2025,Family,Cruise,3,3447.39,2
TRIP19243,USER6233,London,09-11-2024,21-01-2025,Adventure,Flight,3,1236.21,8
TRIP19244,USER7432,London,10-01-2025,12-02-2025,Family,Bus,5,2104.63,9
TRIP19245,USER8579,New York,28-09-2024,04-01-2025,Family,Train,1,4867.59,10
TRIP19246,USER1518,Sydney,14-09-2024,30-01-2025,Business,Cruise,4,1489.22,8
TRIP19247,USER6021,Paris,06-09-2024,10-04-2025,Business,Train,5,2274.16,10
TRIP19248,USER3801,Barcelona,12-01-2025,05-03-2025,Leisure,Car,2,3129.83,5
TRIP19249,USER5828,Bangkok,05-03-2025,15-04-2025,Family,Train,2,4659.6,4
TRIP19250,USER3261,Rome,17-05-2024,31-05-2024,Family,Flight,1,584.55,2
TRIP19251,USER6193,London,17-03-2024,09-06-2024,Adventure,Train,4,4715.15,3
TRIP19252,USER4319,Tokyo,12-12-2024,04-02-2025,Cultural,Flight,3,2235.25,7
TRIP19253,USER5401,Dubai,12-09-2024,31-01-2025,Leisure,Train,4,1379.56,1
TRIP19254,USER4686,Tokyo,26-05-2024,07-11-2024,Beach,Bus,3,1079.77,5
TRIP19255,USER4439,Istanbul,14-06-2024,17-09-2024,Beach,Cruise,1,1836.52,5
TRIP19256,USER7362,Istanbul,28-01-2025,10-02-2025,Cultural,Train,1,528.83,7
TRIP19257,USER3883,Istanbul,16-05-2024,25-06-2024,Family,Bus,5,557.08,1
TRIP19258,USER9459,Sydney,22-08-2024,17-09-2024,Adventure,Flight,1,2737.7,7
TRIP19259,USER8141,Rome,24-09-2024,12-11-2024,Leisure,Bus,3,4375.36,3
TRIP19260,USER1804,Barcelona,12-04-2024,14-03-2025,Adventure,Flight,1,3068.21,3
TRIP19261,USER6421,Barcelona,08-08-2024,19-11-2024,Leisure,Cruise,3,681.64,8
TRIP19262,USER5770,Bangkok,17-07-2024,25-12-2024,Adventure,Car,5,1821.55,2
TRIP19263,USER6455,Bangkok,14-05-2024,14-09-2024,Beach,Cruise,3,3678.58,8
TRIP19264,USER3205,Paris,09-04-2024,10-02-2025,Cultural,Cruise,5,787.35,10
TRIP19265,USER5781,Paris,09-02-2025,30-03-2025,Adventure,Train,5,4561.18,8
TRIP19266,USER2157,Paris,25-07-2024,11-03-2025,Adventure,Cruise,2,3173.8,10
TRIP19267,USER8524,Bangkok,13-11-2024,24-02-2025,Cultural,Bus,3,1230.86,6
TRIP19268,USER4525,Sydney,02-01-2025,07-02-2025,Leisure,Flight,2,4221.35,2
TRIP19269,USER3807,London,15-03-2025,05-04-2025,Beach,Flight,3,1401.93,7
TRIP19270,USER2337,Dubai,24-01-2025,09-04-2025,Leisure,Flight,1,3753.83,9
TRIP19271,USER2924,Istanbul,25-08-2024,11-01-2025,Beach,Car,5,1585.67,10
TRIP19272,USER3038,Dubai,18-05-2024,31-08-2024,Business,Car,4,3299.84,7
TRIP19273,USER1765,Tokyo,10-01-2025,28-02-2025,Family,Bus,2,2641.85,5
TRIP19274,USER2892,New York,03-08-2024,08-08-2024,Leisure,Train,4,3813.6,3
TRIP19275,USER4025,Barcelona,19-04-2024,30-04-2024,Leisure,Car,3,921.47,6
TRIP19276,USER8029,Bangkok,05-06-2024,22-08-2024,Adventure,Flight,3,4914.67,2
TRIP19277,USER7376,Tokyo,22-08-2024,29-03-2025,Leisure,Car,1,3597,3
TRIP19278,USER3153,Sydney,25-09-2024,27-02-2025,Beach,Car,3,599.84,2
TRIP19279,USER8455,Sydney,05-10-2024,21-02-2025,Family,Flight,1,3992.1,8
TRIP19280,USER8829,Dubai,19-08-2024,10-11-2024,Beach,Car,4,2175.83,2
TRIP19281,USER1521,Tokyo,27-11-2024,11-02-2025,Beach,Bus,5,4432.39,10
TRIP19282,USER1732,Sydney,08-11-2024,14-01-2025,Adventure,Cruise,5,3541.47,6
TRIP19283,USER1269,Dubai,09-03-2025,09-04-2025,Leisure,Train,1,3911.64,10
TRIP19284,USER6635,Paris,07-03-2025,11-04-2025,Leisure,Cruise,3,1633.65,9
TRIP19285,USER2359,Bangkok,12-05-2024,27-02-2025,Cultural,Train,3,2080.07,9
TRIP19286,USER1723,Paris,21-02-2025,24-03-2025,Beach,Cruise,4,575.68,9
TRIP19287,USER5914,Paris,01-09-2024,21-11-2024,Beach,Car,1,2894.21,1
TRIP19288,USER6248,Rome,05-06-2024,27-11-2024,Cultural,Flight,3,3417.41,8
TRIP19289,USER6140,Rome,28-01-2025,11-04-2025,Cultural,Bus,5,3292.3,10
TRIP19290,USER6376,Tokyo,24-08-2024,20-03-2025,Business,Car,4,3292.38,4
TRIP19291,USER5611,New York,27-04-2024,24-07-2024,Adventure,Car,1,4672.04,1
TRIP19292,USER5726,Istanbul,22-10-2024,26-03-2025,Adventure,Bus,3,749.71,4
TRIP19293,USER4381,New York,13-03-2025,20-03-2025,Family,Flight,4,4416.27,10
TRIP19294,USER3025,Tokyo,18-08-2024,08-11-2024,Cultural,Bus,3,1497.75,10
TRIP19295,USER9662,Istanbul,18-02-2025,02-04-2025,Business,Flight,4,1310.25,3
TRIP19296,USER7075,Tokyo,28-10-2024,16-01-2025,Adventure,Train,4,2180.55,8
TRIP19297,USER6891,Tokyo,23-08-2024,17-11-2024,Leisure,Train,5,2821.17,9
TRIP19298,USER4764,Dubai,09-10-2024,10-04-2025,Business,Cruise,5,2743.01,2
TRIP19299,USER2568,Sydney,16-03-2024,08-09-2024,Family,Flight,4,4510.84,1
TRIP19300,USER3365,Rome,10-06-2024,05-12-2024,Adventure,Car,5,1611.61,8
TRIP19301,USER5543,Paris,08-03-2025,01-04-2025,Beach,Cruise,5,1625.66,10
TRIP19302,USER3139,Istanbul,16-02-2025,21-02-2025,Beach,Car,4,1350.94,6
TRIP19303,USER9967,Barcelona,10-04-2024,12-03-2025,Beach,Flight,1,3949.97,9
TRIP19304,USER8227,Bangkok,19-02-2025,20-03-2025,Beach,Flight,1,2573.42,4
TRIP19305,USER6957,New York,05-07-2024,28-11-2024,Leisure,Train,4,1816.22,7
TRIP19306,USER5033,Barcelona,22-03-2024,28-08-2024,Cultural,Cruise,4,3766.43,2
TRIP19307,USER4920,Bangkok,10-01-2025,11-01-2025,Leisure,Bus,4,4568.08,2
TRIP19308,USER7505,Bangkok,03-08-2024,03-11-2024,Family,Train,2,3623.54,4
TRIP19309,USER4267,Sydney,27-07-2024,24-11-2024,Cultural,Flight,3,597.87,10
TRIP19310,USER8825,London,20-02-2025,01-03-2025,Family,Flight,1,2536.5,9
TRIP19311,USER5506,Tokyo,06-11-2024,08-04-2025,Adventure,Train,1,3945.88,2
TRIP19312,USER3604,Dubai,17-07-2024,07-04-2025,Adventure,Car,3,2889.3,5
TRIP19313,USER1910,Dubai,24-08-2024,23-03-2025,Family,Flight,4,1390.11,8
TRIP19314,USER5808,Rome,01-09-2024,30-09-2024,Beach,Cruise,2,1237.3,8
TRIP19315,USER2503,Sydney,26-12-2024,04-02-2025,Adventure,Train,1,879.27,10
TRIP19316,USER5835,Barcelona,19-03-2024,03-02-2025,Beach,Train,4,620.55,5
TRIP19317,USER2492,Bangkok,19-07-2024,28-03-2025,Family,Cruise,4,4742.23,1
TRIP19318,USER7539,Paris,31-05-2024,17-06-2024,Family,Bus,5,2918.7,4
TRIP19319,USER7208,Sydney,04-05-2024,04-10-2024,Beach,Flight,3,3189.68,3
TRIP19320,USER1089,Istanbul,30-01-2025,14-02-2025,Family,Bus,5,2537.24,9
TRIP19321,USER9556,Barcelona,24-09-2024,17-02-2025,Family,Flight,2,694.81,9
TRIP19322,USER1474,Rome,17-01-2025,26-01-2025,Cultural,Train,4,1931.12,1
TRIP19323,USER6286,Dubai,09-05-2024,30-07-2024,Leisure,Car,1,3311.07,2
TRIP19324,USER3040,London,12-01-2025,17-01-2025,Beach,Train,2,777.75,10
TRIP19325,USER1852,London,06-08-2024,13-09-2024,Family,Cruise,3,1493.75,4
TRIP19326,USER8541,Istanbul,02-03-2025,07-03-2025,Beach,Train,4,4818.44,6
TRIP19327,USER9009,Bangkok,28-03-2024,09-10-2024,Adventure,Bus,1,930.03,8
TRIP19328,USER1516,Istanbul,21-06-2024,01-02-2025,Adventure,Flight,3,3160.05,2
TRIP19329,USER7178,Paris,03-07-2024,11-04-2025,Cultural,Bus,5,1774.03,3
TRIP19330,USER9578,Sydney,11-08-2024,01-09-2024,Beach,Flight,5,4887.55,1
TRIP19331,USER4530,Dubai,02-04-2024,28-12-2024,Business,Cruise,3,3319.82,5
TRIP19332,USER6687,Istanbul,07-12-2024,14-03-2025,Family,Car,2,2507.25,3
TRIP19333,USER6398,Barcelona,27-02-2025,21-03-2025,Leisure,Train,4,2022.68,6
TRIP19334,USER2671,Paris,30-08-2024,06-03-2025,Beach,Bus,3,2417.24,7
TRIP19335,USER8633,Rome,25-08-2024,03-02-2025,Beach,Train,1,1902.76,7
TRIP19336,USER3046,Tokyo,12-09-2024,13-02-2025,Leisure,Bus,4,2261.82,3
TRIP19337,USER8629,Dubai,12-01-2025,09-03-2025,Family,Cruise,5,1434.91,8
TRIP19338,USER5119,Barcelona,01-06-2024,10-03-2025,Cultural,Bus,4,891.23,9
TRIP19339,USER8244,Sydney,06-01-2025,08-03-2025,Business,Flight,1,2186.21,4
TRIP19340,USER6730,Dubai,31-08-2024,05-11-2024,Leisure,Cruise,2,4121.85,3
TRIP19341,USER4453,Dubai,18-09-2024,10-01-2025,Family,Cruise,2,3340.4,2
TRIP19342,USER4429,Istanbul,13-02-2025,17-03-2025,Leisure,Bus,5,2750.93,10
TRIP19343,USER3533,Istanbul,02-04-2024,18-12-2024,Cultural,Cruise,5,654.95,10
TRIP19344,USER6465,London,07-02-2025,07-04-2025,Adventure,Train,2,2372.24,3
TRIP19345,USER1688,Istanbul,03-06-2024,08-12-2024,Leisure,Bus,5,3699.15,6
TRIP19346,USER2950,Tokyo,07-10-2024,12-12-2024,Beach,Bus,1,1873.29,4
TRIP19347,USER1224,London,28-08-2024,23-10-2024,Leisure,Cruise,5,3385.78,6
TRIP19348,USER4803,Bangkok,18-10-2024,20-12-2024,Business,Bus,3,4503.21,5
TRIP19349,USER3456,Barcelona,28-10-2024,15-12-2024,Cultural,Train,2,2416.03,3
TRIP19350,USER6120,Istanbul,16-10-2024,06-02-2025,Family,Bus,5,4944.17,8
TRIP19351,USER8632,Sydney,24-10-2024,31-10-2024,Business,Flight,2,1977.16,10
TRIP19352,USER1577,Istanbul,19-08-2024,15-09-2024,Beach,Train,3,3828.79,2
TRIP19353,USER2362,New York,23-09-2024,06-03-2025,Beach,Train,1,3145.47,4
TRIP19354,USER3623,Tokyo,26-07-2024,26-08-2024,Adventure,Bus,5,3158.72,9
TRIP19355,USER1770,Barcelona,01-06-2024,09-10-2024,Beach,Cruise,1,3869.46,8
TRIP19356,USER6222,Paris,17-12-2024,02-02-2025,Adventure,Cruise,3,4666.62,8
TRIP19357,USER9715,New York,13-09-2024,26-11-2024,Family,Cruise,4,1552.16,10
TRIP19358,USER7301,Paris,23-01-2025,18-02-2025,Beach,Bus,2,522.23,6
TRIP19359,USER9252,New York,08-06-2024,20-12-2024,Beach,Cruise,4,1254.4,7
TRIP19360,USER3259,Rome,21-06-2024,12-08-2024,Cultural,Car,4,2922.9,2
TRIP19361,USER7490,London,12-06-2024,03-07-2024,Cultural,Cruise,1,3887.1,2
TRIP19362,USER1644,Tokyo,21-04-2024,08-07-2024,Adventure,Bus,3,4934.53,8
TRIP19363,USER9830,Tokyo,07-11-2024,05-01-2025,Leisure,Cruise,2,4302.25,1
TRIP19364,USER1311,Dubai,10-05-2024,15-04-2025,Family,Bus,1,3612.43,10
TRIP19365,USER8416,Barcelona,07-04-2024,23-05-2024,Adventure,Cruise,5,1371.2,5
TRIP19366,USER2511,Barcelona,02-05-2024,08-03-2025,Beach,Train,4,2114.83,5
TRIP19367,USER1132,Rome,09-11-2024,13-02-2025,Adventure,Train,2,1803.58,4
TRIP19368,USER2593,Tokyo,30-11-2024,14-04-2025,Cultural,Car,2,1516.25,5
TRIP19369,USER9588,Istanbul,18-11-2024,21-01-2025,Cultural,Train,5,4472.65,1
TRIP19370,USER9501,New York,02-11-2024,07-01-2025,Business,Train,1,4053.66,1
TRIP19371,USER8033,Dubai,11-11-2024,19-03-2025,Beach,Bus,3,4350.49,1
TRIP19372,USER2147,Tokyo,31-08-2024,01-02-2025,Leisure,Cruise,2,2617.94,7
TRIP19373,USER6563,London,06-07-2024,02-03-2025,Leisure,Car,3,1835.62,6
TRIP19374,USER6244,Dubai,09-08-2024,12-10-2024,Cultural,Cruise,4,2021.96,6
TRIP19375,USER1716,Paris,02-11-2024,02-03-2025,Leisure,Car,5,965.53,8
TRIP19376,USER7700,Paris,13-01-2025,17-01-2025,Beach,Flight,1,654.18,7
TRIP19377,USER5277,Barcelona,23-08-2024,14-03-2025,Adventure,Flight,4,3353.41,5
TRIP19378,USER5126,Dubai,09-02-2025,13-03-2025,Family,Car,4,739.66,8
TRIP19379,USER8399,Rome,17-02-2025,22-03-2025,Beach,Car,5,1805.16,9
TRIP19380,USER1156,Barcelona,16-12-2024,20-02-2025,Business,Bus,5,4503.58,9
TRIP19381,USER6366,Barcelona,15-09-2024,03-03-2025,Beach,Car,5,3307.67,6
TRIP19382,USER4563,Sydney,30-06-2024,25-07-2024,Adventure,Train,1,3923.52,8
TRIP19383,USER6581,Istanbul,27-08-2024,23-11-2024,Cultural,Flight,4,2818.62,9
TRIP19384,USER9255,New York,01-04-2024,02-07-2024,Business,Bus,1,3783.48,5
TRIP19385,USER2827,New York,10-10-2024,27-03-2025,Beach,Cruise,1,2458.34,7
TRIP19386,USER1427,Sydney,24-07-2024,12-03-2025,Family,Car,3,4711.59,5
TRIP19387,USER4053,Rome,02-01-2025,13-01-2025,Business,Train,4,4849.43,2
TRIP19388,USER8690,New York,28-05-2024,06-10-2024,Leisure,Cruise,5,4358.15,8
TRIP19389,USER3567,New York,12-05-2024,08-07-2024,Beach,Bus,2,755.16,4
TRIP19390,USER8502,Sydney,11-01-2025,08-02-2025,Cultural,Bus,1,3088.64,9
TRIP19391,USER2581,New York,10-04-2024,19-05-2024,Cultural,Flight,3,706.27,8
TRIP19392,USER2277,London,11-11-2024,10-12-2024,Business,Train,3,847.8,9
TRIP19393,USER3118,Tokyo,07-09-2024,08-09-2024,Leisure,Train,4,2942.94,4
TRIP19395,USER8740,Dubai,08-08-2024,15-09-2024,Leisure,Train,3,1890.36,6
TRIP19396,USER3445,Dubai,07-07-2024,24-03-2025,Family,Train,3,2998.82,10
TRIP19397,USER3921,New York,17-05-2024,26-02-2025,Leisure,Train,1,1584.88,4
TRIP19398,USER4539,New York,27-06-2024,06-02-2025,Business,Cruise,2,3452.32,4
TRIP19399,USER2721,Paris,14-12-2024,21-01-2025,Leisure,Flight,4,601.39,4
TRIP19400,USER4972,Istanbul,22-01-2025,28-02-2025,Cultural,Car,5,2052.34,8
TRIP19401,USER3475,New York,15-04-2024,19-08-2024,Family,Bus,5,1392.12,8
TRIP19402,USER6000,Barcelona,05-09-2024,26-02-2025,Beach,Cruise,2,4551.84,3
TRIP19403,USER8497,Rome,07-09-2024,23-01-2025,Business,Cruise,2,803.94,7
TRIP19404,USER3845,Dubai,29-06-2024,18-07-2024,Family,Car,3,4781.19,9
TRIP19405,USER7681,Istanbul,10-04-2024,19-12-2024,Leisure,Car,3,4457.45,7
TRIP19406,USER9072,London,26-07-2024,20-11-2024,Business,Bus,4,2257.01,8
TRIP19407,USER6407,Tokyo,08-11-2024,29-03-2025,Beach,Cruise,4,2033.64,8
TRIP19408,USER3973,Sydney,30-06-2024,01-09-2024,Business,Train,5,1094.57,7
TRIP19409,USER4100,Sydney,25-12-2024,07-04-2025,Beach,Flight,5,1914.36,1
TRIP19410,USER9319,Dubai,29-10-2024,15-03-2025,Leisure,Bus,4,3067.87,3
TRIP19411,USER4641,Bangkok,14-11-2024,04-02-2025,Adventure,Car,5,4662.41,10
TRIP19412,USER2990,New York,18-02-2025,10-03-2025,Cultural,Cruise,2,3729.67,6
TRIP19413,USER8667,Sydney,24-05-2024,04-07-2024,Beach,Bus,4,1293.15,6
TRIP19414,USER2500,Bangkok,07-09-2024,10-02-2025,Business,Car,4,591.89,3
TRIP19415,USER7741,Barcelona,30-01-2025,10-02-2025,Leisure,Train,3,1326.52,7
TRIP19416,USER5676,Dubai,07-09-2024,12-11-2024,Leisure,Train,5,1932.02,9
TRIP19417,USER9965,Bangkok,12-09-2024,09-03-2025,Adventure,Train,5,591.57,3
TRIP19418,USER9177,Istanbul,12-03-2025,20-03-2025,Adventure,Train,2,3214.56,2
TRIP19419,USER6927,Sydney,29-09-2024,30-01-2025,Business,Car,3,1352.6,7
TRIP19420,USER6373,Rome,12-08-2024,15-02-2025,Adventure,Bus,2,2624.84,3
TRIP19421,USER3554,Bangkok,10-04-2024,17-06-2024,Adventure,Car,5,4993.22,2
TRIP19422,USER9159,Istanbul,03-07-2024,31-08-2024,Leisure,Car,4,1023.62,9
TRIP19423,USER3364,Paris,30-09-2024,02-10-2024,Adventure,Bus,2,1198.55,1
TRIP19424,USER2926,Istanbul,23-09-2024,06-12-2024,Cultural,Train,5,3023.5,5
TRIP19425,USER8235,Istanbul,15-03-2025,10-04-2025,Cultural,Flight,2,2607.72,6
TRIP19426,USER3175,London,27-05-2024,16-08-2024,Leisure,Flight,2,1419.45,1
TRIP19427,USER1215,Tokyo,06-04-2024,05-04-2025,Adventure,Train,3,3305.98,3
TRIP19428,USER1793,London,17-06-2024,19-11-2024,Family,Train,2,3764.99,4
TRIP19429,USER2015,Sydney,25-01-2025,06-03-2025,Cultural,Flight,3,4222.72,2
TRIP19430,USER4810,Barcelona,01-11-2024,19-12-2024,Business,Bus,3,4794.42,8
TRIP19431,USER4851,New York,15-06-2024,04-01-2025,Cultural,Bus,4,1753.85,3
TRIP19432,USER5866,Paris,20-08-2024,09-09-2024,Adventure,Car,3,1680.39,3
TRIP19433,USER7209,Sydney,09-08-2024,15-08-2024,Cultural,Bus,1,2918.63,4
TRIP19434,USER5662,Barcelona,10-09-2024,13-02-2025,Adventure,Car,3,1348.23,9
TRIP19435,USER1792,Tokyo,18-01-2025,18-02-2025,Leisure,Bus,3,1114.46,3
TRIP19436,USER9009,Istanbul,17-07-2024,11-03-2025,Beach,Train,1,1413.13,2
TRIP19437,USER4785,Bangkok,07-09-2024,06-03-2025,Cultural,Flight,3,2555.18,8
TRIP19438,USER4527,Sydney,06-08-2024,23-09-2024,Leisure,Flight,4,2902.55,3
TRIP19439,USER3447,Dubai,24-06-2024,04-02-2025,Business,Bus,2,3504.12,9
TRIP19440,USER3349,Paris,09-12-2024,30-03-2025,Adventure,Bus,1,1633.03,6
TRIP19441,USER4037,London,13-04-2024,16-11-2024,Leisure,Cruise,2,2286.38,4
TRIP19442,USER7411,Paris,08-05-2024,05-04-2025,Beach,Train,4,3081.9,2
TRIP19443,USER6321,Bangkok,07-03-2025,30-03-2025,Leisure,Cruise,1,2042.12,7
TRIP19444,USER4778,Paris,06-09-2024,14-04-2025,Adventure,Train,1,2540.28,2
TRIP19445,USER7763,New York,01-05-2024,01-05-2024,Beach,Flight,3,2853.37,1
TRIP19446,USER4479,Istanbul,19-08-2024,15-09-2024,Adventure,Train,4,4879.04,9
TRIP19447,USER1078,Barcelona,04-04-2024,27-01-2025,Adventure,Train,2,626.07,3
TRIP19448,USER7328,New York,03-05-2024,05-05-2024,Business,Train,3,2529.3,9
TRIP19449,USER2276,New York,21-02-2025,09-03-2025,Leisure,Flight,4,3594.02,8
TRIP19450,USER8779,Sydney,21-11-2024,04-04-2025,Beach,Cruise,2,4379.75,1
TRIP19451,USER3926,Barcelona,29-01-2025,11-02-2025,Family,Bus,4,1180.87,7
TRIP19452,USER1931,Dubai,06-10-2024,05-02-2025,Adventure,Car,4,2355.54,5
TRIP19453,USER9375,Paris,28-04-2024,03-06-2024,Family,Flight,2,4196.68,7
TRIP19454,USER7294,Dubai,23-07-2024,27-03-2025,Cultural,Car,4,2969.47,8
TRIP19455,USER4645,Barcelona,14-03-2025,26-03-2025,Cultural,Train,3,3587.24,9
TRIP19456,USER3470,Bangkok,05-11-2024,09-04-2025,Adventure,Flight,3,3579.27,6
TRIP19457,USER2942,New York,21-02-2025,15-03-2025,Family,Train,4,3003.39,9
TRIP19458,USER6735,Dubai,02-01-2025,01-03-2025,Beach,Cruise,1,4785.22,7
TRIP19459,USER6475,Bangkok,27-01-2025,12-03-2025,Beach,Flight,4,2590.58,7
TRIP19460,USER6737,Dubai,12-05-2024,26-06-2024,Family,Car,3,713.94,3
TRIP19461,USER5458,Rome,29-06-2024,05-01-2025,Leisure,Train,5,3524.92,6
TRIP19462,USER5117,Sydney,13-06-2024,01-02-2025,Beach,Bus,3,3479.56,6
TRIP19463,USER6884,Istanbul,29-12-2024,27-02-2025,Family,Flight,2,3211.15,9
TRIP19464,USER4237,Dubai,08-05-2024,04-04-2025,Adventure,Bus,5,3550.13,1
TRIP19465,USER4656,Sydney,15-12-2024,07-03-2025,Beach,Bus,4,2746.92,3
TRIP19466,USER4904,London,18-03-2024,08-09-2024,Beach,Bus,2,871.04,8
TRIP19467,USER6369,Dubai,15-02-2025,05-03-2025,Family,Cruise,5,3063.76,5
TRIP19468,USER7774,London,03-10-2024,03-12-2024,Cultural,Train,5,1895.46,9
TRIP19469,USER3879,Sydney,02-10-2024,14-01-2025,Business,Cruise,3,3502.89,2
TRIP19470,USER1666,Rome,11-01-2025,05-03-2025,Family,Train,2,651.11,8
TRIP19471,USER4673,Dubai,31-05-2024,14-11-2024,Cultural,Car,5,1759.88,5
TRIP19472,USER4160,Barcelona,21-09-2024,07-04-2025,Business,Train,4,3140.21,4
TRIP19473,USER2842,Dubai,07-05-2024,12-01-2025,Business,Cruise,5,3157.33,3
TRIP19474,USER2737,Rome,22-10-2024,28-11-2024,Business,Cruise,1,3919.63,5
TRIP19475,USER1062,Istanbul,23-12-2024,26-01-2025,Adventure,Bus,2,4124.39,8
TRIP19476,USER5979,Rome,26-03-2024,19-12-2024,Leisure,Train,1,3935.92,2
TRIP19477,USER3525,Istanbul,10-11-2024,12-01-2025,Beach,Car,5,3666.04,5
TRIP19478,USER7373,Bangkok,13-09-2024,12-02-2025,Business,Flight,3,3855.35,2
TRIP19479,USER7898,New York,12-04-2024,01-12-2024,Cultural,Flight,5,3106.06,2
TRIP19480,USER1047,New York,15-02-2025,11-03-2025,Cultural,Flight,5,3974.56,6
TRIP19481,USER3329,Istanbul,10-09-2024,20-01-2025,Cultural,Car,1,3208.62,1
TRIP19482,USER3165,Paris,09-03-2025,17-03-2025,Cultural,Bus,2,4784,7
TRIP19483,USER5127,Bangkok,01-11-2024,08-11-2024,Adventure,Train,1,541.12,4
TRIP19484,USER8877,Rome,26-02-2025,01-03-2025,Cultural,Train,3,2290.76,8
TRIP19485,USER4913,London,24-06-2024,26-09-2024,Family,Cruise,2,4389.39,7
TRIP19486,USER1806,New York,21-03-2024,18-01-2025,Business,Car,4,4569.61,8
TRIP19487,USER5864,New York,04-04-2024,27-11-2024,Beach,Flight,3,3059.88,8
TRIP19488,USER7949,Barcelona,22-12-2024,15-02-2025,Cultural,Car,4,2486.49,7
TRIP19489,USER3311,Bangkok,11-11-2024,02-04-2025,Family,Bus,1,4501.16,3
TRIP19490,USER1910,Tokyo,25-10-2024,15-04-2025,Business,Cruise,4,3976.1,8
TRIP19491,USER8120,Barcelona,29-08-2024,17-02-2025,Cultural,Cruise,5,1542.59,8
TRIP19492,USER2976,Istanbul,08-11-2024,10-11-2024,Adventure,Car,2,1777.68,1
TRIP19493,USER3756,Istanbul,02-05-2024,17-02-2025,Family,Bus,5,4560.7,4
TRIP19494,USER7901,Dubai,10-04-2024,20-12-2024,Adventure,Cruise,2,2467.97,2
TRIP19495,USER8744,Dubai,09-11-2024,09-11-2024,Beach,Car,1,921.6,4
TRIP19496,USER8900,Bangkok,08-11-2024,05-01-2025,Family,Car,5,1406.62,7
TRIP19497,USER2333,Istanbul,02-01-2025,04-04-2025,Cultural,Bus,1,3565.62,5
TRIP19498,USER4903,Istanbul,12-10-2024,16-10-2024,Beach,Train,2,1461.18,10
TRIP19499,USER2720,Istanbul,30-07-2024,02-04-2025,Leisure,Bus,5,1250.45,1
TRIP19500,USER4294,Tokyo,30-07-2024,18-11-2024,Cultural,Train,5,2186.09,5
TRIP19501,USER1095,Istanbul,11-03-2025,07-04-2025,Cultural,Flight,3,3757.01,10
TRIP19502,USER3026,Istanbul,06-10-2024,04-04-2025,Family,Train,1,999.08,1
TRIP19503,USER1683,Barcelona,25-02-2025,03-04-2025,Leisure,Cruise,1,3055.95,3
TRIP19504,USER6371,Bangkok,21-03-2024,17-05-2024,Adventure,Bus,2,3082.43,6
TRIP19505,USER3651,Istanbul,27-02-2025,12-03-2025,Family,Cruise,4,2154.95,9
TRIP19506,USER5859,Dubai,27-05-2024,06-02-2025,Family,Train,2,4290.47,6
TRIP19507,USER2138,Barcelona,18-08-2024,17-01-2025,Beach,Train,1,634.69,7
TRIP19508,USER6934,New York,23-04-2024,27-10-2024,Family,Train,5,4499.49,3
TRIP19509,USER7147,Sydney,24-03-2024,11-05-2024,Beach,Flight,1,722.97,4
TRIP19510,USER4017,Paris,31-01-2025,07-04-2025,Beach,Train,4,2813.33,2
TRIP19511,USER8233,Paris,05-11-2024,27-03-2025,Adventure,Car,1,1245.39,3
TRIP19512,USER9510,London,26-08-2024,27-10-2024,Family,Car,2,1594.87,7
TRIP19513,USER8838,Tokyo,13-01-2025,31-03-2025,Business,Car,5,2149.26,4
TRIP19514,USER7169,London,11-01-2025,26-01-2025,Family,Flight,3,2239.08,8
TRIP19515,USER1517,Tokyo,04-07-2024,06-10-2024,Cultural,Flight,4,4439.62,2
TRIP19516,USER8321,Dubai,26-03-2024,17-11-2024,Business,Train,5,3836.83,2
TRIP19517,USER3686,Dubai,07-01-2025,16-03-2025,Family,Bus,5,2430.38,6
TRIP19518,USER3944,Dubai,12-02-2025,17-02-2025,Beach,Train,2,3254.61,6
TRIP19519,USER3761,Istanbul,12-02-2025,03-04-2025,Cultural,Cruise,5,513,5
TRIP19520,USER4656,Barcelona,09-02-2025,04-04-2025,Business,Bus,5,596.48,8
TRIP19521,USER5004,Bangkok,29-11-2024,26-02-2025,Cultural,Cruise,3,3196.72,3
TRIP19522,USER6939,Dubai,03-04-2024,24-09-2024,Leisure,Cruise,1,1628.66,3
TRIP19523,USER4360,Paris,31-08-2024,28-12-2024,Leisure,Train,2,4888.68,7
TRIP19524,USER2940,Paris,15-08-2024,14-11-2024,Leisure,Car,1,2797.99,2
TRIP19525,USER9384,Barcelona,20-07-2024,03-12-2024,Leisure,Bus,2,3739.7,8
TRIP19526,USER9435,Istanbul,14-08-2024,07-10-2024,Beach,Car,3,1215.25,10
TRIP19527,USER3509,Paris,25-03-2024,12-06-2024,Cultural,Bus,4,2353.52,5
TRIP19528,USER1652,London,23-07-2024,11-10-2024,Leisure,Car,1,1178.46,10
TRIP19529,USER1167,London,25-10-2024,05-03-2025,Family,Flight,2,692.17,8
TRIP19530,USER7469,Tokyo,13-12-2024,04-03-2025,Leisure,Bus,4,4877.51,3
TRIP19531,USER1652,New York,11-03-2025,26-03-2025,Cultural,Cruise,5,770.99,5
TRIP19532,USER7563,New York,17-09-2024,04-04-2025,Beach,Car,2,3248.16,4
TRIP19533,USER3626,Dubai,06-02-2025,03-03-2025,Adventure,Flight,2,4419.62,1
TRIP19534,USER9074,Barcelona,13-02-2025,22-02-2025,Business,Bus,5,1652.92,9
TRIP19535,USER5767,London,05-05-2024,05-11-2024,Cultural,Bus,4,2674.24,4
TRIP19536,USER8151,Bangkok,16-01-2025,20-02-2025,Business,Cruise,2,3608.3,3
TRIP19537,USER1474,Sydney,19-11-2024,29-01-2025,Business,Cruise,5,1100.85,6
TRIP19538,USER3732,New York,21-01-2025,15-02-2025,Business,Car,1,1899.15,2
TRIP19539,USER8900,Sydney,03-02-2025,30-03-2025,Beach,Train,4,2003.43,7
TRIP19540,USER5332,New York,06-11-2024,18-11-2024,Family,Bus,3,3626.29,3
TRIP19541,USER4862,Barcelona,01-03-2025,02-03-2025,Adventure,Train,4,1163.36,3
TRIP19542,USER1804,Tokyo,31-05-2024,05-10-2024,Family,Flight,1,4882.12,3
TRIP19543,USER8615,Barcelona,22-07-2024,17-02-2025,Beach,Car,5,3792.69,6
TRIP19544,USER3449,Rome,04-01-2025,01-04-2025,Beach,Bus,3,2092.72,1
TRIP19545,USER8065,Sydney,11-07-2024,14-02-2025,Business,Train,1,2953.07,8
TRIP19546,USER1013,New York,11-04-2024,17-10-2024,Cultural,Cruise,2,2139.8,6
TRIP19547,USER7487,Dubai,31-01-2025,07-03-2025,Business,Flight,1,1827.68,10
TRIP19548,USER2236,Barcelona,20-06-2024,06-03-2025,Beach,Car,2,2806.55,10
TRIP19549,USER8667,Sydney,14-12-2024,29-01-2025,Cultural,Bus,3,4702.97,10
TRIP19550,USER2597,Barcelona,25-02-2025,05-04-2025,Business,Flight,3,2994.48,1
TRIP19551,USER4508,Sydney,25-08-2024,06-11-2024,Cultural,Cruise,1,2281.81,10
TRIP19552,USER6372,Rome,23-12-2024,05-04-2025,Leisure,Cruise,5,3982.77,10
TRIP19553,USER7543,Paris,03-08-2024,17-03-2025,Adventure,Flight,3,4552.36,8
TRIP19554,USER3676,Paris,10-09-2024,20-01-2025,Family,Bus,1,2294.67,3
TRIP19555,USER1671,London,21-08-2024,25-09-2024,Cultural,Train,3,4748.34,10
TRIP19556,USER2808,Istanbul,05-01-2025,27-01-2025,Beach,Flight,2,760.14,2
TRIP19557,USER2786,Sydney,26-02-2025,23-03-2025,Cultural,Bus,4,4976.48,5
TRIP19558,USER4885,Sydney,14-10-2024,20-03-2025,Leisure,Flight,2,710.89,2
TRIP19559,USER5359,Bangkok,05-08-2024,05-01-2025,Beach,Bus,3,4836.82,6
TRIP19560,USER1305,Bangkok,30-10-2024,31-03-2025,Adventure,Flight,4,4967.01,7
TRIP19561,USER7078,Paris,07-07-2024,26-02-2025,Family,Train,3,1308.27,5
TRIP19562,USER6869,New York,13-05-2024,18-08-2024,Family,Car,5,1197.83,4
TRIP19563,USER5077,Dubai,09-03-2025,25-03-2025,Adventure,Car,1,3218.35,2
TRIP19564,USER8863,Paris,15-01-2025,22-02-2025,Adventure,Car,2,4801.64,1
TRIP19565,USER7278,Bangkok,08-05-2024,12-06-2024,Leisure,Train,1,2403.97,10
TRIP19566,USER8503,Paris,22-05-2024,07-03-2025,Cultural,Cruise,5,1783.98,5
TRIP19567,USER1829,Dubai,02-12-2024,05-01-2025,Cultural,Bus,4,634.42,5
TRIP19568,USER7608,New York,31-05-2024,04-08-2024,Beach,Train,2,4280.6,9
TRIP19569,USER6745,Tokyo,22-10-2024,26-01-2025,Business,Bus,1,605.98,8
TRIP19570,USER4070,Dubai,30-08-2024,02-02-2025,Cultural,Bus,4,3574.93,2
TRIP19571,USER3733,Dubai,08-07-2024,12-09-2024,Family,Car,1,3040.77,2
TRIP19572,USER1162,Barcelona,10-03-2025,12-03-2025,Adventure,Cruise,2,3811.89,5
TRIP19573,USER4278,Barcelona,21-05-2024,20-11-2024,Family,Car,3,3206.74,3
TRIP19574,USER7088,Istanbul,25-10-2024,10-11-2024,Leisure,Cruise,2,2629.97,5
TRIP19575,USER2862,London,16-03-2024,19-11-2024,Cultural,Bus,3,2601.49,5
TRIP19576,USER9521,Barcelona,22-11-2024,05-03-2025,Family,Bus,2,4813.86,9
TRIP19577,USER7327,Rome,23-02-2025,04-03-2025,Family,Cruise,4,2383.09,10
TRIP19578,USER4832,Bangkok,16-09-2024,24-01-2025,Adventure,Bus,5,1819.74,5
TRIP19579,USER7627,New York,19-03-2024,30-12-2024,Business,Flight,4,4943.17,10
TRIP19580,USER1513,New York,02-01-2025,03-03-2025,Business,Flight,4,991.74,4
TRIP19581,USER8653,New York,21-03-2024,16-02-2025,Cultural,Bus,4,2367.92,1
TRIP19582,USER7711,Tokyo,27-09-2024,04-03-2025,Business,Bus,5,2106.03,6
TRIP19583,USER3466,Sydney,04-05-2024,15-11-2024,Beach,Train,3,3039.5,9
TRIP19584,USER6902,Paris,13-06-2024,06-10-2024,Cultural,Flight,5,3720.77,3
TRIP19585,USER9111,Dubai,10-10-2024,01-02-2025,Family,Cruise,3,2777.29,2
TRIP19586,USER2237,Dubai,29-01-2025,23-03-2025,Beach,Bus,5,1350.97,10
TRIP19587,USER4621,Paris,14-11-2024,03-01-2025,Cultural,Flight,1,4574.11,1
TRIP19588,USER7603,Istanbul,19-04-2024,22-12-2024,Adventure,Bus,4,1346.3,3
TRIP19589,USER2980,Paris,03-03-2025,30-03-2025,Cultural,Car,1,1771.08,7
TRIP19590,USER8501,Barcelona,25-03-2024,23-10-2024,Business,Flight,4,4296.85,10
TRIP19591,USER8894,New York,27-07-2024,19-11-2024,Cultural,Car,4,516.13,6
TRIP19592,USER2814,New York,23-07-2024,09-11-2024,Business,Cruise,1,2856.36,10
TRIP19593,USER3971,Tokyo,22-03-2024,10-08-2024,Leisure,Bus,3,2300.96,1
TRIP19594,USER5199,London,31-08-2024,17-03-2025,Business,Car,1,769.78,7
TRIP19595,USER4407,Bangkok,16-05-2024,23-05-2024,Adventure,Car,2,1367.24,8
TRIP19596,USER6513,Bangkok,04-07-2024,03-09-2024,Cultural,Bus,1,3378.96,10
TRIP19597,USER2792,Tokyo,23-07-2024,11-10-2024,Family,Flight,3,1289.86,4
TRIP19598,USER2127,Barcelona,22-12-2024,18-02-2025,Adventure,Car,3,874.89,9
TRIP19599,USER9456,Istanbul,07-10-2024,03-11-2024,Business,Flight,4,3349.37,6
TRIP19600,USER5486,Dubai,17-09-2024,16-10-2024,Business,Car,2,2965.7,8
TRIP19601,USER6614,New York,22-12-2024,17-01-2025,Family,Cruise,5,2080.34,1
TRIP19602,USER7226,Barcelona,18-07-2024,27-09-2024,Business,Train,5,512.14,3
TRIP19603,USER5871,Dubai,20-08-2024,15-11-2024,Cultural,Cruise,5,1650.66,4
TRIP19604,USER7336,Tokyo,01-02-2025,31-03-2025,Adventure,Bus,3,3267.61,3
TRIP19605,USER8715,New York,13-10-2024,11-04-2025,Adventure,Cruise,2,1702.87,8
TRIP19606,USER5974,Bangkok,22-10-2024,08-03-2025,Cultural,Car,1,1131.68,3
TRIP19607,USER9759,Paris,22-10-2024,14-11-2024,Beach,Bus,1,2983.92,3
TRIP19608,USER2310,Rome,21-03-2024,13-02-2025,Beach,Train,4,1232.32,7
TRIP19609,USER8708,Rome,21-09-2024,06-10-2024,Cultural,Car,5,3258.75,3
TRIP19610,USER8086,Dubai,03-04-2024,09-09-2024,Leisure,Train,4,1319.99,7
TRIP19611,USER3962,Bangkok,25-07-2024,22-08-2024,Beach,Train,1,1961.21,4
TRIP19612,USER6126,Bangkok,15-08-2024,26-10-2024,Cultural,Train,3,4142.78,10
TRIP19613,USER5880,Barcelona,06-06-2024,18-07-2024,Adventure,Cruise,4,3208.58,6
TRIP19614,USER4031,Rome,13-01-2025,27-03-2025,Business,Bus,1,1287.5,8
TRIP19615,USER1241,Tokyo,27-11-2024,16-02-2025,Family,Cruise,5,3056.94,4
TRIP19616,USER3803,Dubai,28-02-2025,02-04-2025,Leisure,Flight,1,4673.75,3
TRIP19617,USER5313,Istanbul,04-09-2024,15-03-2025,Business,Car,2,4002.25,1
TRIP19618,USER5153,New York,25-02-2025,30-03-2025,Beach,Bus,4,2650.76,3
TRIP19619,USER9601,Bangkok,24-04-2024,15-11-2024,Adventure,Cruise,3,3936.72,2
TRIP19620,USER3603,Sydney,06-12-2024,08-04-2025,Adventure,Bus,2,4215.96,9
TRIP19621,USER3327,Sydney,26-01-2025,10-03-2025,Cultural,Car,1,3944.89,3
TRIP19622,USER9084,Barcelona,30-12-2024,26-01-2025,Family,Bus,2,4785.49,4
TRIP19623,USER5601,Bangkok,02-07-2024,15-10-2024,Beach,Bus,2,594.68,4
TRIP19624,USER2001,Paris,25-06-2024,12-07-2024,Leisure,Bus,4,750,6
TRIP19625,USER4323,Istanbul,16-03-2025,27-03-2025,Beach,Cruise,2,2757.47,9
TRIP19626,USER7592,Barcelona,09-03-2025,05-04-2025,Leisure,Flight,2,3613.11,8
TRIP19627,USER8351,Tokyo,18-02-2025,12-04-2025,Adventure,Car,3,4844.88,6
TRIP19628,USER3289,Istanbul,03-12-2024,13-03-2025,Leisure,Train,2,3420.13,5
TRIP19629,USER8683,New York,02-09-2024,08-04-2025,Business,Flight,2,2938.27,3
TRIP19630,USER5321,New York,31-10-2024,22-03-2025,Cultural,Cruise,1,2746.45,4
TRIP19631,USER4437,Istanbul,26-10-2024,12-11-2024,Cultural,Flight,2,1640.83,6
TRIP19632,USER2634,Istanbul,07-08-2024,18-10-2024,Business,Train,1,4192.54,4
TRIP19633,USER6326,Bangkok,05-03-2025,22-03-2025,Beach,Flight,3,4538.37,6
TRIP19634,USER4552,New York,26-12-2024,12-04-2025,Family,Cruise,1,2138.26,9
TRIP19635,USER9782,Dubai,14-09-2024,17-03-2025,Cultural,Cruise,2,2118.46,1
TRIP19636,USER7717,Rome,20-05-2024,17-01-2025,Business,Car,4,2015.29,10
TRIP19637,USER8383,Dubai,14-03-2025,28-03-2025,Cultural,Car,5,3197.68,1
TRIP19638,USER1820,London,20-10-2024,27-02-2025,Adventure,Car,5,2316.38,1
TRIP19639,USER1030,Tokyo,30-12-2024,08-04-2025,Cultural,Cruise,2,4609.81,7
TRIP19640,USER6892,Bangkok,07-04-2024,25-07-2024,Family,Car,1,2175.99,9
TRIP19641,USER3995,Rome,06-04-2024,30-06-2024,Cultural,Train,1,755.05,7
TRIP19642,USER2040,London,25-08-2024,25-08-2024,Business,Train,4,2805.46,7
TRIP19643,USER7357,Paris,24-01-2025,14-04-2025,Family,Car,1,1823.65,1
TRIP19644,USER4888,Sydney,30-08-2024,07-03-2025,Cultural,Train,1,1308.18,7
TRIP19645,USER2006,Tokyo,04-08-2024,21-12-2024,Adventure,Train,1,3415.54,1
TRIP19646,USER5933,Istanbul,27-09-2024,11-04-2025,Beach,Flight,3,1139.46,5
TRIP19647,USER2442,Barcelona,19-03-2024,29-09-2024,Leisure,Car,5,2314.97,9
TRIP19649,USER6471,Rome,21-11-2024,24-12-2024,Family,Train,1,1013.01,8
TRIP19650,USER8396,Rome,13-06-2024,27-09-2024,Leisure,Bus,4,2456.57,1
TRIP19651,USER4246,London,08-09-2024,13-03-2025,Cultural,Cruise,3,4520.45,9
TRIP19652,USER7288,Barcelona,02-05-2024,29-05-2024,Leisure,Car,5,3767.25,3
TRIP19653,USER1878,Istanbul,10-10-2024,11-02-2025,Adventure,Cruise,3,2218.63,2
TRIP19654,USER2097,Bangkok,17-11-2024,10-12-2024,Cultural,Bus,3,4475.27,4
TRIP19655,USER1968,Tokyo,04-02-2025,12-02-2025,Leisure,Bus,2,1087.74,7
TRIP19656,USER2670,Sydney,19-07-2024,28-08-2024,Leisure,Bus,3,2106.55,2
TRIP19657,USER1030,Bangkok,01-07-2024,09-02-2025,Family,Car,5,2682.92,4
TRIP19658,USER4847,Barcelona,09-03-2025,12-04-2025,Leisure,Bus,2,3319.07,7
TRIP19659,USER7211,Barcelona,08-05-2024,22-10-2024,Beach,Train,4,1287.67,3
TRIP19660,USER2572,New York,10-10-2024,21-11-2024,Family,Flight,4,3339.19,2
TRIP19661,USER2327,Tokyo,14-06-2024,07-12-2024,Beach,Bus,5,2937.94,5
TRIP19662,USER9120,Dubai,09-02-2025,04-04-2025,Adventure,Train,5,1375.96,6
TRIP19663,USER8325,Bangkok,10-09-2024,11-11-2024,Business,Car,2,744.31,8
TRIP19664,USER9119,Barcelona,02-03-2025,01-04-2025,Family,Train,1,2837.97,3
TRIP19665,USER8144,Paris,26-03-2024,28-10-2024,Family,Cruise,1,1498.14,2
TRIP19666,USER7618,Paris,03-11-2024,20-03-2025,Leisure,Bus,3,4042.93,1
TRIP19667,USER7389,New York,07-10-2024,30-11-2024,Business,Car,5,2357.29,3
TRIP19668,USER1931,Bangkok,12-12-2024,15-02-2025,Cultural,Car,4,3679.96,4
TRIP19669,USER7110,Sydney,27-11-2024,23-02-2025,Beach,Car,3,4433.11,6
TRIP19670,USER4341,Istanbul,01-04-2024,20-10-2024,Beach,Car,1,2689.01,1
TRIP19671,USER2150,Bangkok,28-10-2024,06-01-2025,Beach,Car,1,2013.65,2
TRIP19672,USER9340,Bangkok,03-03-2025,20-03-2025,Leisure,Cruise,3,825.07,6
TRIP19673,USER5184,Dubai,04-09-2024,06-10-2024,Family,Bus,2,3145.48,8
TRIP19674,USER4541,Bangkok,06-01-2025,25-01-2025,Family,Bus,5,1358.15,8
TRIP19675,USER8080,Sydney,18-11-2024,08-03-2025,Business,Bus,2,4487.29,7
TRIP19676,USER1936,London,17-06-2024,28-07-2024,Family,Car,1,4989.78,6
TRIP19677,USER8231,Sydney,07-07-2024,30-11-2024,Cultural,Cruise,3,2906.46,7
TRIP19678,USER3385,Sydney,20-03-2024,13-11-2024,Leisure,Bus,1,3186.61,4
TRIP19679,USER1897,Tokyo,24-10-2024,22-12-2024,Business,Cruise,5,2407.54,6
TRIP19680,USER8608,London,13-05-2024,24-09-2024,Adventure,Bus,4,1182.32,5
TRIP19681,USER5827,New York,07-03-2025,26-03-2025,Business,Flight,5,1728.79,2
TRIP19682,USER7797,Dubai,19-08-2024,16-02-2025,Business,Train,2,1890.98,10
TRIP19683,USER7118,Sydney,01-04-2024,14-05-2024,Beach,Car,5,1208.35,7
TRIP19684,USER8737,Barcelona,23-05-2024,12-06-2024,Leisure,Car,2,3479.99,8
TRIP19685,USER5765,Tokyo,18-10-2024,09-01-2025,Business,Train,1,1055.92,9
TRIP19686,USER7925,Tokyo,15-09-2024,05-04-2025,Cultural,Flight,4,3597.55,5
TRIP19687,USER4586,Sydney,02-02-2025,13-04-2025,Adventure,Bus,1,4727,7
TRIP19688,USER7084,London,16-04-2024,16-02-2025,Leisure,Car,1,900.63,7
TRIP19689,USER8466,Sydney,18-02-2025,30-03-2025,Adventure,Car,5,2878.51,2
TRIP19690,USER4831,Sydney,25-12-2024,22-01-2025,Business,Flight,3,2183.77,3
TRIP19691,USER4668,Dubai,14-01-2025,20-02-2025,Leisure,Bus,5,2751.23,2
TRIP19692,USER1269,Dubai,10-03-2025,17-03-2025,Adventure,Cruise,3,4106.21,3
TRIP19693,USER8767,Sydney,11-06-2024,13-04-2025,Beach,Bus,4,2487.59,1
TRIP19694,USER2395,Sydney,23-02-2025,12-03-2025,Cultural,Flight,1,1609.63,7
TRIP19695,USER3141,Paris,04-01-2025,04-04-2025,Beach,Bus,3,4566.1,10
TRIP19696,USER8593,Rome,21-12-2024,06-02-2025,Beach,Cruise,5,4468.12,3
TRIP19697,USER7626,Barcelona,04-08-2024,10-01-2025,Leisure,Car,3,1305.49,8
TRIP19698,USER3087,Rome,27-09-2024,15-04-2025,Leisure,Bus,3,4841.03,7
TRIP19699,USER6503,Dubai,12-01-2025,03-02-2025,Leisure,Cruise,5,1991.88,2
TRIP19700,USER5668,Barcelona,12-02-2025,24-02-2025,Adventure,Train,3,2084.99,3
TRIP19701,USER3408,Dubai,01-09-2024,20-12-2024,Adventure,Car,4,4393.1,7
TRIP19702,USER9811,London,12-02-2025,03-03-2025,Beach,Cruise,2,943.31,7
TRIP19703,USER2550,Istanbul,09-05-2024,09-02-2025,Adventure,Train,3,2085.95,5
TRIP19704,USER2089,Bangkok,31-05-2024,09-08-2024,Business,Bus,5,973.42,5
TRIP19705,USER9799,Bangkok,17-06-2024,02-11-2024,Family,Car,3,1684.37,6
TRIP19706,USER7160,Barcelona,21-08-2024,13-01-2025,Family,Cruise,3,3419.01,1
TRIP19707,USER3557,Tokyo,09-09-2024,24-12-2024,Leisure,Flight,4,589.15,2
TRIP19708,USER1272,Sydney,09-09-2024,15-11-2024,Beach,Train,4,3691.35,5
TRIP19709,USER8379,Barcelona,11-06-2024,21-08-2024,Beach,Car,1,511.7,5
TRIP19710,USER3193,Istanbul,12-01-2025,02-02-2025,Adventure,Car,5,1518.9,4
TRIP19711,USER1675,Tokyo,14-02-2025,29-03-2025,Adventure,Train,2,3700.22,4
TRIP19712,USER5791,Istanbul,23-08-2024,15-03-2025,Leisure,Bus,4,1697.34,1
TRIP19713,USER4621,London,24-11-2024,14-01-2025,Leisure,Train,4,3935.17,9
TRIP19714,USER5085,London,12-01-2025,21-01-2025,Business,Bus,2,750.23,9
TRIP19715,USER7107,Paris,23-03-2024,08-11-2024,Adventure,Cruise,2,2655.23,7
TRIP19716,USER4820,Paris,29-05-2024,21-10-2024,Business,Train,5,2421.73,4
TRIP19717,USER2598,New York,16-07-2024,17-07-2024,Family,Car,1,1473.92,2
TRIP19719,USER6581,Tokyo,26-08-2024,09-03-2025,Beach,Cruise,2,2890.28,1
TRIP19720,USER3189,New York,01-12-2024,12-02-2025,Family,Bus,2,846.45,3
TRIP19721,USER4751,London,14-01-2025,08-03-2025,Cultural,Train,3,4258.36,1
TRIP19722,USER3456,London,30-05-2024,29-07-2024,Beach,Flight,2,1220.62,4
TRIP19723,USER8797,Sydney,02-05-2024,12-12-2024,Business,Flight,5,4982.88,4
TRIP19724,USER3723,Paris,24-02-2025,27-02-2025,Adventure,Train,2,4711.81,9
TRIP19725,USER3563,Istanbul,18-05-2024,04-07-2024,Leisure,Flight,2,2728.5,8
TRIP19726,USER9691,Rome,24-09-2024,15-12-2024,Cultural,Train,3,4752.85,7
TRIP19727,USER8978,Sydney,25-08-2024,23-03-2025,Cultural,Train,3,1709.65,1
TRIP19728,USER5393,Dubai,04-10-2024,29-10-2024,Cultural,Train,5,4126.34,2
TRIP19729,USER2523,Dubai,02-04-2024,23-04-2024,Leisure,Train,1,3148.43,2
TRIP19730,USER6821,Barcelona,14-11-2024,01-04-2025,Beach,Bus,3,2684.81,1
TRIP19732,USER3359,Bangkok,17-05-2024,15-02-2025,Leisure,Cruise,3,1990.43,2
TRIP19733,USER3886,Bangkok,25-08-2024,02-09-2024,Business,Flight,5,4514.37,3
TRIP19734,USER6050,London,14-10-2024,23-12-2024,Business,Bus,3,2105.4,5
TRIP19735,USER4974,Istanbul,02-09-2024,30-03-2025,Beach,Flight,4,3405.6,8
TRIP19736,USER2436,Bangkok,18-11-2024,22-02-2025,Beach,Bus,4,2352.05,10
TRIP19737,USER5478,Istanbul,14-04-2024,06-05-2024,Leisure,Car,4,1032.46,1
TRIP19738,USER9553,Rome,02-10-2024,08-03-2025,Leisure,Car,2,1931.63,9
TRIP19739,USER8722,Tokyo,15-03-2025,18-03-2025,Beach,Flight,3,2033.48,2
TRIP19740,USER1550,Paris,27-09-2024,27-12-2024,Family,Cruise,5,2039.14,7
TRIP19741,USER9702,Barcelona,15-06-2024,16-09-2024,Leisure,Car,3,2347.8,10
TRIP19742,USER6310,Paris,28-10-2024,09-03-2025,Beach,Bus,1,4065.59,10
TRIP19743,USER6945,Istanbul,02-08-2024,12-03-2025,Leisure,Cruise,5,2448.7,9
TRIP19744,USER1842,Tokyo,24-02-2025,26-02-2025,Beach,Car,2,2859.52,8
TRIP19745,USER4201,Paris,10-06-2024,08-07-2024,Business,Train,3,3652.78,7
TRIP19746,USER7869,Bangkok,18-01-2025,24-03-2025,Family,Car,2,4076.59,6
TRIP19747,USER3795,Bangkok,04-08-2024,08-10-2024,Family,Bus,5,1931.97,7
TRIP19748,USER7985,Sydney,02-12-2024,08-03-2025,Beach,Cruise,2,3069.53,6
TRIP19749,USER7956,Dubai,24-11-2024,23-03-2025,Adventure,Train,3,861.79,4
TRIP19750,USER5514,London,01-03-2025,27-03-2025,Adventure,Cruise,2,3299.24,2
TRIP19751,USER5171,Bangkok,19-08-2024,19-10-2024,Beach,Cruise,3,4774.8,10
TRIP19752,USER8492,Rome,01-10-2024,24-03-2025,Leisure,Bus,4,3574.53,3
TRIP19753,USER5786,Istanbul,31-01-2025,03-02-2025,Cultural,Car,4,2647.26,5
TRIP19754,USER1076,Barcelona,26-02-2025,03-03-2025,Business,Bus,1,4619.39,10
TRIP19755,USER3724,Dubai,18-02-2025,12-04-2025,Cultural,Train,4,2281.92,9
TRIP19756,USER1982,Bangkok,27-04-2024,21-02-2025,Adventure,Bus,2,657.16,1
TRIP19757,USER7496,Istanbul,14-03-2025,23-03-2025,Beach,Car,2,2929.93,6
TRIP19758,USER5188,Rome,18-07-2024,26-12-2024,Adventure,Train,4,2013.57,6
TRIP19759,USER6802,Tokyo,11-03-2025,14-04-2025,Leisure,Car,1,1368.41,6
TRIP19760,USER3756,Bangkok,05-08-2024,20-03-2025,Family,Train,1,2197.36,1
TRIP19761,USER2319,Sydney,09-07-2024,27-08-2024,Family,Car,5,3230.35,7
TRIP19762,USER1669,Dubai,13-02-2025,15-02-2025,Beach,Flight,5,2607.89,5
TRIP19763,USER6921,Tokyo,12-01-2025,02-03-2025,Family,Car,4,4309.28,9
TRIP19764,USER7034,Istanbul,13-11-2024,09-04-2025,Cultural,Train,5,4929.25,3
TRIP19765,USER6801,Rome,23-04-2024,15-07-2024,Cultural,Flight,1,2592.32,2
TRIP19766,USER1149,Bangkok,15-01-2025,28-01-2025,Leisure,Flight,5,834.84,5
TRIP19767,USER8276,Bangkok,17-04-2024,26-11-2024,Family,Car,1,1881.98,1
TRIP19768,USER3640,Paris,17-01-2025,02-03-2025,Business,Train,3,2430.78,2
TRIP19769,USER3803,Bangkok,21-07-2024,27-11-2024,Adventure,Flight,2,2433.84,9
TRIP19770,USER3648,Barcelona,10-02-2025,19-02-2025,Business,Car,2,1375.43,3
TRIP19771,USER9114,Rome,09-01-2025,23-03-2025,Beach,Cruise,4,1904.91,3
TRIP19773,USER2227,London,14-01-2025,17-03-2025,Business,Flight,3,2044.88,7
TRIP19774,USER6307,Sydney,02-04-2024,14-07-2024,Adventure,Train,2,3607.02,1
TRIP19775,USER9485,Barcelona,12-09-2024,19-01-2025,Adventure,Cruise,4,796.91,7
TRIP19776,USER8559,Istanbul,23-11-2024,12-03-2025,Leisure,Cruise,2,1155.37,4
TRIP19777,USER4578,Tokyo,17-04-2024,14-07-2024,Leisure,Flight,2,4882.47,7
TRIP19778,USER3179,Dubai,02-09-2024,15-12-2024,Leisure,Flight,2,2016.32,9
TRIP19779,USER3126,Paris,19-02-2025,10-04-2025,Business,Flight,5,2008.03,2
TRIP19780,USER9298,Istanbul,08-09-2024,29-10-2024,Cultural,Train,1,620.84,8
TRIP19781,USER9513,Rome,06-09-2024,31-03-2025,Family,Bus,4,2381.64,10
TRIP19782,USER8102,London,22-03-2024,06-07-2024,Business,Car,2,2321.32,7
TRIP19783,USER5171,Istanbul,16-07-2024,22-03-2025,Cultural,Bus,4,1208.86,10
TRIP19784,USER8451,Bangkok,11-10-2024,12-01-2025,Leisure,Cruise,5,2418.93,4
TRIP19785,USER8950,London,16-10-2024,02-03-2025,Family,Train,4,2131.92,10
TRIP19786,USER3824,Rome,19-01-2025,18-02-2025,Family,Bus,4,2205.03,10
TRIP19787,USER6722,Istanbul,07-05-2024,28-08-2024,Leisure,Car,3,1364.21,5
TRIP19788,USER4521,Istanbul,18-11-2024,04-03-2025,Leisure,Bus,4,1408.03,8
TRIP19789,USER4284,Tokyo,24-03-2024,01-08-2024,Cultural,Flight,1,4045.15,9
TRIP19790,USER2409,New York,19-02-2025,22-02-2025,Adventure,Car,5,3819.69,9
TRIP19791,USER6902,New York,04-06-2024,25-10-2024,Family,Train,4,4835,10
TRIP19792,USER7631,Dubai,24-06-2024,13-02-2025,Cultural,Cruise,2,1548.02,3
TRIP19793,USER2347,Rome,02-12-2024,30-12-2024,Leisure,Bus,3,779.51,4
TRIP19794,USER9628,New York,09-06-2024,15-01-2025,Leisure,Train,2,4220.98,2
TRIP19795,USER9666,London,21-03-2024,28-09-2024,Leisure,Cruise,1,1618.05,1
TRIP19796,USER3618,New York,11-04-2024,27-03-2025,Business,Bus,2,3190.42,6
TRIP19797,USER6426,Dubai,19-01-2025,01-02-2025,Beach,Car,1,3281.69,7
TRIP19798,USER7646,Barcelona,19-04-2024,10-12-2024,Cultural,Flight,3,3514.58,10
TRIP19799,USER1303,Sydney,19-12-2024,13-01-2025,Cultural,Cruise,2,1064.86,4
TRIP19800,USER8315,Dubai,09-08-2024,01-11-2024,Adventure,Train,3,2950.48,9
TRIP19801,USER7856,Bangkok,09-01-2025,02-04-2025,Adventure,Train,1,3384.61,10
TRIP19802,USER1184,Paris,16-09-2024,22-03-2025,Cultural,Car,4,1162.21,5
TRIP19803,USER7834,Istanbul,19-07-2024,12-09-2024,Business,Cruise,1,3318.96,3
TRIP19804,USER4778,London,13-09-2024,01-01-2025,Business,Cruise,4,4637.14,9
TRIP19805,USER8043,London,04-05-2024,31-01-2025,Business,Bus,5,1035.41,5
TRIP19806,USER9449,Barcelona,01-02-2025,05-04-2025,Cultural,Car,1,2908.82,9
TRIP19807,USER2184,Sydney,18-09-2024,01-10-2024,Business,Car,5,4962.21,6
TRIP19808,USER9878,Rome,15-04-2024,31-01-2025,Cultural,Cruise,3,4812.93,3
TRIP19809,USER8775,Tokyo,26-07-2024,21-11-2024,Cultural,Bus,5,2804.53,8
TRIP19810,USER5093,Sydney,18-11-2024,29-12-2024,Leisure,Bus,3,1687.99,7
TRIP19811,USER2942,Dubai,10-03-2025,05-04-2025,Cultural,Car,3,1796.31,9
TRIP19812,USER3924,Barcelona,23-05-2024,28-12-2024,Cultural,Flight,4,1390.03,7
TRIP19813,USER7525,London,08-07-2024,01-09-2024,Adventure,Train,5,2011.64,4
TRIP19814,USER5550,Tokyo,18-06-2024,17-01-2025,Family,Train,3,729,6
TRIP19815,USER7476,Sydney,30-04-2024,13-09-2024,Business,Train,2,2790.04,5
TRIP19816,USER2239,Bangkok,12-03-2025,15-04-2025,Business,Flight,1,4837.43,5
TRIP19817,USER7886,Tokyo,05-08-2024,09-08-2024,Beach,Bus,3,2209.41,7
TRIP19818,USER7445,Paris,30-09-2024,21-10-2024,Adventure,Cruise,5,3153.45,7
TRIP19819,USER3789,Bangkok,24-06-2024,02-12-2024,Family,Train,5,2599.87,8
TRIP19820,USER4880,New York,24-11-2024,08-04-2025,Leisure,Cruise,3,4575.94,9
TRIP19821,USER9205,Dubai,31-05-2024,06-11-2024,Business,Car,2,3573.85,3
TRIP19822,USER2693,Rome,24-12-2024,09-02-2025,Beach,Train,1,3659.01,2
TRIP19823,USER6093,Tokyo,14-09-2024,11-02-2025,Cultural,Flight,3,864.26,4
TRIP19824,USER6056,Tokyo,19-01-2025,09-02-2025,Adventure,Car,1,1059.32,8
TRIP19825,USER5965,Sydney,16-01-2025,18-03-2025,Beach,Cruise,1,4821.92,7
TRIP19826,USER9984,Paris,05-11-2024,19-03-2025,Family,Flight,1,3929.71,4
TRIP19827,USER1663,Paris,24-01-2025,08-03-2025,Beach,Cruise,5,1752.65,7
TRIP19828,USER5511,London,31-01-2025,25-03-2025,Beach,Flight,5,1125.75,10
TRIP19829,USER5984,Sydney,27-10-2024,11-11-2024,Family,Car,4,3404.18,5
TRIP19830,USER4682,Sydney,17-02-2025,17-03-2025,Adventure,Train,5,1006.22,7
TRIP19831,USER5841,Barcelona,02-04-2024,01-01-2025,Cultural,Flight,1,1117.08,4
TRIP19832,USER4070,Rome,30-09-2024,19-12-2024,Leisure,Cruise,5,3267.1,8
TRIP19833,USER6358,Istanbul,17-05-2024,22-11-2024,Business,Cruise,4,3281.8,8
TRIP19834,USER3454,Rome,10-05-2024,13-07-2024,Adventure,Train,5,4072.61,3
TRIP19835,USER1720,Paris,05-10-2024,22-02-2025,Cultural,Flight,4,737.93,3
TRIP19836,USER2805,Barcelona,22-12-2024,31-01-2025,Family,Train,4,4342.24,6
TRIP19837,USER9259,London,08-01-2025,22-02-2025,Cultural,Train,5,1319.52,9
TRIP19838,USER5520,Sydney,12-11-2024,16-12-2024,Business,Train,3,2227.7,1
TRIP19839,USER5276,Bangkok,18-04-2024,17-08-2024,Beach,Car,2,1477.91,3
TRIP19840,USER2755,New York,20-07-2024,16-12-2024,Cultural,Bus,3,2570.62,1
TRIP19841,USER7182,London,28-07-2024,18-01-2025,Business,Bus,2,624.5,5
TRIP19842,USER6153,Barcelona,20-07-2024,26-03-2025,Adventure,Train,4,1876.19,5
TRIP19843,USER6291,Istanbul,12-09-2024,21-02-2025,Leisure,Train,3,2176.9,10
TRIP19844,USER8338,Istanbul,14-03-2025,09-04-2025,Business,Car,4,2348.77,3
TRIP19845,USER9189,London,06-10-2024,06-10-2024,Business,Cruise,5,2621.39,8
TRIP19846,USER5382,Dubai,03-07-2024,05-09-2024,Cultural,Car,3,4026.77,5
TRIP19847,USER4540,Dubai,20-10-2024,05-12-2024,Cultural,Train,4,2636.35,1
TRIP19848,USER6309,Istanbul,08-01-2025,23-01-2025,Family,Flight,1,4101.22,6
TRIP19849,USER8901,Paris,17-10-2024,06-03-2025,Adventure,Car,5,4912.77,10
TRIP19850,USER3797,Rome,27-06-2024,20-11-2024,Business,Car,2,2673.89,8
TRIP19851,USER7073,London,19-10-2024,25-01-2025,Business,Car,3,3431.7,7
TRIP19852,USER2829,Sydney,15-04-2024,22-08-2024,Business,Train,1,1883.26,6
TRIP19853,USER7133,Istanbul,26-07-2024,27-10-2024,Adventure,Train,4,1220.75,10
TRIP19854,USER4329,Paris,12-08-2024,09-12-2024,Beach,Flight,2,509.12,9
TRIP19855,USER9896,Barcelona,30-10-2024,19-01-2025,Family,Bus,1,561.58,8
TRIP19856,USER6400,Sydney,20-04-2024,24-10-2024,Leisure,Flight,3,729.96,2
TRIP19857,USER7058,Barcelona,18-02-2025,19-02-2025,Adventure,Train,1,929.86,1
TRIP19858,USER8068,Dubai,06-03-2025,09-04-2025,Cultural,Bus,4,3938.13,6
TRIP19859,USER6968,Tokyo,11-03-2025,18-03-2025,Business,Car,5,1186.76,5
TRIP19860,USER3373,Dubai,25-07-2024,24-03-2025,Adventure,Bus,5,3377.97,5
TRIP19861,USER7662,London,29-07-2024,27-08-2024,Cultural,Car,3,1683.55,4
TRIP19862,USER1991,Rome,10-03-2025,18-03-2025,Adventure,Flight,3,3219.16,4
TRIP19863,USER2223,Sydney,31-07-2024,02-04-2025,Beach,Train,1,3380,3
TRIP19864,USER2451,Rome,04-06-2024,10-12-2024,Leisure,Car,3,3143.15,7
TRIP19865,USER9012,Barcelona,28-06-2024,18-12-2024,Leisure,Bus,1,4389.27,10
TRIP19866,USER3001,Bangkok,25-02-2025,14-04-2025,Cultural,Cruise,4,3113.45,10
TRIP19867,USER3955,New York,25-05-2024,14-09-2024,Leisure,Bus,3,3446.8,10
TRIP19868,USER9268,Dubai,03-03-2025,13-04-2025,Business,Train,4,2062.84,10
TRIP19869,USER2753,Paris,06-10-2024,15-02-2025,Adventure,Car,2,3644.46,2
TRIP19870,USER8509,Paris,28-11-2024,06-02-2025,Cultural,Train,1,2828.54,9
TRIP19871,USER9124,New York,16-11-2024,03-03-2025,Business,Train,2,1491.38,9
TRIP19872,USER9550,Paris,19-11-2024,06-12-2024,Leisure,Car,2,4398.32,9
TRIP19873,USER3048,Dubai,16-09-2024,02-03-2025,Adventure,Bus,5,3275.22,10
TRIP19874,USER8938,London,09-06-2024,10-08-2024,Cultural,Flight,2,3586.44,9
TRIP19875,USER7389,Tokyo,29-05-2024,09-02-2025,Adventure,Cruise,5,2962.4,3
TRIP19876,USER1305,New York,22-09-2024,28-12-2024,Leisure,Cruise,5,2631.72,9
TRIP19877,USER5116,Tokyo,19-09-2024,01-11-2024,Leisure,Train,4,3485.74,3
TRIP19878,USER2992,Sydney,06-06-2024,02-11-2024,Family,Car,1,1430.71,8
TRIP19879,USER4978,Rome,20-01-2025,27-01-2025,Cultural,Car,4,2328.14,2
TRIP19880,USER9183,Dubai,19-11-2024,24-11-2024,Cultural,Cruise,5,3170.95,5
TRIP19881,USER5425,Istanbul,03-11-2024,26-12-2024,Cultural,Bus,4,4429.68,4
TRIP19882,USER4906,Tokyo,27-06-2024,19-09-2024,Adventure,Train,4,4890.45,4
TRIP19883,USER1913,Rome,21-07-2024,14-04-2025,Cultural,Bus,1,4759.32,1
TRIP19884,USER7113,Dubai,18-09-2024,24-03-2025,Leisure,Car,3,1456.7,10
TRIP19885,USER4563,New York,02-03-2025,02-04-2025,Beach,Cruise,2,2016.06,7
TRIP19886,USER2597,Istanbul,31-12-2024,07-01-2025,Adventure,Cruise,2,739.23,7
TRIP19887,USER5731,Tokyo,30-12-2024,06-02-2025,Business,Flight,2,4283.82,3
TRIP19888,USER1086,Barcelona,07-05-2024,18-07-2024,Family,Cruise,1,1392.24,9
TRIP19889,USER7316,Bangkok,10-07-2024,12-02-2025,Beach,Cruise,5,4264.13,10
TRIP19890,USER4219,Sydney,05-12-2024,23-02-2025,Leisure,Bus,5,1621.25,6
TRIP19891,USER4284,New York,28-08-2024,23-03-2025,Adventure,Flight,1,4112.24,2
TRIP19892,USER9909,Barcelona,29-06-2024,01-03-2025,Cultural,Cruise,4,1793.73,1
TRIP19893,USER6908,New York,06-09-2024,13-10-2024,Leisure,Cruise,1,3788.19,6
TRIP19894,USER6896,New York,24-02-2025,06-03-2025,Beach,Flight,4,3239.65,7
TRIP19895,USER3210,Barcelona,10-02-2025,16-02-2025,Family,Bus,1,890.25,3
TRIP19896,USER2094,Sydney,10-03-2025,16-03-2025,Cultural,Flight,3,1332.85,5
TRIP19897,USER7695,Sydney,07-03-2025,22-03-2025,Family,Car,1,1456.38,5
TRIP19898,USER3393,London,17-08-2024,26-09-2024,Business,Bus,5,1487.24,1
TRIP19899,USER4703,London,25-03-2024,21-07-2024,Leisure,Flight,2,2049.26,1
TRIP19900,USER3587,Sydney,14-11-2024,07-02-2025,Family,Train,2,2710.65,1
TRIP19901,USER7823,Paris,31-03-2024,13-11-2024,Cultural,Car,4,2254.45,4
TRIP19902,USER9992,Istanbul,17-04-2024,02-11-2024,Business,Cruise,4,3768.55,2
TRIP19903,USER7746,Istanbul,25-02-2025,07-04-2025,Family,Cruise,3,3004.54,10
TRIP19904,USER6126,London,17-10-2024,10-04-2025,Adventure,Train,1,3182.31,9
TRIP19905,USER2719,Tokyo,16-07-2024,19-01-2025,Leisure,Train,2,3183.66,4
TRIP19906,USER4112,Paris,24-09-2024,06-11-2024,Adventure,Flight,3,1418.93,4
TRIP19907,USER1027,Bangkok,13-01-2025,09-04-2025,Cultural,Bus,3,3810.35,4
TRIP19908,USER4318,Sydney,13-10-2024,10-01-2025,Family,Bus,1,3559.79,7
TRIP19909,USER5546,Rome,30-06-2024,07-09-2024,Beach,Flight,5,2351.53,4
TRIP19910,USER7273,London,24-09-2024,14-12-2024,Beach,Cruise,3,1704.74,10
TRIP19911,USER9403,Bangkok,25-07-2024,18-09-2024,Business,Train,5,4494.43,8
TRIP19912,USER9328,Istanbul,30-07-2024,27-09-2024,Beach,Car,2,1089.89,6
TRIP19913,USER2893,Tokyo,09-07-2024,04-11-2024,Beach,Car,4,2831.97,3
TRIP19914,USER2212,Rome,13-12-2024,13-03-2025,Beach,Car,2,589.5,10
TRIP19915,USER7199,Sydney,20-09-2024,02-01-2025,Adventure,Flight,1,1575.35,9
TRIP19916,USER5836,Tokyo,16-07-2024,28-10-2024,Cultural,Flight,2,2422.52,3
TRIP19917,USER1250,Dubai,26-09-2024,21-03-2025,Leisure,Train,4,722.15,6
TRIP19918,USER3748,Bangkok,03-09-2024,03-11-2024,Beach,Bus,1,1350.47,10
TRIP19919,USER4697,Rome,23-01-2025,21-02-2025,Cultural,Car,3,2020.11,9
TRIP19920,USER9596,Paris,12-02-2025,25-03-2025,Family,Train,1,2259.7,3
TRIP19921,USER6774,London,15-06-2024,23-10-2024,Cultural,Car,4,3843.28,8
TRIP19922,USER2573,Tokyo,08-01-2025,14-02-2025,Business,Flight,2,2672.42,8
TRIP19923,USER9371,London,11-11-2024,28-11-2024,Business,Train,5,3287.48,9
TRIP19924,USER5599,Tokyo,10-05-2024,08-02-2025,Adventure,Car,5,3590.35,3
TRIP19925,USER8820,Bangkok,06-05-2024,21-05-2024,Family,Train,2,2936.15,4
TRIP19926,USER8836,Paris,30-09-2024,03-01-2025,Adventure,Bus,1,1091.64,3
TRIP19927,USER5818,Istanbul,19-03-2024,12-01-2025,Leisure,Car,1,3898.75,1
TRIP19928,USER8800,London,03-12-2024,22-12-2024,Adventure,Flight,1,3091.75,10
TRIP19929,USER2295,London,17-10-2024,25-02-2025,Cultural,Flight,3,1822.77,10
TRIP19930,USER3762,Tokyo,17-02-2025,18-03-2025,Adventure,Cruise,1,4977.06,1
TRIP19931,USER7339,New York,10-01-2025,15-02-2025,Adventure,Car,4,1023.92,3
TRIP19932,USER6210,Paris,13-12-2024,20-01-2025,Leisure,Cruise,3,4283.56,1
TRIP19933,USER2144,London,01-03-2025,01-03-2025,Family,Car,1,4555.05,9
TRIP19934,USER7601,New York,20-06-2024,16-03-2025,Family,Car,5,4707.74,8
TRIP19935,USER2453,Rome,05-07-2024,14-01-2025,Adventure,Bus,1,3879.87,3
TRIP19936,USER1188,New York,08-03-2025,27-03-2025,Family,Bus,5,3837.77,10
TRIP19937,USER5700,Barcelona,09-11-2024,28-03-2025,Cultural,Train,5,3530.49,9
TRIP19938,USER4491,Istanbul,16-12-2024,10-02-2025,Business,Train,1,4125.25,9
TRIP19939,USER8236,Rome,27-06-2024,18-01-2025,Adventure,Bus,1,1435.52,3
TRIP19940,USER6974,Barcelona,24-10-2024,14-01-2025,Family,Cruise,1,3865.31,10
TRIP19941,USER5362,Barcelona,15-12-2024,12-02-2025,Family,Cruise,4,1178.26,2
TRIP19942,USER9843,Paris,10-08-2024,08-10-2024,Business,Cruise,3,1133.66,2
TRIP19943,USER2865,New York,09-01-2025,04-04-2025,Leisure,Car,5,3159.45,2
TRIP19944,USER7452,London,11-12-2024,21-12-2024,Cultural,Flight,2,1548.36,10
TRIP19945,USER6449,Barcelona,04-03-2025,19-03-2025,Business,Cruise,1,1344.52,2
TRIP19946,USER9063,Barcelona,02-11-2024,01-02-2025,Cultural,Train,3,3096.9,3
TRIP19947,USER7550,Bangkok,15-07-2024,21-07-2024,Family,Bus,4,4778.36,8
TRIP19948,USER9174,Sydney,22-07-2024,01-03-2025,Cultural,Car,4,2824.07,5
TRIP19949,USER6278,Sydney,29-11-2024,14-01-2025,Adventure,Cruise,4,2933.81,10
TRIP19950,USER1874,Sydney,17-12-2024,02-01-2025,Beach,Flight,5,2285.13,2
TRIP19951,USER4945,Dubai,19-04-2024,24-02-2025,Business,Bus,1,4521.67,4
TRIP19952,USER6502,Barcelona,26-06-2024,14-11-2024,Leisure,Flight,3,4006.23,6
TRIP19953,USER5538,Istanbul,20-05-2024,21-11-2024,Cultural,Car,1,2586.27,5
TRIP19954,USER6995,Tokyo,19-04-2024,16-06-2024,Family,Flight,2,2056.11,5
TRIP19955,USER8909,Sydney,20-11-2024,26-01-2025,Leisure,Cruise,3,3215.19,7
TRIP19956,USER8347,Bangkok,10-08-2024,05-09-2024,Beach,Flight,5,3417.09,5
TRIP19957,USER5203,Rome,17-06-2024,15-03-2025,Family,Flight,1,1663.78,4
TRIP19958,USER6314,Sydney,30-12-2024,18-01-2025,Cultural,Car,1,1371.63,1
TRIP19959,USER5921,Dubai,29-10-2024,13-11-2024,Beach,Cruise,3,2670.07,7
TRIP19960,USER5448,Rome,08-07-2024,22-10-2024,Cultural,Flight,2,3007.02,8
TRIP19961,USER2458,Paris,13-01-2025,23-01-2025,Leisure,Flight,5,2238.44,4
TRIP19962,USER4241,Bangkok,06-10-2024,04-01-2025,Cultural,Cruise,4,4713.18,1
TRIP19963,USER1220,Sydney,27-11-2024,13-12-2024,Family,Flight,2,762.47,10
TRIP19964,USER1247,New York,05-04-2024,09-11-2024,Leisure,Bus,1,3158.63,5
TRIP19965,USER2699,Tokyo,23-09-2024,04-03-2025,Business,Cruise,1,4345.02,8
TRIP19966,USER2883,Dubai,31-05-2024,09-03-2025,Cultural,Flight,3,4845.05,10
TRIP19967,USER8149,Dubai,23-08-2024,16-02-2025,Beach,Train,1,1038.43,5
TRIP19968,USER7652,London,14-03-2025,13-04-2025,Adventure,Flight,3,1234.01,2
TRIP19969,USER5742,Sydney,17-05-2024,17-02-2025,Adventure,Cruise,5,4649.32,5
TRIP19970,USER8386,London,04-10-2024,07-12-2024,Leisure,Bus,1,2267.67,9
TRIP19971,USER1692,London,11-09-2024,17-09-2024,Adventure,Car,1,4077.52,7
TRIP19972,USER5857,Bangkok,14-05-2024,27-12-2024,Cultural,Bus,4,3599.76,3
TRIP19973,USER7937,Bangkok,03-09-2024,25-02-2025,Leisure,Flight,1,3705.55,1
TRIP19974,USER3351,Tokyo,03-02-2025,15-04-2025,Family,Bus,1,3337.47,4
TRIP19975,USER6194,Barcelona,23-11-2024,24-01-2025,Beach,Train,3,3044.36,5
TRIP19976,USER3145,Barcelona,20-09-2024,11-10-2024,Adventure,Train,2,1656.02,7
TRIP19977,USER3958,New York,31-10-2024,31-12-2024,Beach,Cruise,1,4830.37,6
TRIP19978,USER1631,New York,30-10-2024,26-02-2025,Adventure,Bus,4,1881.24,9
TRIP19979,USER9426,New York,24-12-2024,08-01-2025,Family,Car,1,2542.03,8
TRIP19980,USER9125,Tokyo,25-02-2025,14-03-2025,Adventure,Bus,3,3447.11,9
TRIP19981,USER2925,Paris,18-12-2024,20-02-2025,Business,Bus,3,2247.51,8
TRIP19982,USER1213,Istanbul,20-11-2024,30-12-2024,Adventure,Bus,5,4051.27,7
TRIP19983,USER6177,London,25-12-2024,06-03-2025,Beach,Bus,3,1148.17,4
TRIP19984,USER6144,Tokyo,26-10-2024,23-01-2025,Family,Cruise,2,2676.4,1
TRIP19985,USER2867,Rome,20-11-2024,02-04-2025,Business,Bus,3,894.69,7
TRIP19986,USER6476,Dubai,30-01-2025,24-02-2025,Leisure,Train,3,842.85,8
TRIP19987,USER1803,Paris,17-04-2024,29-10-2024,Adventure,Car,3,1708.87,2
TRIP19988,USER9925,Paris,01-11-2024,21-11-2024,Adventure,Car,5,3022.14,2
TRIP19989,USER9536,Barcelona,22-03-2024,18-05-2024,Adventure,Bus,5,569.38,10
TRIP19990,USER6356,London,25-02-2025,03-04-2025,Business,Train,4,1053.8,2
TRIP19991,USER2999,Rome,03-05-2024,13-11-2024,Cultural,Cruise,5,3237.3,8
TRIP19992,USER4842,Paris,19-03-2024,03-12-2024,Leisure,Cruise,5,2383.69,7
TRIP19993,USER6076,Rome,25-06-2024,05-01-2025,Business,Car,4,3488.24,7
TRIP19994,USER4226,London,14-08-2024,05-04-2025,Leisure,Car,5,4365.62,2
TRIP19995,USER7798,New York,13-07-2024,18-02-2025,Leisure,Cruise,4,1834.2,5
TRIP19996,USER4173,Istanbul,26-04-2024,04-06-2024,Leisure,Bus,5,1954.61,1
TRIP19997,USER2394,Barcelona,13-09-2024,25-09-2024,Leisure,Bus,4,3868.49,8
TRIP19998,USER6638,Bangkok,23-12-2024,26-12-2024,Cultural,Car,4,2255.53,2
TRIP19999,USER8763,New York,30-01-2025,05-04-2025,Leisure,Cruise,4,4630.54,10
TRIP20000,USER3844,Sydney,23-12-2024,04-01-2025,Leisure,Cruise,5,4093.76,6
